TrackNumber,Time(seconds),Latitude,Longitude,SOG,Oceanic Depth,Chlorophyll Concentration,Salinity,Water Surface Elevation,Sea Temperature,Thermocline Depth,Eastward Water Velocity,Northward Water Velocity
123778,0,17.701392,-23.872795,0.5,-884,0.0502,37.1,-0.01,24.,119.5,-0.23,-0.25
123778,720,17.699408,-23.872487,0.8,-884,0.050300000000000004,37.1,-0.01,24.,119.5,-0.23,-0.25
123778,828,17.699062,-23.872477,0.7,-884,0.050300000000000004,37.1,-0.01,24.,119.5,-0.23,-0.25
123778,959,17.698622,-23.872438,0.9,-884,0.050300000000000004,37.1,-0.01,24.,119.5,-0.23,-0.25
123778,961,17.698622,-23.872438,0.9,-884,0.050300000000000004,37.1,-0.01,24.,119.5,-0.23,-0.25
123778,1019,17.698408,-23.87241,0.7,-884,0.050300000000000004,37.1,-0.01,24.,119.5,-0.23,-0.25
123778,1020,17.698408,-23.87241,0.7,-884,0.050300000000000004,37.1,-0.01,24.,119.5,-0.23,-0.25
123778,1079,17.698192,-23.872377,0.7,-884,0.050300000000000004,37.1,-0.01,24.,119.5,-0.23,-0.25
123778,1080,17.698192,-23.872377,0.7,-884,0.050300000000000004,37.1,-0.01,24.,119.5,-0.23,-0.25
123778,1139,17.697983,-23.872345,0.8,-884,0.0504,37.1,-0.01,24.,119.5,-0.23,-0.25
123778,1140,17.697983,-23.872345,0.8,-884,0.0504,37.1,-0.01,24.,119.5,-0.23,-0.25
123778,1940,17.695308,-23.872203,0.7,-884,0.0505,37.1,-0.01,24.,119.5,-0.23,-0.25
123778,3549,17.689898,-23.872322,0.8,-884,0.0507,37.1,-0.01,24.,119.60000000000001,-0.23,-0.25
123778,4839,17.68499,-23.873658,0.8,-883,0.050800000000000005,37.1,-0.01,24.,119.7,-0.23,-0.25
123778,5620,17.681922,-23.874727,0.9,-883,0.0509,37.1,-0.01,24.,119.7,-0.23,-0.25
123778,8471,17.641755,-23.887628,0.9,-879,0.050800000000000005,37.1,-0.01,24.,119.4,-0.23,-0.25
123778,9797,17.66141,-23.887967,6.3,-881,0.0504,37.1,-0.01,24.,119.7,-0.23,-0.25
123778,11361,17.69537,-23.873838,1.,-884,0.0504,37.1,-0.01,24.,120.2,-0.23,-0.25
123778,12310,17.712847,-23.863387,6.,-884,0.0512,37.1,-0.01,24.,120.5,-0.23,-0.26
123778,13385,17.72965,-23.85146,2.,-884,0.050800000000000005,37.1,0.,24.,120.80000000000001,-0.23,-0.26
123778,14446,17.742975,-23.839515,2.3,-884,0.0502,37.1,0.,24.,121.2,-0.23,-0.26
123778,15489,17.758075,-23.826755,0.9,-891,0.0516,37.1,0.,24.,122.80000000000001,-0.23,-0.27
123778,16433,17.777927,-23.812533,6.6,-891,0.051300000000000005,37.1,0.,24.,123.30000000000001,-0.23,-0.27
123778,17430,17.789475,-23.804535,0.5,-891,0.0512,37.1,0.01,24.,123.30000000000001,-0.23,-0.27
123778,18388,17.804437,-23.79599,6.5,-891,0.0514,37.1,0.01,24.,123.,-0.23,-0.28
123778,21440,17.866077,-23.780477,6.8,-896,0.0511,37.1,0.01,24.,115.9,-0.24,-0.28
123778,24300,17.923135,-23.803438,1.8,-904,0.052000000000000005,37.1,0.01,24.,107.80000000000001,-0.25,-0.29
123778,26674,17.970293,-23.816073,6.2,-906,0.0521,37.1,0.01,24.1,103.5,-0.26,-0.29
123778,28270,17.991525,-23.809913,4.9,-906,0.051800000000000006,37.1,0.01,24.1,100.5,-0.26,-0.29
123778,31460,18.047715,-23.783347,5.9,-910,0.0507,37.1,0.02,24.1,99.7,-0.26,-0.31
123778,33857,18.091608,-23.764702,6.2,-914,0.0509,37.1,0.02,24.1,100.4,-0.25,-0.31
123778,33964,18.093712,-23.764507,3.,-914,0.0509,37.1,0.02,24.1,100.5,-0.25,-0.31
123778,33965,18.093712,-23.764507,3.,-914,0.0509,37.1,0.02,24.1,100.5,-0.25,-0.31
123778,33977,18.093523,-23.764585,2.4,-914,0.0509,37.1,0.02,24.1,100.4,-0.25,-0.31
123778,33978,18.093523,-23.764585,2.4,-914,0.0509,37.1,0.02,24.1,100.4,-0.25,-0.31
123778,33984,18.093428,-23.764553,2.3,-914,0.0509,37.1,0.02,24.1,100.4,-0.25,-0.31
123778,33990,18.093377,-23.764493,2.,-914,0.0509,37.1,0.02,24.1,100.4,-0.25,-0.31
123778,34010,18.093407,-23.76427,1.6,-914,0.0509,37.1,0.02,24.1,100.4,-0.25,-0.31
123778,34014,18.09344,-23.764245,1.5,-914,0.0509,37.1,0.02,24.1,100.4,-0.25,-0.31
123778,34017,18.093458,-23.764238,1.6,-914,0.0509,37.1,0.02,24.1,100.4,-0.25,-0.31
123778,34176,18.0967,-23.762643,6.5,-914,0.0509,37.1,0.02,24.1,100.5,-0.25,-0.31
123778,34256,18.098887,-23.76158,6.4,-914,0.0509,37.1,0.03,24.1,100.60000000000001,-0.25,-0.31
123778,39610,18.18307,-23.715743,6.6,-919,0.0511,37.1,0.03,24.200000000000003,104.30000000000001,-0.23,-0.31
123778,39747,18.186662,-23.713613,6.3,-919,0.0511,37.1,0.03,24.200000000000003,104.10000000000001,-0.22,-0.31
123778,39757,18.186942,-23.713522,6.3,-919,0.0511,37.1,0.03,24.200000000000003,104.10000000000001,-0.22,-0.31
123778,39786,18.187695,-23.71311,6.4,-919,0.0511,37.1,0.03,24.200000000000003,104.,-0.22,-0.31
123778,39800,18.188105,-23.712925,6.3,-919,0.0512,37.1,0.03,24.200000000000003,104.,-0.22,-0.31
123778,39801,18.188105,-23.712925,6.3,-919,0.0512,37.1,0.03,24.200000000000003,104.,-0.22,-0.31
123778,39810,18.18836,-23.712762,6.4,-919,0.0512,37.1,0.03,24.200000000000003,104.,-0.22,-0.31
123778,39811,18.18836,-23.712762,6.4,-919,0.0512,37.1,0.03,24.200000000000003,104.,-0.22,-0.31
123778,39876,18.190032,-23.711802,6.2,-919,0.0512,37.1,0.04,24.200000000000003,103.9,-0.22,-0.31
123778,39907,18.190755,-23.711362,6.1,-919,0.0512,37.1,0.04,24.200000000000003,103.9,-0.22,-0.31
123778,39920,18.191105,-23.711135,6.,-919,0.0512,37.1,0.04,24.200000000000003,103.80000000000001,-0.22,-0.31
123778,39936,18.191462,-23.710935,5.8,-919,0.0512,37.1,0.04,24.200000000000003,103.80000000000001,-0.22,-0.31
123778,39937,18.191462,-23.710935,5.8,-919,0.0512,37.1,0.04,24.200000000000003,103.80000000000001,-0.22,-0.31
123778,39954,18.191907,-23.710698,5.7,-919,0.0512,37.1,0.04,24.200000000000003,103.80000000000001,-0.22,-0.31
123778,39955,18.191907,-23.710698,5.7,-919,0.0512,37.1,0.04,24.200000000000003,103.80000000000001,-0.22,-0.31
123778,39956,18.191952,-23.710667,5.8,-919,0.0512,37.1,0.04,24.200000000000003,103.80000000000001,-0.22,-0.31
123778,39960,18.192042,-23.710605,5.7,-919,0.0512,37.1,0.04,24.200000000000003,103.80000000000001,-0.22,-0.31
123778,39961,18.192042,-23.710605,5.7,-919,0.0512,37.1,0.04,24.200000000000003,103.80000000000001,-0.22,-0.31
123778,40016,18.19343,-23.709867,6.2,-919,0.0512,37.1,0.04,24.200000000000003,103.7,-0.22,-0.31
123778,40056,18.194445,-23.709305,6.4,-919,0.0512,37.1,0.04,24.200000000000003,103.60000000000001,-0.22,-0.31
123778,40096,18.195318,-23.709255,3.4,-919,0.0512,37.1,0.04,24.200000000000003,103.60000000000001,-0.22,-0.31
123778,40097,18.195318,-23.709255,3.4,-919,0.0512,37.1,0.04,24.200000000000003,103.60000000000001,-0.22,-0.31
123778,40104,18.195302,-23.709402,2.7,-919,0.0512,37.1,0.04,24.200000000000003,103.60000000000001,-0.22,-0.31
123778,40105,18.195302,-23.709402,2.7,-919,0.0512,37.1,0.04,24.200000000000003,103.60000000000001,-0.22,-0.31
123778,40107,18.195283,-23.709435,2.8,-919,0.0512,37.1,0.04,24.200000000000003,103.60000000000001,-0.22,-0.31
123778,40110,18.19524,-23.709492,2.5,-919,0.0512,37.1,0.04,24.200000000000003,103.60000000000001,-0.22,-0.31
123778,40114,18.195182,-23.709533,2.6,-919,0.0512,37.1,0.04,24.200000000000003,103.60000000000001,-0.22,-0.31
123778,40116,18.195167,-23.70954,2.5,-919,0.0512,37.1,0.04,24.200000000000003,103.60000000000001,-0.22,-0.31
123778,40120,18.195087,-23.70956,2.5,-919,0.0512,37.1,0.04,24.200000000000003,103.60000000000001,-0.22,-0.31
123778,40134,18.194903,-23.709488,2.4,-919,0.0512,37.1,0.04,24.200000000000003,103.60000000000001,-0.22,-0.31
123778,40160,18.194887,-23.709225,1.6,-919,0.0512,37.1,0.04,24.200000000000003,103.60000000000001,-0.22,-0.31
123778,40163,18.194907,-23.709205,1.3,-919,0.0512,37.1,0.04,24.200000000000003,103.60000000000001,-0.22,-0.31
123778,40166,18.194922,-23.709187,1.4,-919,0.0512,37.1,0.04,24.200000000000003,103.60000000000001,-0.22,-0.31
123778,40171,18.194942,-23.709162,1.5,-919,0.0512,37.1,0.04,24.200000000000003,103.60000000000001,-0.22,-0.31
123778,46780,18.154458,-23.775073,5.8,-917,0.0511,37.1,0.03,24.200000000000003,104.5,-0.24,-0.32
123778,68201,17.756632,-24.19953,5.3,-910,0.0506,37.4,-0.05,24.1,80.9,-0.11,-0.13
123778,68270,17.755395,-24.2007,5.1,-910,0.0507,37.4,-0.05,24.1,81.,-0.11,-0.13
123778,68570,17.75013,-24.205747,5.2,-910,0.050800000000000005,37.4,-0.05,24.1,81.,-0.11,-0.12
123778,74421,17.638355,-24.314203,5.9,-906,0.0517,37.4,-0.06,24.200000000000003,81.4,-0.07,-0.04
123778,74611,17.634512,-24.317925,6.,-906,0.0519,37.4,-0.06,24.200000000000003,81.4,-0.07,-0.04
123778,77808,17.569233,-24.383187,5.9,-896,0.0551,37.4,-0.06,24.200000000000003,83.4,-0.06,0.
123778,77857,17.56824,-24.384198,5.9,-896,0.055,37.4,-0.06,24.200000000000003,83.5,-0.06,0.
123778,77858,17.56824,-24.384198,5.9,-896,0.055,37.4,-0.06,24.200000000000003,83.5,-0.06,0.
123778,77927,17.566893,-24.38555,5.8,-896,0.0548,37.4,-0.06,24.200000000000003,83.5,-0.06,0.
123778,77928,17.566893,-24.38555,5.8,-896,0.0548,37.4,-0.06,24.200000000000003,83.5,-0.06,0.
123778,77938,17.566678,-24.385758,5.8,-896,0.054700000000000006,37.4,-0.06,24.200000000000003,83.5,-0.06,0.
123778,77939,17.566678,-24.385758,5.8,-896,0.054700000000000006,37.4,-0.06,24.200000000000003,83.5,-0.06,0.
123778,83536,17.457045,-24.493655,5.8,-885,0.0495,37.4,-0.06,24.400000000000002,84.9,-0.04,0.03
123778,83537,17.457045,-24.493655,5.8,-885,0.0495,37.4,-0.06,24.400000000000002,84.9,-0.04,0.03
123778,83574,17.456303,-24.494427,5.7,-885,0.0497,37.4,-0.06,24.400000000000002,84.9,-0.04,0.03
123778,83575,17.456303,-24.494427,5.7,-885,0.0497,37.4,-0.06,24.400000000000002,84.9,-0.04,0.03
123778,83596,17.455877,-24.494793,5.7,-885,0.049800000000000004,37.4,-0.06,24.400000000000002,84.9,-0.04,0.03
123778,83597,17.455877,-24.494793,5.7,-885,0.049800000000000004,37.4,-0.06,24.400000000000002,84.9,-0.04,0.03
123778,83611,17.455595,-24.495087,5.7,-885,0.049800000000000004,37.4,-0.06,24.400000000000002,84.9,-0.04,0.03
123778,83612,17.455595,-24.495087,5.7,-885,0.049800000000000004,37.4,-0.06,24.400000000000002,84.9,-0.04,0.03
123778,83689,17.454113,-24.496525,5.7,-886,0.050100000000000006,37.4,-0.06,24.400000000000002,84.9,-0.04,0.03
123778,83748,17.452948,-24.497648,5.8,-886,0.0504,37.4,-0.06,24.400000000000002,85.,-0.04,0.03
123778,83939,17.449223,-24.501207,5.7,-859,0.0489,37.4,-0.06,24.400000000000002,85.,-0.04,0.03
123778,89020,17.350258,-24.596538,5.8,-808,0.0475,37.4,-0.06,24.400000000000002,88.9,-0.07,0.03
123778,106320,16.999902,-24.933075,6.7,-52,0.0511,37.1,-0.04,24.6,141.6,0.,0.09
123778,106830,16.989617,-24.945238,6.5,-73,0.051300000000000005,37.2,-0.03,24.700000000000003,141.70000000000002,-0.01,0.08
123778,112591,16.889533,-24.998177,0.,-46,0.051500000000000004,37.1,-0.03,24.700000000000003,144.6,-0.03,0.06
123778,122236,16.889533,-24.99817,0.,-46,0.051500000000000004,37.2,-0.03,24.700000000000003,143.,-0.03,0.06
123778,122245,16.889532,-24.998167,0.,-46,0.051500000000000004,37.2,-0.03,24.700000000000003,143.,-0.03,0.06
123778,122246,16.889532,-24.998167,0.,-46,0.051500000000000004,37.2,-0.03,24.700000000000003,143.,-0.03,0.06
123778,122277,16.88953,-24.998163,0.,-46,0.051500000000000004,37.2,-0.03,24.700000000000003,143.,-0.03,0.06
123778,122295,16.889533,-24.998162,0.,-46,0.051500000000000004,37.2,-0.03,24.700000000000003,143.,-0.03,0.06
123778,122296,16.889533,-24.998162,0.,-46,0.051500000000000004,37.2,-0.03,24.700000000000003,143.,-0.03,0.06
123778,122345,16.889527,-24.998165,0.,-46,0.051500000000000004,37.2,-0.03,24.700000000000003,143.,-0.03,0.06
123778,122346,16.889527,-24.998165,0.,-46,0.051500000000000004,37.2,-0.03,24.700000000000003,143.,-0.03,0.06
123778,122355,16.889527,-24.998168,0.,-46,0.051500000000000004,37.2,-0.03,24.700000000000003,143.,-0.03,0.06
123778,122356,16.889527,-24.998168,0.,-46,0.051500000000000004,37.2,-0.03,24.700000000000003,143.,-0.03,0.06
123778,127182,16.889545,-24.998178,0.,-46,0.051500000000000004,37.2,-0.03,24.700000000000003,142.20000000000002,-0.03,0.06
123778,128116,16.889538,-24.99816,0.,-46,0.051500000000000004,37.2,-0.03,24.700000000000003,142.,-0.03,0.06
123778,128117,16.889538,-24.99816,0.,-46,0.051500000000000004,37.2,-0.03,24.700000000000003,142.,-0.03,0.06
123778,128126,16.889537,-24.998162,0.,-46,0.051500000000000004,37.2,-0.03,24.700000000000003,142.,-0.03,0.06
123778,128127,16.889537,-24.998162,0.,-46,0.051500000000000004,37.2,-0.03,24.700000000000003,142.,-0.03,0.06
123778,128236,16.889533,-24.998165,0.,-46,0.051500000000000004,37.2,-0.03,24.700000000000003,142.,-0.03,0.06
123778,128237,16.889533,-24.998165,0.,-46,0.051500000000000004,37.2,-0.03,24.700000000000003,142.,-0.03,0.06
123778,128316,16.889533,-24.998173,0.,-46,0.051500000000000004,37.2,-0.03,24.700000000000003,142.,-0.03,0.06
123778,128317,16.889533,-24.998173,0.,-46,0.051500000000000004,37.2,-0.03,24.700000000000003,142.,-0.03,0.06
123778,128328,16.889532,-24.998172,0.,-46,0.051500000000000004,37.2,-0.03,24.700000000000003,142.,-0.03,0.06
123778,128376,16.889528,-24.998173,0.,-46,0.051500000000000004,37.2,-0.03,24.700000000000003,142.,-0.03,0.06
123778,128377,16.889528,-24.998173,0.,-46,0.051500000000000004,37.2,-0.03,24.700000000000003,142.,-0.03,0.06
123778,128417,16.889527,-24.998177,0.,-46,0.051500000000000004,37.2,-0.03,24.700000000000003,142.,-0.03,0.06
123778,128436,16.889528,-24.998177,0.,-46,0.051500000000000004,37.2,-0.03,24.700000000000003,141.9,-0.03,0.06
123778,128437,16.889528,-24.998177,0.,-46,0.051500000000000004,37.2,-0.03,24.700000000000003,141.9,-0.03,0.06
123778,130401,16.889538,-24.998158,0.,-46,0.051500000000000004,37.2,-0.03,24.700000000000003,141.6,-0.04,0.06
123778,131801,16.889552,-24.998152,0.,-46,0.051500000000000004,37.2,-0.03,24.700000000000003,141.4,-0.04,0.06
123778,133240,16.889562,-24.998177,0.,-46,0.051500000000000004,37.2,-0.03,24.700000000000003,141.20000000000002,-0.04,0.06
123778,135413,16.889545,-24.998197,0.,-46,0.051500000000000004,37.2,-0.03,24.700000000000003,140.8,-0.04,0.06
123778,135800,16.889535,-24.998195,0.,-46,0.051500000000000004,37.2,-0.03,24.700000000000003,140.70000000000002,-0.04,0.06
123778,137115,16.88955,-24.99818,0.,-46,0.051500000000000004,37.2,-0.03,24.700000000000003,140.5,-0.04,0.06
123778,138243,16.889557,-24.998167,0.,-46,0.051500000000000004,37.2,-0.03,24.700000000000003,140.3,-0.04,0.06
123778,139303,16.889542,-24.998177,0.,-46,0.051500000000000004,37.2,-0.03,24.700000000000003,140.20000000000002,-0.04,0.06
123778,143382,16.889547,-24.998148,0.,-46,0.051500000000000004,37.2,-0.03,24.700000000000003,139.5,-0.04,0.06
123778,144753,16.889538,-24.998142,0.,-46,0.051500000000000004,37.2,-0.03,24.700000000000003,139.3,-0.04,0.06
123778,146893,16.88956,-24.998152,0.,-46,0.051500000000000004,37.2,-0.03,24.700000000000003,138.9,-0.04,0.06
123778,148532,16.889542,-24.99815,0.,-46,0.051500000000000004,37.2,-0.04,24.700000000000003,138.6,-0.04,0.06
123778,150332,16.889547,-24.998157,0.,-46,0.051500000000000004,37.2,-0.04,24.700000000000003,138.3,-0.04,0.06
123778,151681,16.889535,-24.998133,0.,-46,0.051500000000000004,37.2,-0.04,24.700000000000003,138.1,-0.04,0.06
123778,155069,16.889523,-24.998165,0.1,-46,0.051500000000000004,37.2,-0.04,24.700000000000003,137.6,-0.04,0.06
123778,155359,16.889545,-24.998165,0.,-46,0.051500000000000004,37.2,-0.04,24.700000000000003,137.5,-0.04,0.06
123778,156180,16.889555,-24.998157,0.,-46,0.051500000000000004,37.2,-0.04,24.700000000000003,137.4,-0.04,0.06
123778,156410,16.889563,-24.998158,0.,-46,0.051500000000000004,37.2,-0.04,24.700000000000003,137.3,-0.04,0.06
123778,157591,16.889562,-24.998153,0.,-46,0.051500000000000004,37.2,-0.04,24.700000000000003,137.1,-0.05,0.06
123778,157721,16.889557,-24.99816,0.,-46,0.051500000000000004,37.2,-0.04,24.700000000000003,137.1,-0.05,0.06
123778,158909,16.889562,-24.998177,0.,-46,0.051500000000000004,37.2,-0.04,24.700000000000003,136.9,-0.05,0.06
123778,159040,16.889552,-24.99818,0.,-46,0.051500000000000004,37.2,-0.04,24.700000000000003,136.9,-0.05,0.06
123778,161399,16.889542,-24.998185,0.,-46,0.051500000000000004,37.2,-0.04,24.700000000000003,136.5,-0.05,0.06
123778,161550,16.889547,-24.998183,0.,-46,0.051500000000000004,37.2,-0.04,24.700000000000003,136.5,-0.05,0.06
123778,162599,16.889567,-24.998175,0.,-46,0.051500000000000004,37.2,-0.04,24.700000000000003,136.3,-0.05,0.06
123778,163941,16.889525,-24.998182,0.,-46,0.051500000000000004,37.2,-0.04,24.700000000000003,136.1,-0.05,0.06
123778,166098,16.889538,-24.998165,0.,-46,0.051500000000000004,37.2,-0.04,24.700000000000003,135.70000000000002,-0.05,0.06
123778,166227,16.88953,-24.99816,0.,-46,0.051500000000000004,37.2,-0.04,24.700000000000003,135.70000000000002,-0.05,0.06
123778,166228,16.88953,-24.99816,0.,-46,0.051500000000000004,37.2,-0.04,24.700000000000003,135.70000000000002,-0.05,0.06
123778,166268,16.889537,-24.998162,0.,-46,0.051500000000000004,37.2,-0.04,24.700000000000003,135.70000000000002,-0.05,0.06
123778,166269,16.889537,-24.998162,0.,-46,0.051500000000000004,37.2,-0.04,24.700000000000003,135.70000000000002,-0.05,0.06
123778,166287,16.889543,-24.998168,0.,-46,0.051500000000000004,37.2,-0.04,24.700000000000003,135.70000000000002,-0.05,0.06
123778,166288,16.889543,-24.998168,0.,-46,0.051500000000000004,37.2,-0.04,24.700000000000003,135.70000000000002,-0.05,0.06
123778,166319,16.889547,-24.998165,0.,-46,0.051500000000000004,37.2,-0.04,24.700000000000003,135.70000000000002,-0.05,0.06
123778,166328,16.889545,-24.998165,0.,-46,0.051500000000000004,37.2,-0.04,24.700000000000003,135.70000000000002,-0.05,0.06
123778,166339,16.889548,-24.998165,0.,-46,0.051500000000000004,37.2,-0.04,24.700000000000003,135.70000000000002,-0.05,0.06
123778,166347,16.889548,-24.998167,0.,-46,0.051500000000000004,37.2,-0.04,24.700000000000003,135.70000000000002,-0.05,0.06
123778,166348,16.889548,-24.998167,0.,-46,0.051500000000000004,37.2,-0.04,24.700000000000003,135.70000000000002,-0.05,0.06
123778,166407,16.88954,-24.998168,0.,-46,0.051500000000000004,37.2,-0.04,24.700000000000003,135.70000000000002,-0.05,0.06
123778,166408,16.88954,-24.998168,0.,-46,0.051500000000000004,37.2,-0.04,24.700000000000003,135.70000000000002,-0.05,0.06
123778,166508,16.88954,-24.998173,0.,-46,0.051500000000000004,37.2,-0.04,24.700000000000003,135.70000000000002,-0.05,0.06
123778,166509,16.88954,-24.998173,0.,-46,0.051500000000000004,37.2,-0.04,24.700000000000003,135.70000000000002,-0.05,0.06
123778,171689,16.889533,-24.99816,0.,-46,0.051500000000000004,37.2,-0.04,24.700000000000003,134.8,-0.05,0.06
123778,171897,16.88952,-24.99817,0.,-46,0.051500000000000004,37.2,-0.04,24.700000000000003,134.8,-0.05,0.06
123778,171898,16.88952,-24.99817,0.,-46,0.051500000000000004,37.2,-0.04,24.700000000000003,134.8,-0.05,0.06
123778,171938,16.889523,-24.998152,0.,-46,0.051500000000000004,37.2,-0.04,24.700000000000003,134.8,-0.05,0.06
123778,171957,16.889517,-24.998148,0.,-46,0.051500000000000004,37.2,-0.04,24.700000000000003,134.8,-0.05,0.06
123778,171958,16.889517,-24.998148,0.,-46,0.051500000000000004,37.2,-0.04,24.700000000000003,134.8,-0.05,0.06
123778,172029,16.88952,-24.998147,0.,-46,0.051500000000000004,37.2,-0.04,24.700000000000003,134.8,-0.05,0.06
123778,172039,16.889522,-24.998145,0.,-46,0.051500000000000004,37.2,-0.04,24.700000000000003,134.8,-0.05,0.06
123778,172099,16.889522,-24.998148,0.,-46,0.051500000000000004,37.2,-0.04,24.700000000000003,134.70000000000002,-0.05,0.06
123778,172128,16.889523,-24.998158,0.,-46,0.051500000000000004,37.2,-0.04,24.700000000000003,134.70000000000002,-0.05,0.06
123778,172139,16.889523,-24.998163,0.,-46,0.051500000000000004,37.2,-0.04,24.700000000000003,134.70000000000002,-0.05,0.06
123778,172148,16.889523,-24.998165,0.,-46,0.051500000000000004,37.2,-0.04,24.700000000000003,134.70000000000002,-0.05,0.06
123778,172199,16.88952,-24.99817,0.,-46,0.051500000000000004,37.2,-0.04,24.700000000000003,134.70000000000002,-0.05,0.06
123778,172228,16.889525,-24.998165,0.,-46,0.051500000000000004,37.2,-0.04,24.700000000000003,134.70000000000002,-0.05,0.06
123778,172259,16.889523,-24.998172,0.,-46,0.051500000000000004,37.2,-0.04,24.700000000000003,134.70000000000002,-0.05,0.06
123778,172439,16.889523,-24.99817,0.,-46,0.051500000000000004,37.2,-0.04,24.700000000000003,134.70000000000002,-0.05,0.06
123778,175314,16.889513,-24.998165,0.,-46,0.051500000000000004,37.2,-0.04,24.700000000000003,134.20000000000002,-0.05,0.06
123778,177970,16.889517,-24.998162,0.,-46,0.051500000000000004,37.2,-0.04,24.700000000000003,133.8,-0.05,0.06
123778,188648,16.889513,-24.99815,0.,-46,0.051500000000000004,37.2,-0.04,24.700000000000003,132.,-0.06,0.06
123778,189420,16.889532,-24.998162,0.,-46,0.051500000000000004,37.2,-0.04,24.700000000000003,131.9,-0.06,0.06
123778,189918,16.889532,-24.998167,0.,-46,0.051500000000000004,37.2,-0.04,24.700000000000003,131.8,-0.06,0.06
123778,190510,16.889528,-24.998157,0.,-46,0.051500000000000004,37.2,-0.04,24.700000000000003,131.70000000000002,-0.06,0.06
123778,191139,16.88953,-24.998168,0.,-46,0.051500000000000004,37.2,-0.04,24.700000000000003,131.6,-0.06,0.06
123778,191770,16.889527,-24.99816,0.,-46,0.051500000000000004,37.2,-0.04,24.700000000000003,131.5,-0.06,0.06
123778,191969,16.889522,-24.998162,0.,-46,0.051500000000000004,37.2,-0.04,24.700000000000003,131.5,-0.06,0.06
123778,192260,16.88952,-24.998162,0.,-46,0.051500000000000004,37.2,-0.04,24.700000000000003,131.4,-0.06,0.06
123778,192988,16.889522,-24.998168,0.,-46,0.051500000000000004,37.2,-0.04,24.700000000000003,131.3,-0.06,0.06
123778,193040,16.889523,-24.99817,0.,-46,0.051500000000000004,37.2,-0.04,24.700000000000003,131.3,-0.06,0.06
123778,193399,16.889517,-24.998158,0.,-46,0.051500000000000004,37.2,-0.04,24.700000000000003,131.20000000000002,-0.06,0.06
123778,194397,16.889523,-24.99817,0.,-46,0.051500000000000004,37.2,-0.04,24.700000000000003,131.1,-0.06,0.06
123778,194647,16.889535,-24.998168,0.1,-46,0.051500000000000004,37.2,-0.04,24.700000000000003,131.,-0.06,0.06
123778,195709,16.889532,-24.998155,0.,-46,0.051500000000000004,37.2,-0.04,24.700000000000003,130.8,-0.06,0.06
123778,195839,16.88953,-24.99815,0.,-46,0.051500000000000004,37.2,-0.04,24.700000000000003,130.8,-0.06,0.06
123778,196139,16.88953,-24.998155,0.,-46,0.051500000000000004,37.2,-0.04,24.700000000000003,130.8,-0.06,0.06
123778,196788,16.88952,-24.998152,0.,-46,0.051500000000000004,37.2,-0.04,24.700000000000003,130.70000000000002,-0.06,0.06
123778,197190,16.889532,-24.998158,0.,-46,0.051500000000000004,37.2,-0.04,24.700000000000003,130.6,-0.06,0.06
123778,206080,16.889547,-24.998185,0.,-46,0.051500000000000004,37.2,-0.04,24.700000000000003,129.1,-0.06,0.06
123778,209504,16.889543,-24.998167,0.,-46,0.051500000000000004,37.2,-0.04,24.700000000000003,128.6,-0.06,0.07
123778,210588,16.889518,-24.99816,0.,-46,0.051500000000000004,37.2,-0.04,24.700000000000003,128.4,-0.06,0.07
123778,210607,16.889523,-24.998163,0.,-46,0.051500000000000004,37.2,-0.04,24.700000000000003,128.4,-0.06,0.07
123778,210608,16.889523,-24.998163,0.,-46,0.051500000000000004,37.2,-0.04,24.700000000000003,128.4,-0.06,0.07
123778,210627,16.88953,-24.998163,0.,-46,0.051500000000000004,37.2,-0.04,24.700000000000003,128.4,-0.06,0.07
123778,210628,16.88953,-24.998163,0.,-46,0.051500000000000004,37.2,-0.04,24.700000000000003,128.4,-0.06,0.07
123778,210657,16.889537,-24.998162,0.,-46,0.051500000000000004,37.2,-0.04,24.700000000000003,128.4,-0.06,0.07
123778,210658,16.889537,-24.998162,0.,-46,0.051500000000000004,37.2,-0.04,24.700000000000003,128.4,-0.06,0.07
123778,210728,16.889558,-24.998162,0.,-46,0.051500000000000004,37.2,-0.04,24.700000000000003,128.4,-0.06,0.07
123778,210759,16.889563,-24.998163,0.1,-46,0.051500000000000004,37.2,-0.04,24.700000000000003,128.4,-0.06,0.07
123778,210988,16.88956,-24.998173,0.,-46,0.051500000000000004,37.2,-0.04,24.700000000000003,128.3,-0.06,0.07
123778,211027,16.889557,-24.998173,0.,-46,0.051500000000000004,37.2,-0.04,24.700000000000003,128.3,-0.06,0.07
123778,211037,16.889558,-24.998173,0.,-46,0.051500000000000004,37.2,-0.04,24.700000000000003,128.3,-0.06,0.07
123778,211068,16.889557,-24.998172,0.,-46,0.051500000000000004,37.2,-0.04,24.700000000000003,128.3,-0.06,0.07
123778,219220,16.889577,-24.998195,0.1,-46,0.051500000000000004,37.2,-0.04,24.700000000000003,127.,-0.07,0.07
123778,219511,16.88956,-24.998183,0.,-46,0.051500000000000004,37.2,-0.04,24.700000000000003,126.9,-0.07,0.07
123778,222080,16.889515,-24.99818,0.,-46,0.051500000000000004,37.2,-0.04,24.700000000000003,126.5,-0.07,0.07
123778,222992,16.88954,-24.998178,0.,-46,0.051500000000000004,37.2,-0.04,24.700000000000003,126.30000000000001,-0.07,0.07
123778,238180,16.899595,-24.9948,0.,-45,0.051500000000000004,37.2,-0.05,24.700000000000003,123.4,-0.07,0.07
123778,239140,16.899608,-24.994815,0.,-45,0.051500000000000004,37.2,-0.05,24.700000000000003,123.30000000000001,-0.07,0.07
123778,239293,16.899608,-24.994798,0.,-45,0.051500000000000004,37.2,-0.05,24.700000000000003,123.2,-0.07,0.07
123778,239582,16.899602,-24.9948,0.,-45,0.051500000000000004,37.2,-0.05,24.700000000000003,123.2,-0.07,0.07
123778,240100,16.899608,-24.994835,0.,-45,0.051500000000000004,37.2,-0.05,24.700000000000003,123.10000000000001,-0.07,0.07
123778,240604,16.899585,-24.994828,0.,-45,0.051500000000000004,37.2,-0.05,24.700000000000003,123.,-0.07,0.07
123778,240784,16.899593,-24.994825,0.,-45,0.051500000000000004,37.2,-0.05,24.700000000000003,123.,-0.07,0.07
123778,241094,16.899623,-24.994817,0.,-45,0.051500000000000004,37.2,-0.05,24.700000000000003,122.9,-0.07,0.07
123778,241963,16.89962,-24.994813,0.,-45,0.051500000000000004,37.2,-0.05,24.700000000000003,122.80000000000001,-0.07,0.07
123778,242025,16.899612,-24.994808,0.,-45,0.051500000000000004,37.2,-0.05,24.700000000000003,122.80000000000001,-0.07,0.07
123778,242978,16.899608,-24.994818,0.,-45,0.051500000000000004,37.2,-0.05,24.700000000000003,122.60000000000001,-0.07,0.07
123778,243133,16.8996,-24.994807,0.,-45,0.051500000000000004,37.2,-0.05,24.700000000000003,122.60000000000001,-0.07,0.07
123778,243333,16.899603,-24.994807,0.,-45,0.051500000000000004,37.2,-0.05,24.700000000000003,122.60000000000001,-0.08,0.07
123778,243942,16.899597,-24.994802,0.,-45,0.051500000000000004,37.2,-0.05,24.700000000000003,122.5,-0.08,0.07
123778,244432,16.899605,-24.994818,0.,-45,0.051500000000000004,37.2,-0.05,24.700000000000003,122.4,-0.08,0.07
123778,244901,16.899598,-24.994807,0.,-45,0.051500000000000004,37.2,-0.05,24.700000000000003,122.30000000000001,-0.08,0.07
123778,245814,16.899608,-24.994815,0.,-45,0.051500000000000004,37.2,-0.05,24.700000000000003,122.2,-0.08,0.07
123778,246776,16.899608,-24.994827,0.,-45,0.051500000000000004,37.2,-0.05,24.700000000000003,122.,-0.08,0.07
123778,246914,16.899607,-24.994818,0.,-45,0.051500000000000004,37.2,-0.05,24.700000000000003,122.,-0.08,0.07
123778,247755,16.899605,-24.994828,0.,-45,0.051500000000000004,37.2,-0.05,24.700000000000003,121.80000000000001,-0.08,0.07
123778,248243,16.899593,-24.99481,0.,-45,0.051500000000000004,37.2,-0.05,24.700000000000003,121.80000000000001,-0.08,0.07
123778,248714,16.899615,-24.994812,0.,-45,0.051500000000000004,37.2,-0.05,24.700000000000003,121.7,-0.08,0.07
123778,249673,16.899608,-24.99483,0.,-45,0.051500000000000004,37.2,-0.05,24.700000000000003,121.5,-0.08,0.07
123778,250636,16.899593,-24.994817,0.,-45,0.051500000000000004,37.2,-0.05,24.700000000000003,121.4,-0.08,0.07
123778,250893,16.899603,-24.99481,0.,-45,0.051500000000000004,37.2,-0.05,24.700000000000003,121.30000000000001,-0.08,0.07
123778,251594,16.899592,-24.994813,0.,-45,0.051500000000000004,37.2,-0.05,24.700000000000003,121.2,-0.08,0.07
123778,252559,16.899612,-24.994815,0.,-45,0.051500000000000004,37.2,-0.05,24.700000000000003,121.10000000000001,-0.08,0.07
123778,253517,16.899598,-24.994795,0.,-45,0.051500000000000004,37.2,-0.05,24.700000000000003,120.9,-0.08,0.07
123778,254475,16.899605,-24.994797,0.,-45,0.051500000000000004,37.2,-0.05,24.700000000000003,120.7,-0.08,0.07
123778,254492,16.8996,-24.994792,0.,-45,0.051500000000000004,37.2,-0.05,24.700000000000003,120.7,-0.08,0.07
123778,254571,16.899598,-24.994798,0.,-45,0.051500000000000004,37.2,-0.05,24.700000000000003,120.7,-0.08,0.07
123778,254572,16.899598,-24.994798,0.,-45,0.051500000000000004,37.2,-0.05,24.700000000000003,120.7,-0.08,0.07
123778,254661,16.899597,-24.9948,0.,-45,0.051500000000000004,37.2,-0.05,24.700000000000003,120.7,-0.08,0.07
123778,254682,16.899598,-24.9948,0.,-45,0.051500000000000004,37.2,-0.05,24.700000000000003,120.7,-0.08,0.07
123778,254721,16.899593,-24.994805,0.,-45,0.051500000000000004,37.2,-0.05,24.700000000000003,120.7,-0.08,0.07
123778,254731,16.899595,-24.994805,0.,-45,0.051500000000000004,37.2,-0.05,24.700000000000003,120.7,-0.08,0.07
123778,254732,16.899595,-24.994805,0.,-45,0.051500000000000004,37.2,-0.05,24.700000000000003,120.7,-0.08,0.07
123778,254741,16.899595,-24.994805,0.,-45,0.051500000000000004,37.2,-0.05,24.700000000000003,120.7,-0.08,0.07
123778,254763,16.899598,-24.994802,0.,-45,0.051500000000000004,37.2,-0.05,24.700000000000003,120.7,-0.08,0.07
123778,254770,16.8996,-24.994802,0.,-45,0.051500000000000004,37.2,-0.05,24.700000000000003,120.7,-0.08,0.07
123778,254772,16.8996,-24.994802,0.,-45,0.051500000000000004,37.2,-0.05,24.700000000000003,120.7,-0.08,0.07
123778,255477,16.899613,-24.994783,0.,-45,0.051500000000000004,37.2,-0.05,24.700000000000003,120.60000000000001,-0.08,0.07
123778,256483,16.899617,-24.99477,0.,-45,0.051500000000000004,37.2,-0.05,24.700000000000003,120.4,-0.08,0.07
123778,257475,16.89959,-24.994783,0.,-45,0.051500000000000004,37.2,-0.05,24.700000000000003,120.30000000000001,-0.08,0.07
123778,258416,16.899595,-24.994797,0.,-45,0.051500000000000004,37.2,-0.05,24.700000000000003,120.10000000000001,-0.08,0.07
123778,259375,16.899588,-24.994825,0.,-45,0.051500000000000004,37.2,-0.05,24.700000000000003,119.9,-0.08,0.07
123778,260341,16.899595,-24.99482,0.,-45,0.051500000000000004,37.2,-0.05,24.700000000000003,119.80000000000001,-0.08,0.07
123778,260402,16.8996,-24.99482,0.,-45,0.051500000000000004,37.2,-0.05,24.700000000000003,119.80000000000001,-0.08,0.07
123778,260502,16.899597,-24.994815,0.,-45,0.051500000000000004,37.2,-0.05,24.700000000000003,119.80000000000001,-0.08,0.07
123778,260522,16.899595,-24.994813,0.,-45,0.051500000000000004,37.2,-0.05,24.700000000000003,119.80000000000001,-0.08,0.07
123778,261316,16.899582,-24.994823,0.,-45,0.051500000000000004,37.2,-0.05,24.700000000000003,119.60000000000001,-0.08,0.07
123778,261414,16.899588,-24.994812,0.,-45,0.051500000000000004,37.2,-0.05,24.700000000000003,119.60000000000001,-0.08,0.07
123778,262278,16.899612,-24.994795,0.,-45,0.051500000000000004,37.2,-0.05,24.700000000000003,119.5,-0.08,0.07
123778,263233,16.899585,-24.994823,0.,-45,0.051500000000000004,37.2,-0.05,24.700000000000003,119.30000000000001,-0.08,0.07
123778,264195,16.899598,-24.99482,0.,-45,0.051500000000000004,37.2,-0.05,24.700000000000003,119.2,-0.08,0.07
123778,265155,16.899615,-24.99483,0.,-45,0.051500000000000004,37.2,-0.05,24.700000000000003,119.,-0.08,0.07
123778,266119,16.899585,-24.994825,0.,-45,0.051500000000000004,37.2,-0.05,24.700000000000003,118.80000000000001,-0.08,0.07
123778,267075,16.899588,-24.994828,0.,-45,0.051500000000000004,37.2,-0.05,24.700000000000003,118.7,-0.08,0.07
123778,268034,16.899588,-24.994827,0.,-45,0.051500000000000004,37.2,-0.05,24.700000000000003,118.5,-0.08,0.07
123778,268996,16.899583,-24.994777,0.,-45,0.051500000000000004,37.2,-0.05,24.700000000000003,118.4,-0.08,0.07
123778,270055,16.899595,-24.994805,0.,-45,0.051500000000000004,37.2,-0.05,24.700000000000003,118.2,-0.08,0.07
123778,271014,16.899588,-24.994808,0.,-45,0.051500000000000004,37.2,-0.05,24.700000000000003,118.,-0.09,0.07
123778,271633,16.8996,-24.994825,0.,-45,0.051500000000000004,37.2,-0.05,24.700000000000003,117.9,-0.09,0.07
123778,271975,16.899588,-24.994825,0.,-45,0.051500000000000004,37.2,-0.05,24.700000000000003,117.9,-0.09,0.07
123778,272935,16.899595,-24.994822,0.,-45,0.051500000000000004,37.2,-0.05,24.700000000000003,117.7,-0.09,0.07
123778,273023,16.899588,-24.994818,0.,-45,0.051500000000000004,37.2,-0.05,24.700000000000003,117.7,-0.09,0.07
123778,273896,16.899585,-24.994822,0.,-45,0.051500000000000004,37.2,-0.05,24.700000000000003,117.60000000000001,-0.09,0.07
123778,274253,16.899593,-24.994827,0.,-45,0.051500000000000004,37.2,-0.05,24.700000000000003,117.5,-0.09,0.07
123778,274855,16.899595,-24.994822,0.,-45,0.051500000000000004,37.2,-0.05,24.700000000000003,117.4,-0.09,0.07
123778,275163,16.899592,-24.994818,0.,-45,0.051500000000000004,37.2,-0.05,24.700000000000003,117.4,-0.09,0.07
123778,275815,16.899603,-24.994822,0.,-45,0.051500000000000004,37.2,-0.05,24.700000000000003,117.2,-0.09,0.07
123778,276142,16.899602,-24.994808,0.,-45,0.051500000000000004,37.2,-0.05,24.700000000000003,117.2,-0.09,0.07
123778,276513,16.899592,-24.994798,0.,-45,0.051500000000000004,37.2,-0.05,24.700000000000003,117.10000000000001,-0.09,0.07
123778,276762,16.899593,-24.994807,0.,-45,0.051500000000000004,37.2,-0.05,24.700000000000003,117.10000000000001,-0.09,0.07
123778,276774,16.899595,-24.994803,0.,-45,0.051500000000000004,37.2,-0.05,24.700000000000003,117.10000000000001,-0.09,0.07
123778,277564,16.8996,-24.994822,0.,-45,0.051500000000000004,37.2,-0.05,24.700000000000003,117.,-0.09,0.07
123778,277624,16.899605,-24.994808,0.,-45,0.051500000000000004,37.2,-0.05,24.700000000000003,117.,-0.09,0.07
123778,277735,16.899593,-24.994815,0.,-45,0.051500000000000004,37.2,-0.05,24.700000000000003,116.9,-0.09,0.07
123778,277873,16.899592,-24.994812,0.,-45,0.051500000000000004,37.2,-0.05,24.700000000000003,116.9,-0.09,0.07
123778,278564,16.899575,-24.99482,0.,-45,0.051500000000000004,37.2,-0.05,24.700000000000003,116.80000000000001,-0.09,0.07
123778,278695,16.899595,-24.994813,0.,-45,0.051500000000000004,37.2,-0.05,24.700000000000003,116.80000000000001,-0.09,0.07
123778,278752,16.899595,-24.994805,0.,-45,0.051500000000000004,37.2,-0.05,24.700000000000003,116.80000000000001,-0.09,0.07
123778,279023,16.899587,-24.994828,0.,-45,0.051500000000000004,37.2,-0.05,24.700000000000003,116.7,-0.09,0.07
123778,279671,16.89959,-24.994817,0.,-45,0.051500000000000004,37.2,-0.05,24.700000000000003,116.60000000000001,-0.09,0.07
123778,279873,16.899593,-24.994832,0.,-45,0.051500000000000004,37.2,-0.05,24.700000000000003,116.60000000000001,-0.09,0.07
123778,280012,16.899595,-24.994837,0.,-45,0.051500000000000004,37.2,-0.05,24.700000000000003,116.60000000000001,-0.09,0.07
123778,280332,16.899592,-24.99483,0.,-45,0.051500000000000004,37.2,-0.05,24.700000000000003,116.5,-0.09,0.07
123778,280614,16.899598,-24.994825,0.,-45,0.051500000000000004,37.2,-0.05,24.700000000000003,116.5,-0.09,0.07
123778,281223,16.899608,-24.994822,0.,-45,0.051500000000000004,37.2,-0.05,24.700000000000003,116.4,-0.09,0.07
123778,281593,16.899593,-24.994818,0.,-45,0.051500000000000004,37.2,-0.05,24.700000000000003,116.30000000000001,-0.09,0.07
123778,281817,16.899592,-24.994815,0.,-45,0.051500000000000004,37.2,-0.05,24.700000000000003,116.30000000000001,-0.09,0.07
123778,282513,16.899607,-24.994805,0.,-45,0.051500000000000004,37.2,-0.05,24.700000000000003,116.2,-0.09,0.07
123778,282774,16.899587,-24.994823,0.,-45,0.051500000000000004,37.2,-0.05,24.700000000000003,116.10000000000001,-0.09,0.07
123778,283694,16.899593,-24.994818,0.,-45,0.051500000000000004,37.2,-0.05,24.700000000000003,116.,-0.09,0.07
123778,283734,16.899592,-24.994822,0.,-45,0.051500000000000004,37.2,-0.05,24.700000000000003,116.,-0.09,0.07
123778,284063,16.89959,-24.994823,0.,-45,0.051500000000000004,37.2,-0.05,24.700000000000003,115.9,-0.09,0.07
123778,284724,16.899595,-24.99483,0.,-45,0.051500000000000004,37.2,-0.05,24.700000000000003,115.80000000000001,-0.09,0.07
123778,285654,16.899617,-24.994832,0.,-45,0.051500000000000004,37.2,-0.05,24.700000000000003,115.60000000000001,-0.09,0.07
123778,286615,16.89959,-24.994808,0.,-45,0.051500000000000004,37.2,-0.05,24.700000000000003,115.5,-0.09,0.07
123778,287575,16.899592,-24.994813,0.,-45,0.051500000000000004,37.2,-0.05,24.700000000000003,115.30000000000001,-0.09,0.07
123778,288535,16.899607,-24.994828,0.,-45,0.051500000000000004,37.2,-0.05,24.700000000000003,115.2,-0.09,0.07
123778,289448,16.899608,-24.994825,0.,-45,0.051500000000000004,37.2,-0.05,24.700000000000003,115.,-0.09,0.07
123778,290381,16.899608,-24.994822,0.,-45,0.051500000000000004,37.2,-0.05,24.700000000000003,114.9,-0.09,0.07
123778,291357,16.899603,-24.994822,0.,-45,0.051500000000000004,37.2,-0.05,24.700000000000003,114.7,-0.09,0.07
123778,292295,16.899607,-24.994832,0.,-45,0.051500000000000004,37.2,-0.05,24.700000000000003,114.5,-0.09,0.07
123778,293222,16.899597,-24.994808,0.,-45,0.051500000000000004,37.2,-0.05,24.700000000000003,114.4,-0.09,0.07
123778,293253,16.899593,-24.994803,0.,-45,0.051500000000000004,37.2,-0.05,24.700000000000003,114.4,-0.09,0.07
123778,293261,16.899597,-24.994808,0.,-45,0.051500000000000004,37.2,-0.05,24.700000000000003,114.4,-0.09,0.07
123778,293302,16.899598,-24.994807,0.,-45,0.051500000000000004,37.2,-0.05,24.700000000000003,114.4,-0.09,0.07
123778,293303,16.899598,-24.994807,0.,-45,0.051500000000000004,37.2,-0.05,24.700000000000003,114.4,-0.09,0.07
123778,294178,16.899608,-24.994812,0.,-45,0.051500000000000004,37.2,-0.05,24.700000000000003,114.2,-0.09,0.07
123778,295156,16.899605,-24.994798,0.,-45,0.051500000000000004,37.2,-0.05,24.700000000000003,114.10000000000001,-0.09,0.07
123778,296116,16.899612,-24.994823,0.,-45,0.051500000000000004,37.2,-0.05,24.700000000000003,113.9,-0.09,0.07
123778,297074,16.899612,-24.994825,0.,-45,0.051500000000000004,37.2,-0.05,24.700000000000003,113.80000000000001,-0.09,0.07
123778,298034,16.89962,-24.994845,0.,-45,0.051500000000000004,37.2,-0.05,24.700000000000003,113.60000000000001,-0.09,0.07
123778,298996,16.899612,-24.99483,0.,-45,0.051500000000000004,37.2,-0.05,24.700000000000003,113.4,-0.1,0.07
123778,299101,16.89962,-24.994817,0.,-45,0.051500000000000004,37.2,-0.05,24.700000000000003,113.4,-0.1,0.07
123778,299220,16.899625,-24.99482,0.,-45,0.051500000000000004,37.2,-0.05,24.700000000000003,113.4,-0.1,0.07
123778,299221,16.899625,-24.99482,0.,-45,0.051500000000000004,37.2,-0.05,24.700000000000003,113.4,-0.1,0.07
123778,299292,16.899623,-24.994823,0.,-45,0.051500000000000004,37.2,-0.05,24.700000000000003,113.4,-0.1,0.07
123778,299340,16.899617,-24.99482,0.,-45,0.051500000000000004,37.2,-0.05,24.700000000000003,113.4,-0.1,0.07
123778,299341,16.899617,-24.99482,0.,-45,0.051500000000000004,37.2,-0.05,24.700000000000003,113.4,-0.1,0.07
123778,299400,16.899618,-24.994828,0.,-45,0.051500000000000004,37.2,-0.05,24.700000000000003,113.4,-0.1,0.07
123778,299401,16.899618,-24.994828,0.,-45,0.051500000000000004,37.2,-0.05,24.700000000000003,113.4,-0.1,0.07
123778,299421,16.89962,-24.994832,0.,-45,0.051500000000000004,37.2,-0.05,24.700000000000003,113.4,-0.1,0.07
123778,299482,16.899625,-24.994832,0.,-45,0.051500000000000004,37.2,-0.05,24.700000000000003,113.4,-0.1,0.07
123778,300917,16.899607,-24.994818,0.,-45,0.051500000000000004,37.2,-0.05,24.700000000000003,113.10000000000001,-0.1,0.07
123778,301880,16.899608,-24.994812,0.,-45,0.051500000000000004,37.2,-0.05,24.700000000000003,113.,-0.1,0.07
123778,302693,16.899605,-24.9948,0.,-45,0.051500000000000004,37.2,-0.05,24.700000000000003,112.80000000000001,-0.1,0.07
123778,302843,16.899612,-24.994807,0.,-45,0.051500000000000004,37.2,-0.05,24.700000000000003,112.80000000000001,-0.1,0.07
123778,303795,16.899608,-24.994802,0.,-45,0.051500000000000004,37.2,-0.05,24.700000000000003,112.7,-0.1,0.07
123778,304764,16.8996,-24.994823,0.,-45,0.051500000000000004,37.2,-0.05,24.700000000000003,112.5,-0.1,0.07
123778,305704,16.899613,-24.9948,0.,-45,0.051500000000000004,37.2,-0.05,24.700000000000003,112.30000000000001,-0.1,0.07
123778,306668,16.899618,-24.99482,0.,-45,0.051500000000000004,37.2,-0.05,24.700000000000003,112.2,-0.1,0.07
123778,307622,16.89962,-24.994842,0.,-45,0.051500000000000004,37.2,-0.06,24.700000000000003,112.,-0.1,0.07
123778,308183,16.899625,-24.994818,0.,-45,0.051500000000000004,37.2,-0.06,24.700000000000003,111.9,-0.1,0.07
123778,308595,16.899623,-24.994802,0.,-45,0.051500000000000004,37.2,-0.06,24.700000000000003,111.9,-0.1,0.07
123778,309564,16.899607,-24.994817,0.,-45,0.051500000000000004,37.2,-0.06,24.700000000000003,111.7,-0.1,0.07
123778,310518,16.899628,-24.994795,0.,-45,0.051500000000000004,37.2,-0.06,24.700000000000003,111.60000000000001,-0.1,0.08
123778,311479,16.899615,-24.994812,0.,-45,0.051500000000000004,37.2,-0.06,24.700000000000003,111.4,-0.1,0.08
123778,312435,16.899625,-24.994808,0.,-45,0.051500000000000004,37.2,-0.06,24.700000000000003,111.2,-0.1,0.08
123778,313429,16.899612,-24.994783,0.,-45,0.051500000000000004,37.2,-0.06,24.700000000000003,111.10000000000001,-0.1,0.08
123778,314385,16.899608,-24.994795,0.,-45,0.051500000000000004,37.2,-0.06,24.700000000000003,110.9,-0.1,0.08
123778,315347,16.899608,-24.994788,0.,-45,0.051500000000000004,37.2,-0.06,24.700000000000003,110.80000000000001,-0.1,0.08
123778,316297,16.899593,-24.994808,0.,-45,0.051500000000000004,37.2,-0.06,24.700000000000003,110.60000000000001,-0.1,0.08
123778,317218,16.899583,-24.99481,0.,-45,0.051500000000000004,37.2,-0.06,24.700000000000003,110.5,-0.1,0.08
123778,318180,16.899613,-24.994815,0.,-45,0.051500000000000004,37.2,-0.06,24.700000000000003,110.30000000000001,-0.1,0.08
123778,319168,16.899622,-24.994785,0.,-45,0.051500000000000004,37.2,-0.06,24.700000000000003,110.10000000000001,-0.1,0.08
123778,320094,16.89961,-24.994793,0.,-45,0.051500000000000004,37.2,-0.06,24.700000000000003,110.,-0.1,0.08
123778,320113,16.899617,-24.994792,0.,-45,0.051500000000000004,37.2,-0.06,24.700000000000003,110.,-0.1,0.08
123778,320493,16.899622,-24.99478,0.,-45,0.051500000000000004,37.2,-0.06,24.700000000000003,109.9,-0.1,0.08
123778,321057,16.899627,-24.994783,0.,-45,0.051500000000000004,37.2,-0.06,24.700000000000003,109.80000000000001,-0.1,0.08
123778,321322,16.899628,-24.994795,0.,-45,0.051500000000000004,37.2,-0.06,24.700000000000003,109.80000000000001,-0.1,0.08
123778,321542,16.89962,-24.994793,0.,-45,0.051500000000000004,37.2,-0.06,24.700000000000003,109.80000000000001,-0.1,0.08
123778,322005,16.899632,-24.9948,0.,-45,0.051500000000000004,37.2,-0.06,24.700000000000003,109.7,-0.1,0.08
123778,322422,16.89962,-24.994815,0.,-45,0.051500000000000004,37.2,-0.06,24.700000000000003,109.60000000000001,-0.1,0.08
123778,322753,16.899615,-24.994822,0.,-45,0.051500000000000004,37.2,-0.06,24.700000000000003,109.60000000000001,-0.1,0.08
123778,322929,16.899615,-24.9948,0.,-45,0.051500000000000004,37.2,-0.06,24.700000000000003,109.5,-0.1,0.08
123778,323794,16.899603,-24.994792,0.,-45,0.051500000000000004,37.2,-0.06,24.700000000000003,109.4,-0.1,0.08
123778,323837,16.899602,-24.994788,0.,-45,0.051500000000000004,37.2,-0.06,24.700000000000003,109.4,-0.1,0.08
123778,324755,16.899613,-24.994793,0.,-45,0.051500000000000004,37.2,-0.06,24.700000000000003,109.2,-0.1,0.08
123778,324883,16.899625,-24.99482,0.,-45,0.051500000000000004,37.2,-0.06,24.700000000000003,109.2,-0.1,0.08
123778,325412,16.899608,-24.994782,0.,-45,0.051500000000000004,37.2,-0.06,24.700000000000003,109.10000000000001,-0.1,0.08
123778,325754,16.899605,-24.994783,0.,-45,0.051500000000000004,37.2,-0.06,24.700000000000003,109.10000000000001,-0.1,0.08
123778,326252,16.89961,-24.994828,0.,-45,0.051500000000000004,37.2,-0.06,24.700000000000003,109.,-0.11,0.08
123778,326322,16.899615,-24.994817,0.,-45,0.051500000000000004,37.2,-0.06,24.700000000000003,109.,-0.11,0.08
123778,326717,16.899605,-24.994805,0.,-45,0.051500000000000004,37.2,-0.06,24.700000000000003,108.9,-0.11,0.08
123778,327422,16.899598,-24.994788,0.,-45,0.051500000000000004,37.2,-0.06,24.700000000000003,108.80000000000001,-0.11,0.08
123778,327713,16.899595,-24.994803,0.,-45,0.051500000000000004,37.2,-0.06,24.700000000000003,108.7,-0.11,0.08
123778,327727,16.899595,-24.994803,0.,-45,0.051500000000000004,37.2,-0.06,24.700000000000003,108.7,-0.11,0.08
123778,328874,16.899608,-24.994797,0.,-45,0.051500000000000004,37.2,-0.06,24.700000000000003,108.60000000000001,-0.11,0.08
123778,329834,16.899615,-24.99481,0.,-45,0.051500000000000004,37.2,-0.06,24.700000000000003,108.4,-0.11,0.08
123778,329873,16.899612,-24.994813,0.,-45,0.051500000000000004,37.2,-0.06,24.700000000000003,108.4,-0.11,0.08
123778,330113,16.899618,-24.994782,0.,-45,0.051500000000000004,37.2,-0.06,24.700000000000003,108.30000000000001,-0.11,0.08
123778,330795,16.899613,-24.994805,0.,-45,0.051500000000000004,37.2,-0.06,24.700000000000003,108.2,-0.11,0.08
123778,331333,16.899598,-24.994805,0.,-45,0.051500000000000004,37.2,-0.06,24.700000000000003,108.10000000000001,-0.11,0.08
123778,331816,16.899595,-24.994807,0.,-45,0.051500000000000004,37.2,-0.06,24.700000000000003,108.10000000000001,-0.11,0.08
123778,332572,16.899585,-24.99482,0.,-45,0.051500000000000004,37.2,-0.06,24.700000000000003,107.9,-0.11,0.08
123778,332815,16.89959,-24.994823,0.,-45,0.051500000000000004,37.2,-0.06,24.700000000000003,107.9,-0.11,0.08
123778,333821,16.899592,-24.994825,0.,-45,0.051500000000000004,37.2,-0.06,24.700000000000003,107.7,-0.11,0.08
123778,334795,16.899593,-24.994812,0.,-45,0.051500000000000004,37.2,-0.06,24.700000000000003,107.60000000000001,-0.11,0.08
123778,335744,16.89959,-24.994822,0.,-45,0.051500000000000004,37.2,-0.06,24.700000000000003,107.4,-0.11,0.08
123778,336708,16.899577,-24.994808,0.,-45,0.051500000000000004,37.2,-0.06,24.700000000000003,107.30000000000001,-0.11,0.08
123778,337181,16.89958,-24.99482,0.,-45,0.051500000000000004,37.2,-0.06,24.700000000000003,107.2,-0.11,0.08
123778,337182,16.89958,-24.99482,0.,-45,0.051500000000000004,37.2,-0.06,24.700000000000003,107.2,-0.11,0.08
123778,337311,16.899577,-24.994812,0.,-45,0.051500000000000004,37.2,-0.06,24.700000000000003,107.2,-0.11,0.08
123778,337372,16.89958,-24.99481,0.,-45,0.051500000000000004,37.2,-0.06,24.700000000000003,107.2,-0.11,0.08
123778,337673,16.89956,-24.994812,0.,-45,0.051500000000000004,37.2,-0.06,24.700000000000003,107.10000000000001,-0.11,0.08
123778,338629,16.899598,-24.994822,0.,-45,0.051500000000000004,37.2,-0.06,24.700000000000003,107.,-0.11,0.08
123778,339580,16.899592,-24.994808,0.,-45,0.051500000000000004,37.2,-0.06,24.700000000000003,106.80000000000001,-0.11,0.08
123778,340620,16.899592,-24.9948,0.,-45,0.051500000000000004,37.2,-0.06,24.700000000000003,106.60000000000001,-0.11,0.08
123778,341594,16.899607,-24.994768,0.,-45,0.051500000000000004,37.2,-0.06,24.700000000000003,106.5,-0.11,0.08
123778,342534,16.899603,-24.994758,0.,-45,0.051500000000000004,37.2,-0.06,24.700000000000003,106.30000000000001,-0.11,0.08
123778,342730,16.899592,-24.99477,0.,-45,0.051500000000000004,37.2,-0.06,24.700000000000003,106.30000000000001,-0.11,0.08
123778,342731,16.899592,-24.99477,0.,-45,0.051500000000000004,37.2,-0.06,24.700000000000003,106.30000000000001,-0.11,0.08
123778,343002,16.899585,-24.994772,0.,-45,0.051500000000000004,37.2,-0.06,24.700000000000003,106.2,-0.11,0.08
123778,343141,16.89959,-24.994772,0.,-45,0.051500000000000004,37.2,-0.06,24.700000000000003,106.2,-0.11,0.08
123778,343142,16.89959,-24.994772,0.,-45,0.051500000000000004,37.2,-0.06,24.700000000000003,106.2,-0.11,0.08
123778,343171,16.899597,-24.994765,0.,-45,0.051500000000000004,37.2,-0.06,24.700000000000003,106.2,-0.11,0.08
123778,343172,16.899597,-24.994765,0.,-45,0.051500000000000004,37.2,-0.06,24.700000000000003,106.2,-0.11,0.08
123778,343232,16.899595,-24.99476,0.,-45,0.051500000000000004,37.2,-0.06,24.700000000000003,106.2,-0.11,0.08
123778,343250,16.899592,-24.99477,0.,-45,0.051500000000000004,37.2,-0.06,24.700000000000003,106.2,-0.11,0.08
123778,343251,16.899592,-24.99477,0.,-45,0.051500000000000004,37.2,-0.06,24.700000000000003,106.2,-0.11,0.08
123778,343311,16.899583,-24.994773,0.,-45,0.051500000000000004,37.2,-0.06,24.700000000000003,106.2,-0.11,0.08
123778,343516,16.899587,-24.994765,0.,-45,0.051500000000000004,37.2,-0.06,24.700000000000003,106.2,-0.11,0.08
123778,344475,16.899592,-24.994783,0.,-45,0.051500000000000004,37.2,-0.06,24.700000000000003,106.,-0.11,0.08
123778,344894,16.899577,-24.994818,0.,-45,0.051500000000000004,37.2,-0.06,24.700000000000003,105.9,-0.11,0.08
123778,345439,16.899587,-24.994803,0.,-45,0.051500000000000004,37.2,-0.06,24.700000000000003,105.80000000000001,-0.11,0.08
123778,346415,16.899592,-24.994817,0.,-45,0.051500000000000004,37.2,-0.06,24.700000000000003,105.7,-0.11,0.08
123778,347376,16.899583,-24.994807,0.,-45,0.051500000000000004,37.2,-0.06,24.700000000000003,105.5,-0.11,0.08
123778,348335,16.899592,-24.994805,0.,-45,0.051500000000000004,37.2,-0.06,24.700000000000003,105.4,-0.11,0.08
123778,349294,16.899592,-24.994823,0.,-45,0.051500000000000004,37.2,-0.06,24.700000000000003,105.2,-0.11,0.08
123778,350258,16.899597,-24.994822,0.,-45,0.051500000000000004,37.2,-0.06,24.700000000000003,105.,-0.11,0.08
123778,350294,16.899605,-24.99482,0.,-45,0.051500000000000004,37.2,-0.06,24.700000000000003,105.,-0.11,0.08
123778,351220,16.899607,-24.994813,0.,-45,0.051500000000000004,37.2,-0.06,24.700000000000003,104.9,-0.11,0.08
123778,352396,16.899595,-24.994817,0.,-45,0.051500000000000004,37.2,-0.06,24.700000000000003,104.7,-0.11,0.08
123778,353359,16.899592,-24.994805,0.,-45,0.051500000000000004,37.2,-0.06,24.700000000000003,104.5,-0.11,0.08
123778,354315,16.899587,-24.994817,0.,-45,0.051500000000000004,37.2,-0.06,24.700000000000003,104.4,-0.12,0.08
123778,355274,16.899573,-24.994782,0.,-45,0.051500000000000004,37.2,-0.06,24.700000000000003,104.2,-0.12,0.08
123778,356269,16.899585,-24.994802,0.,-45,0.051500000000000004,37.2,-0.06,24.700000000000003,104.10000000000001,-0.12,0.08
123778,357195,16.899572,-24.99482,0.,-45,0.051500000000000004,37.2,-0.06,24.700000000000003,103.9,-0.12,0.08
123778,358155,16.899585,-24.994817,0.,-45,0.051500000000000004,37.2,-0.06,24.700000000000003,103.80000000000001,-0.12,0.08
123778,359115,16.899585,-24.994823,0.,-45,0.051500000000000004,37.2,-0.06,24.700000000000003,103.60000000000001,-0.12,0.08
123778,359423,16.899595,-24.994775,0.,-45,0.051500000000000004,37.2,-0.06,24.700000000000003,103.5,-0.12,0.08
123778,360073,16.899577,-24.994815,0.,-45,0.051500000000000004,37.2,-0.06,24.700000000000003,103.4,-0.12,0.08
123778,360834,16.899588,-24.99482,0.,-45,0.051500000000000004,37.2,-0.06,24.700000000000003,103.30000000000001,-0.12,0.08
123778,361035,16.899582,-24.994805,0.,-45,0.051500000000000004,37.2,-0.06,24.700000000000003,103.30000000000001,-0.12,0.08
123778,361653,16.899582,-24.994802,0.,-45,0.051500000000000004,37.2,-0.06,24.700000000000003,103.2,-0.12,0.08
123778,361973,16.899605,-24.994818,0.,-45,0.051500000000000004,37.2,-0.06,24.700000000000003,103.10000000000001,-0.12,0.08
123778,361997,16.899602,-24.994818,0.,-45,0.051500000000000004,37.2,-0.06,24.700000000000003,103.10000000000001,-0.12,0.08
123778,362293,16.899593,-24.994798,0.,-45,0.051500000000000004,37.2,-0.06,24.700000000000003,103.10000000000001,-0.12,0.08
123778,362923,16.899597,-24.994803,0.,-45,0.051500000000000004,37.2,-0.06,24.700000000000003,103.,-0.12,0.08
123778,362959,16.899595,-24.994803,0.,-45,0.051500000000000004,37.2,-0.06,24.700000000000003,103.,-0.12,0.08
123778,363283,16.899607,-24.99481,0.,-45,0.051500000000000004,37.2,-0.06,24.700000000000003,102.9,-0.12,0.08
123778,363433,16.899595,-24.994805,0.,-45,0.051500000000000004,37.2,-0.06,24.700000000000003,102.9,-0.12,0.08
123778,364164,16.899587,-24.994807,0.,-45,0.051500000000000004,37.2,-0.06,24.700000000000003,102.80000000000001,-0.12,0.08
123778,364243,16.899588,-24.994805,0.,-45,0.051500000000000004,37.2,-0.06,24.700000000000003,102.80000000000001,-0.12,0.08
123778,364593,16.899582,-24.994818,0.,-45,0.051500000000000004,37.2,-0.06,24.700000000000003,102.7,-0.12,0.08
123778,364873,16.899593,-24.994815,0.,-45,0.051500000000000004,37.2,-0.06,24.700000000000003,102.7,-0.12,0.08
123778,365118,16.899585,-24.994822,0.,-45,0.051500000000000004,37.2,-0.06,24.700000000000003,102.60000000000001,-0.12,0.08
123778,365533,16.899593,-24.994827,0.,-45,0.051500000000000004,37.2,-0.06,24.700000000000003,102.5,-0.12,0.08
123778,366074,16.899593,-24.994847,0.,-45,0.051500000000000004,37.2,-0.06,24.700000000000003,102.5,-0.12,0.08
123778,366874,16.899597,-24.994813,0.,-45,0.051500000000000004,37.2,-0.06,24.700000000000003,102.30000000000001,-0.12,0.08
123778,366972,16.899595,-24.994827,0.,-45,0.051500000000000004,37.2,-0.06,24.700000000000003,102.30000000000001,-0.12,0.08
123778,367035,16.899593,-24.994832,0.,-45,0.051500000000000004,37.2,-0.06,24.700000000000003,102.30000000000001,-0.12,0.08
123778,367998,16.899592,-24.994815,0.,-45,0.051500000000000004,37.2,-0.06,24.700000000000003,102.10000000000001,-0.12,0.08
123778,368062,16.899588,-24.994805,0.,-45,0.051500000000000004,37.2,-0.06,24.700000000000003,102.10000000000001,-0.12,0.08
123778,368353,16.899595,-24.994808,0.,-45,0.051500000000000004,37.2,-0.06,24.700000000000003,102.10000000000001,-0.12,0.08
123778,368954,16.899588,-24.994823,0.,-45,0.051500000000000004,37.2,-0.06,24.700000000000003,102.,-0.12,0.08
123778,369915,16.899597,-24.994825,0.,-45,0.051500000000000004,37.2,-0.06,24.700000000000003,101.80000000000001,-0.12,0.08
123778,370875,16.899608,-24.994827,0.,-45,0.051500000000000004,37.2,-0.06,24.700000000000003,101.7,-0.12,0.08
123778,371835,16.899615,-24.994822,0.,-45,0.051500000000000004,37.2,-0.06,24.700000000000003,101.5,-0.12,0.08
123778,372794,16.899598,-24.994815,0.,-45,0.051500000000000004,37.2,-0.06,24.700000000000003,101.4,-0.12,0.08
123778,373754,16.899622,-24.994808,0.,-45,0.051500000000000004,37.2,-0.06,24.700000000000003,101.2,-0.12,0.08
123778,374717,16.899627,-24.994815,0.,-45,0.051500000000000004,37.2,-0.06,24.700000000000003,101.,-0.12,0.08
123778,375915,16.899622,-24.994818,0.,-45,0.051500000000000004,37.2,-0.06,24.700000000000003,100.80000000000001,-0.12,0.08
123778,376915,16.899617,-24.994838,0.,-45,0.051500000000000004,37.2,-0.06,24.700000000000003,100.7,-0.12,0.08
123778,377875,16.899618,-24.994847,0.,-45,0.051500000000000004,37.2,-0.06,24.700000000000003,100.5,-0.12,0.08
123778,378834,16.899593,-24.99482,0.,-45,0.051500000000000004,37.2,-0.06,24.700000000000003,100.4,-0.12,0.08
123778,379793,16.899627,-24.994818,0.,-45,0.051500000000000004,37.2,-0.06,24.700000000000003,100.2,-0.12,0.08
123778,380754,16.899603,-24.994803,0.,-45,0.051500000000000004,37.2,-0.06,24.700000000000003,100.,-0.12,0.08
123778,381531,16.899578,-24.994835,0.,-45,0.051500000000000004,37.2,-0.06,24.700000000000003,99.9,-0.13,0.08
123778,381532,16.899578,-24.994835,0.,-45,0.051500000000000004,37.2,-0.06,24.700000000000003,99.9,-0.13,0.08
123778,381561,16.899588,-24.994825,0.,-45,0.051500000000000004,37.2,-0.06,24.700000000000003,99.9,-0.13,0.08
123778,381651,16.899595,-24.994812,0.,-45,0.051500000000000004,37.2,-0.06,24.700000000000003,99.9,-0.13,0.08
123778,381652,16.899595,-24.994812,0.,-45,0.051500000000000004,37.2,-0.06,24.700000000000003,99.9,-0.13,0.08
123778,381660,16.899597,-24.994808,0.,-45,0.051500000000000004,37.2,-0.06,24.700000000000003,99.9,-0.13,0.08
123778,381670,16.899597,-24.994805,0.,-45,0.051500000000000004,37.2,-0.06,24.700000000000003,99.9,-0.13,0.08
123778,381681,16.899598,-24.994802,0.,-45,0.051500000000000004,37.2,-0.06,24.700000000000003,99.9,-0.13,0.08
123778,381725,16.899593,-24.994802,0.,-45,0.051500000000000004,37.2,-0.06,24.700000000000003,99.9,-0.13,0.08
123778,381729,16.899597,-24.9948,0.,-45,0.051500000000000004,37.2,-0.06,24.700000000000003,99.9,-0.13,0.08
123778,381730,16.899597,-24.9948,0.,-45,0.051500000000000004,37.2,-0.06,24.700000000000003,99.9,-0.13,0.08
123778,381760,16.899597,-24.994798,0.,-45,0.051500000000000004,37.2,-0.06,24.700000000000003,99.9,-0.13,0.08
123778,381761,16.899597,-24.994798,0.,-45,0.051500000000000004,37.2,-0.06,24.700000000000003,99.9,-0.13,0.08
123778,382686,16.8996,-24.994792,0.,-45,0.051500000000000004,37.2,-0.06,24.700000000000003,99.7,-0.13,0.08
123778,383634,16.899658,-24.994822,0.,-45,0.051500000000000004,37.2,-0.06,24.700000000000003,99.60000000000001,-0.13,0.08
123778,384607,16.899633,-24.994825,0.,-45,0.051500000000000004,37.2,-0.06,24.700000000000003,99.4,-0.13,0.08
123778,385556,16.89964,-24.994825,0.,-45,0.051500000000000004,37.2,-0.06,24.700000000000003,99.30000000000001,-0.13,0.08
123778,386528,16.89962,-24.994822,0.,-45,0.051500000000000004,37.2,-0.06,24.700000000000003,99.10000000000001,-0.13,0.08
123778,387431,16.899623,-24.994807,0.,-45,0.051500000000000004,37.2,-0.06,24.700000000000003,99.,-0.13,0.08
123778,387461,16.899625,-24.9948,0.,-45,0.051500000000000004,37.2,-0.06,24.700000000000003,98.9,-0.13,0.08
123778,387480,16.899623,-24.994795,0.,-45,0.051500000000000004,37.2,-0.06,24.700000000000003,98.9,-0.13,0.08
123778,387481,16.899623,-24.994795,0.,-45,0.051500000000000004,37.2,-0.06,24.700000000000003,98.9,-0.13,0.08
123778,387531,16.89962,-24.994798,0.,-45,0.051500000000000004,37.2,-0.06,24.700000000000003,98.9,-0.13,0.08
123778,387540,16.89962,-24.9948,0.,-45,0.051500000000000004,37.2,-0.06,24.700000000000003,98.9,-0.13,0.08
123778,387541,16.89962,-24.9948,0.,-45,0.051500000000000004,37.2,-0.06,24.700000000000003,98.9,-0.13,0.08
123778,387561,16.89962,-24.9948,0.,-45,0.051500000000000004,37.2,-0.06,24.700000000000003,98.9,-0.13,0.08
123778,387600,16.899622,-24.994798,0.,-45,0.051500000000000004,37.2,-0.06,24.700000000000003,98.9,-0.13,0.08
123778,387601,16.899622,-24.994798,0.,-45,0.051500000000000004,37.2,-0.06,24.700000000000003,98.9,-0.13,0.08
123778,387678,16.899612,-24.994808,0.,-45,0.051500000000000004,37.2,-0.06,24.700000000000003,98.9,-0.13,0.08
123778,387850,16.899613,-24.994815,0.,-45,0.051500000000000004,37.2,-0.06,24.700000000000003,98.9,-0.13,0.08
123778,387880,16.899617,-24.994817,0.,-45,0.051500000000000004,37.2,-0.06,24.700000000000003,98.9,-0.13,0.08
123778,388634,16.899625,-24.994805,0.,-45,0.051500000000000004,37.2,-0.07,24.700000000000003,98.80000000000001,-0.13,0.08
123778,389594,16.899633,-24.99479,0.,-45,0.051500000000000004,37.2,-0.07,24.700000000000003,98.60000000000001,-0.13,0.08
123778,390565,16.899632,-24.994788,0.,-45,0.051500000000000004,37.2,-0.07,24.700000000000003,98.4,-0.13,0.08
123778,391523,16.899647,-24.99482,0.,-45,0.051500000000000004,37.2,-0.07,24.700000000000003,98.30000000000001,-0.13,0.08
123778,391674,16.899647,-24.994808,0.,-45,0.051500000000000004,37.2,-0.07,24.700000000000003,98.30000000000001,-0.13,0.08
123778,392474,16.899635,-24.99483,0.,-45,0.051500000000000004,37.2,-0.07,24.700000000000003,98.10000000000001,-0.13,0.08
123778,393435,16.899642,-24.994828,0.,-45,0.051500000000000004,37.2,-0.07,24.700000000000003,98.,-0.13,0.08
123778,394394,16.899623,-24.994825,0.,-45,0.051500000000000004,37.2,-0.07,24.700000000000003,97.80000000000001,-0.13,0.08
123778,395355,16.89963,-24.994815,0.,-45,0.051500000000000004,37.2,-0.07,24.700000000000003,97.7,-0.13,0.08
123778,396324,16.899598,-24.994788,0.,-45,0.051500000000000004,37.2,-0.07,24.700000000000003,97.5,-0.13,0.08
123778,397275,16.899615,-24.994813,0.,-45,0.051500000000000004,37.2,-0.07,24.700000000000003,97.30000000000001,-0.13,0.08
123778,398234,16.899637,-24.99478,0.,-45,0.051500000000000004,37.2,-0.07,24.700000000000003,97.2,-0.13,0.08
123778,399442,16.89963,-24.994775,0.,-45,0.051500000000000004,37.2,-0.07,24.700000000000003,97.,-0.13,0.08
123778,400395,16.899627,-24.994772,0.,-45,0.051500000000000004,37.2,-0.07,24.700000000000003,96.80000000000001,-0.13,0.08
123778,401357,16.899622,-24.994765,0.,-45,0.051500000000000004,37.2,-0.07,24.700000000000003,96.7,-0.13,0.08
123778,402338,16.899638,-24.994788,0.,-45,0.051500000000000004,37.2,-0.07,24.700000000000003,96.5,-0.13,0.08
123778,403298,16.899607,-24.99481,0.,-45,0.051500000000000004,37.2,-0.07,24.700000000000003,96.4,-0.13,0.08
123778,404234,16.899645,-24.994812,0.,-45,0.051500000000000004,37.2,-0.07,24.700000000000003,96.2,-0.13,0.08
123778,404754,16.899637,-24.994813,0.,-45,0.051500000000000004,37.2,-0.07,24.700000000000003,96.10000000000001,-0.13,0.08
123778,405202,16.89964,-24.994792,0.,-45,0.051500000000000004,37.2,-0.07,24.700000000000003,96.,-0.13,0.08
123778,406169,16.899625,-24.994788,0.,-45,0.051500000000000004,37.2,-0.07,24.700000000000003,95.9,-0.13,0.08
123778,406803,16.899633,-24.9948,0.,-45,0.051500000000000004,37.2,-0.07,24.700000000000003,95.80000000000001,-0.13,0.08
123778,407176,16.899627,-24.994782,0.,-45,0.051500000000000004,37.2,-0.07,24.700000000000003,95.7,-0.13,0.08
123778,407334,16.899608,-24.994805,0.,-45,0.051500000000000004,37.2,-0.07,24.700000000000003,95.7,-0.13,0.08
123778,407984,16.899635,-24.994788,0.,-45,0.051500000000000004,37.2,-0.07,24.700000000000003,95.60000000000001,-0.13,0.08
123778,408136,16.89964,-24.994815,0.,-45,0.051500000000000004,37.2,-0.07,24.700000000000003,95.60000000000001,-0.13,0.08
123778,408154,16.899643,-24.994817,0.,-45,0.051500000000000004,37.2,-0.07,24.700000000000003,95.60000000000001,-0.13,0.08
123778,409129,16.89963,-24.99481,0.,-45,0.051500000000000004,37.2,-0.07,24.700000000000003,95.4,-0.14,0.08
123778,409352,16.899627,-24.9948,0.,-45,0.051500000000000004,37.2,-0.07,24.700000000000003,95.4,-0.14,0.08
123778,409373,16.899622,-24.994802,0.,-45,0.051500000000000004,37.2,-0.07,24.700000000000003,95.4,-0.14,0.08
123778,410056,16.899605,-24.994798,0.,-45,0.051500000000000004,37.2,-0.07,24.700000000000003,95.2,-0.14,0.08
123778,410422,16.899638,-24.9948,0.,-45,0.051500000000000004,37.2,-0.07,24.700000000000003,95.2,-0.14,0.08
123778,411194,16.899643,-24.994807,0.,-45,0.051500000000000004,37.2,-0.07,24.700000000000003,95.10000000000001,-0.14,0.08
123778,411813,16.899607,-24.994782,0.,-45,0.051500000000000004,37.2,-0.07,24.700000000000003,95.,-0.14,0.08
123778,412182,16.899602,-24.994823,0.,-45,0.051500000000000004,37.2,-0.07,24.700000000000003,94.9,-0.14,0.08
123778,413044,16.89962,-24.994825,0.,-45,0.051500000000000004,37.2,-0.07,24.700000000000003,94.80000000000001,-0.14,0.09
123778,413138,16.899605,-24.994828,0.,-45,0.051500000000000004,37.2,-0.07,24.700000000000003,94.7,-0.14,0.09
123778,414093,16.899622,-24.994795,0.,-45,0.051500000000000004,37.2,-0.07,24.700000000000003,94.60000000000001,-0.14,0.09
123778,414364,16.899618,-24.994818,0.,-45,0.051500000000000004,37.2,-0.07,24.700000000000003,94.5,-0.14,0.09
123778,415068,16.899622,-24.994797,0.,-45,0.051500000000000004,37.2,-0.07,24.700000000000003,94.4,-0.14,0.09
123778,415542,16.899608,-24.99482,0.,-45,0.051500000000000004,37.2,-0.07,24.700000000000003,94.30000000000001,-0.14,0.09
123778,416022,16.899623,-24.99481,0.,-45,0.051500000000000004,37.2,-0.07,24.700000000000003,94.30000000000001,-0.14,0.09
123778,416985,16.899617,-24.99481,0.,-45,0.051500000000000004,37.2,-0.07,24.700000000000003,94.10000000000001,-0.14,0.09
123778,417950,16.899605,-24.994802,0.,-45,0.051500000000000004,37.2,-0.07,24.700000000000003,94.,-0.14,0.09
123778,418938,16.899613,-24.994812,0.,-45,0.051500000000000004,37.2,-0.07,24.700000000000003,93.80000000000001,-0.14,0.09
123778,419956,16.899598,-24.994818,0.,-45,0.051500000000000004,37.2,-0.07,24.700000000000003,93.60000000000001,-0.14,0.09
123778,420914,16.899613,-24.994802,0.,-45,0.051500000000000004,37.2,-0.07,24.700000000000003,93.5,-0.14,0.09
123778,421905,16.899605,-24.994828,0.,-45,0.051500000000000004,37.2,-0.07,24.700000000000003,93.30000000000001,-0.14,0.09
123778,422954,16.899587,-24.994813,0.,-45,0.051500000000000004,37.2,-0.07,24.700000000000003,93.10000000000001,-0.14,0.09
123778,423920,16.899598,-24.99482,0.,-45,0.051500000000000004,37.2,-0.07,24.700000000000003,93.,-0.14,0.09
123778,424874,16.899592,-24.99482,0.,-45,0.051500000000000004,37.2,-0.07,24.700000000000003,92.80000000000001,-0.14,0.09
123778,425351,16.899617,-24.994808,0.,-45,0.051500000000000004,37.2,-0.07,24.700000000000003,92.7,-0.14,0.09
123778,425471,16.8996,-24.994817,0.,-45,0.051500000000000004,37.2,-0.07,24.700000000000003,92.7,-0.14,0.09
123778,425501,16.899593,-24.994822,0.,-45,0.051500000000000004,37.2,-0.07,24.700000000000003,92.7,-0.14,0.09
123778,425543,16.899603,-24.994822,0.,-45,0.051500000000000004,37.2,-0.07,24.700000000000003,92.7,-0.14,0.09
123778,425552,16.899602,-24.994823,0.,-45,0.051500000000000004,37.2,-0.07,24.700000000000003,92.7,-0.14,0.09
123778,425553,16.899602,-24.994823,0.,-45,0.051500000000000004,37.2,-0.07,24.700000000000003,92.7,-0.14,0.09
123778,425622,16.899607,-24.994812,0.,-45,0.051500000000000004,37.2,-0.07,24.700000000000003,92.7,-0.14,0.09
123778,425632,16.899607,-24.994807,0.,-45,0.051500000000000004,37.2,-0.07,24.700000000000003,92.7,-0.14,0.09
123778,425633,16.899607,-24.994807,0.,-45,0.051500000000000004,37.2,-0.07,24.700000000000003,92.7,-0.14,0.09
123778,425644,16.89961,-24.994803,0.,-45,0.051500000000000004,37.2,-0.07,24.700000000000003,92.7,-0.14,0.09
123778,425836,16.899602,-24.994802,0.,-45,0.051500000000000004,37.2,-0.07,24.700000000000003,92.7,-0.14,0.09
123778,426855,16.899603,-24.994807,0.,-45,0.051500000000000004,37.2,-0.07,24.700000000000003,92.5,-0.14,0.09
123778,427867,16.899608,-24.994765,0.,-45,0.051500000000000004,37.2,-0.07,24.700000000000003,92.30000000000001,-0.14,0.09
123778,428781,16.899598,-24.994797,0.,-45,0.051500000000000004,37.2,-0.07,24.700000000000003,92.2,-0.14,0.09
123778,429742,16.899593,-24.994802,0.,-45,0.051500000000000004,37.2,-0.07,24.700000000000003,92.,-0.14,0.09
123778,430695,16.899597,-24.994808,0.,-45,0.051500000000000004,37.2,-0.07,24.700000000000003,91.9,-0.14,0.09
123778,431224,16.899597,-24.994823,0.,-45,0.051500000000000004,37.2,-0.07,24.700000000000003,91.80000000000001,-0.14,0.09
123778,431262,16.899598,-24.994817,0.,-45,0.051500000000000004,37.2,-0.07,24.700000000000003,91.80000000000001,-0.14,0.09
123778,431302,16.899592,-24.99482,0.,-45,0.051500000000000004,37.2,-0.07,24.700000000000003,91.80000000000001,-0.14,0.09
123778,431403,16.899592,-24.994828,0.,-45,0.051500000000000004,37.2,-0.07,24.700000000000003,91.7,-0.14,0.09
123778,431493,16.89959,-24.994812,0.,-45,0.051500000000000004,37.2,-0.07,24.700000000000003,91.7,-0.14,0.09
123778,431503,16.89959,-24.994808,0.,-45,0.051500000000000004,37.2,-0.07,24.700000000000003,91.7,-0.14,0.09
123778,431655,16.899592,-24.994813,0.,-45,0.051500000000000004,37.2,-0.07,24.700000000000003,91.7,-0.14,0.09
123778,432615,16.899602,-24.994812,0.,-45,0.051500000000000004,37.2,-0.07,24.700000000000003,91.5,-0.14,0.09
123778,433576,16.899588,-24.994807,0.,-45,0.051500000000000004,37.2,-0.07,24.700000000000003,91.4,-0.14,0.09
123778,433984,16.899587,-24.994813,0.,-45,0.051500000000000004,37.2,-0.07,24.700000000000003,91.30000000000001,-0.14,0.09
123778,434740,16.899582,-24.994805,0.,-45,0.051500000000000004,37.2,-0.07,24.700000000000003,91.2,-0.14,0.09
123778,435697,16.899592,-24.994823,0.,-45,0.051500000000000004,37.2,-0.07,24.700000000000003,91.,-0.14,0.09
123778,436672,16.899582,-24.994818,0.,-45,0.051500000000000004,37.2,-0.07,24.700000000000003,90.9,-0.15,0.09
123778,437638,16.899585,-24.994825,0.,-45,0.051500000000000004,37.2,-0.07,24.700000000000003,90.7,-0.15,0.09
123778,438594,16.899592,-24.994822,0.,-45,0.051500000000000004,37.2,-0.07,24.700000000000003,90.60000000000001,-0.15,0.09
123778,439554,16.89959,-24.994812,0.,-45,0.051500000000000004,37.2,-0.07,24.700000000000003,90.4,-0.15,0.09
123778,440515,16.899582,-24.994837,0.,-45,0.051500000000000004,37.2,-0.07,24.700000000000003,90.30000000000001,-0.15,0.09
123778,441474,16.899578,-24.994802,0.,-45,0.051500000000000004,37.2,-0.07,24.700000000000003,90.10000000000001,-0.15,0.09
123778,442434,16.89959,-24.994815,0.,-45,0.051500000000000004,37.2,-0.07,24.700000000000003,89.9,-0.15,0.09
123778,443395,16.899582,-24.994822,0.,-45,0.051500000000000004,37.2,-0.07,24.700000000000003,89.80000000000001,-0.15,0.09
123778,444113,16.899577,-24.994825,0.,-45,0.051500000000000004,37.2,-0.07,24.700000000000003,89.7,-0.15,0.09
123778,444353,16.899592,-24.994822,0.,-45,0.051500000000000004,37.2,-0.07,24.700000000000003,89.60000000000001,-0.15,0.09
123778,445314,16.899578,-24.994827,0.,-45,0.051500000000000004,37.2,-0.07,24.700000000000003,89.5,-0.15,0.09
123778,445352,16.899577,-24.994822,0.,-45,0.051500000000000004,37.2,-0.07,24.700000000000003,89.5,-0.15,0.09
123778,446314,16.899585,-24.994823,0.,-45,0.051500000000000004,37.2,-0.07,24.700000000000003,89.30000000000001,-0.15,0.09
123778,446494,16.89959,-24.994818,0.,-45,0.051500000000000004,37.2,-0.07,24.700000000000003,89.30000000000001,-0.15,0.09
123778,446683,16.899587,-24.994827,0.,-45,0.051500000000000004,37.2,-0.07,24.700000000000003,89.2,-0.15,0.09
123778,447292,16.899585,-24.994818,0.,-45,0.051500000000000004,37.2,-0.07,24.700000000000003,89.10000000000001,-0.15,0.09
123778,447454,16.899592,-24.994817,0.,-45,0.051500000000000004,37.2,-0.07,24.700000000000003,89.10000000000001,-0.15,0.09
123778,447734,16.899587,-24.994807,0.,-45,0.051500000000000004,37.2,-0.07,24.700000000000003,89.10000000000001,-0.15,0.09
123778,448413,16.8996,-24.994795,0.,-45,0.051500000000000004,37.2,-0.07,24.700000000000003,89.,-0.15,0.09
123778,448512,16.899588,-24.994797,0.,-45,0.051500000000000004,37.2,-0.07,24.700000000000003,88.9,-0.15,0.09
123778,448672,16.899597,-24.994822,0.,-45,0.051500000000000004,37.2,-0.07,24.700000000000003,88.9,-0.15,0.09
123778,448962,16.899592,-24.99482,0.,-45,0.051500000000000004,37.2,-0.07,24.700000000000003,88.9,-0.15,0.09
123778,449373,16.899593,-24.99482,0.,-45,0.051500000000000004,37.2,-0.07,24.700000000000003,88.80000000000001,-0.15,0.09
123778,449803,16.899582,-24.994813,0.,-45,0.051500000000000004,37.2,-0.07,24.700000000000003,88.7,-0.15,0.09
123778,450063,16.899587,-24.994808,0.,-45,0.051500000000000004,37.2,-0.07,24.700000000000003,88.7,-0.15,0.09
123778,450344,16.899592,-24.994805,0.,-45,0.051500000000000004,37.2,-0.07,24.700000000000003,88.60000000000001,-0.15,0.09
123778,450350,16.899587,-24.994808,0.,-45,0.051500000000000004,37.2,-0.07,24.700000000000003,88.60000000000001,-0.15,0.09
123778,451034,16.899592,-24.994802,0.,-45,0.051500000000000004,37.2,-0.07,24.700000000000003,88.5,-0.15,0.09
123778,451299,16.899592,-24.994813,0.,-45,0.051500000000000004,37.2,-0.07,24.700000000000003,88.5,-0.15,0.09
123778,451333,16.899587,-24.99482,0.,-45,0.051500000000000004,37.2,-0.07,24.700000000000003,88.5,-0.15,0.09
123778,451623,16.899595,-24.994818,0.,-45,0.051500000000000004,37.2,-0.07,24.700000000000003,88.4,-0.15,0.09
123778,452254,16.89959,-24.994837,0.,-45,0.051500000000000004,37.2,-0.07,24.700000000000003,88.30000000000001,-0.15,0.09
123778,452384,16.89959,-24.994837,0.,-45,0.051500000000000004,37.2,-0.07,24.700000000000003,88.30000000000001,-0.15,0.09
123778,452682,16.899593,-24.994823,0.,-45,0.051500000000000004,37.2,-0.07,24.700000000000003,88.30000000000001,-0.15,0.09
123778,453217,16.899592,-24.994828,0.,-45,0.051500000000000004,37.2,-0.07,24.700000000000003,88.2,-0.15,0.09
123778,453782,16.899585,-24.994818,0.,-45,0.051500000000000004,37.2,-0.07,24.700000000000003,88.10000000000001,-0.15,0.09
123778,454177,16.899587,-24.994815,0.,-45,0.051500000000000004,37.2,-0.07,24.700000000000003,88.,-0.15,0.09
123778,455134,16.899578,-24.99483,0.,-45,0.051500000000000004,37.2,-0.07,24.700000000000003,87.9,-0.15,0.09
123778,456093,16.89959,-24.994818,0.,-45,0.051500000000000004,37.2,-0.07,24.700000000000003,87.7,-0.15,0.09
123778,457056,16.899593,-24.99481,0.,-45,0.051500000000000004,37.2,-0.07,24.700000000000003,87.5,-0.15,0.09
123778,458253,16.899603,-24.994823,0.,-45,0.051500000000000004,37.2,-0.07,24.700000000000003,87.30000000000001,-0.15,0.09
123778,459214,16.899602,-24.99481,0.,-45,0.051500000000000004,37.2,-0.07,24.700000000000003,87.2,-0.15,0.09
123778,460173,16.899637,-24.99483,0.,-45,0.051500000000000004,37.2,-0.07,24.700000000000003,87.,-0.15,0.09
123778,461138,16.899613,-24.994833,0.,-45,0.051500000000000004,37.2,-0.07,24.700000000000003,86.9,-0.15,0.09
123778,462094,16.899608,-24.994812,0.,-45,0.051500000000000004,37.2,-0.07,24.700000000000003,86.7,-0.15,0.09
123778,463094,16.89961,-24.994825,0.,-45,0.051500000000000004,37.2,-0.07,24.700000000000003,86.60000000000001,-0.15,0.09
123778,464055,16.899607,-24.994827,0.,-45,0.051500000000000004,37.2,-0.07,24.700000000000003,86.4,-0.16,0.09
123778,465015,16.899583,-24.99482,0.,-45,0.051500000000000004,37.2,-0.07,24.700000000000003,86.2,-0.16,0.09
123778,465974,16.899598,-24.994807,0.,-45,0.051500000000000004,37.2,-0.07,24.700000000000003,86.10000000000001,-0.16,0.09
123778,466934,16.899592,-24.994797,0.,-45,0.051500000000000004,37.2,-0.07,24.700000000000003,85.9,-0.16,0.09
123778,467894,16.899595,-24.99479,0.,-45,0.051500000000000004,37.2,-0.07,24.700000000000003,85.80000000000001,-0.16,0.09
123778,468854,16.899622,-24.994823,0.,-45,0.051500000000000004,37.2,-0.07,24.700000000000003,85.60000000000001,-0.16,0.09
123778,469953,16.899635,-24.994833,0.,-45,0.051500000000000004,37.2,-0.08,24.700000000000003,85.4,-0.16,0.09
123778,470017,16.899633,-24.99483,0.,-45,0.051500000000000004,37.2,-0.08,24.700000000000003,85.4,-0.16,0.09
123778,470252,16.899632,-24.994827,0.,-45,0.051500000000000004,37.2,-0.08,24.700000000000003,85.4,-0.16,0.09
123778,470253,16.899632,-24.994827,0.,-45,0.051500000000000004,37.2,-0.08,24.700000000000003,85.4,-0.16,0.09
123778,470272,16.899627,-24.994827,0.,-45,0.051500000000000004,37.2,-0.08,24.700000000000003,85.4,-0.16,0.09
123778,470273,16.899627,-24.994827,0.,-45,0.051500000000000004,37.2,-0.08,24.700000000000003,85.4,-0.16,0.09
123778,470282,16.899627,-24.994827,0.,-45,0.051500000000000004,37.2,-0.08,24.700000000000003,85.4,-0.16,0.09
123778,470283,16.899627,-24.994827,0.,-45,0.051500000000000004,37.2,-0.08,24.700000000000003,85.4,-0.16,0.09
123778,470291,16.899628,-24.994827,0.,-45,0.051500000000000004,37.2,-0.08,24.700000000000003,85.4,-0.16,0.09
123778,470322,16.899642,-24.994827,0.,-45,0.051500000000000004,37.2,-0.08,24.700000000000003,85.4,-0.16,0.09
123778,470343,16.899642,-24.994825,0.,-45,0.051500000000000004,37.2,-0.08,24.700000000000003,85.4,-0.16,0.09
123778,470353,16.899638,-24.994823,0.,-45,0.051500000000000004,37.2,-0.08,24.700000000000003,85.4,-0.16,0.09
123778,470977,16.899637,-24.994822,0.,-45,0.051500000000000004,37.2,-0.08,24.700000000000003,85.30000000000001,-0.16,0.09
123778,471935,16.899627,-24.994822,0.,-45,0.051500000000000004,37.2,-0.08,24.700000000000003,85.10000000000001,-0.16,0.09
123778,472893,16.899602,-24.994815,0.,-45,0.051500000000000004,37.2,-0.08,24.700000000000003,84.9,-0.16,0.09
123778,473853,16.899605,-24.994807,0.,-45,0.051500000000000004,37.2,-0.08,24.700000000000003,84.80000000000001,-0.16,0.09
123778,474816,16.899615,-24.994835,0.,-45,0.051500000000000004,37.2,-0.08,24.700000000000003,84.60000000000001,-0.16,0.09
123778,475775,16.899617,-24.994803,0.,-45,0.051500000000000004,37.2,-0.08,24.700000000000003,84.5,-0.16,0.09
123778,476734,16.899623,-24.994785,0.,-45,0.051500000000000004,37.2,-0.08,24.700000000000003,84.30000000000001,-0.16,0.09
123778,477694,16.8996,-24.99481,0.,-45,0.051500000000000004,37.2,-0.08,24.700000000000003,84.2,-0.16,0.09
123778,478655,16.899633,-24.994835,0.,-45,0.051500000000000004,37.2,-0.08,24.700000000000003,84.,-0.16,0.09
123778,479614,16.899628,-24.994832,0.,-45,0.051500000000000004,37.2,-0.08,24.700000000000003,83.80000000000001,-0.16,0.09
123778,480565,16.899615,-24.99483,0.,-45,0.051500000000000004,37.2,-0.08,24.700000000000003,83.7,-0.16,0.09
123778,480575,16.899613,-24.994832,0.,-45,0.051500000000000004,37.2,-0.08,24.700000000000003,83.7,-0.16,0.09
123778,481775,16.89962,-24.994797,0.,-45,0.051500000000000004,37.2,-0.08,24.700000000000003,83.5,-0.16,0.09
123778,482734,16.899633,-24.994793,0.,-45,0.051500000000000004,37.2,-0.08,24.700000000000003,83.30000000000001,-0.16,0.09
123778,483694,16.899623,-24.994808,0.,-45,0.051500000000000004,37.2,-0.08,24.700000000000003,83.2,-0.16,0.09
123778,484669,16.899628,-24.994788,0.,-45,0.051500000000000004,37.2,-0.08,24.700000000000003,83.,-0.16,0.09
123778,485666,16.899622,-24.994773,0.,-45,0.051500000000000004,37.2,-0.08,24.700000000000003,82.9,-0.16,0.09
123778,486613,16.899617,-24.99478,0.,-45,0.051500000000000004,37.2,-0.08,24.700000000000003,82.7,-0.16,0.09
123778,487535,16.899607,-24.994772,0.,-45,0.051500000000000004,37.2,-0.08,24.700000000000003,82.5,-0.16,0.09
123778,488494,16.899605,-24.994798,0.,-45,0.051500000000000004,37.2,-0.08,24.700000000000003,82.4,-0.16,0.09
123778,489459,16.899607,-24.994808,0.,-45,0.051500000000000004,37.2,-0.08,24.700000000000003,82.2,-0.16,0.09
123778,490261,16.899637,-24.994807,0.,-45,0.051500000000000004,37.2,-0.08,24.700000000000003,82.10000000000001,-0.16,0.09
123778,490415,16.89963,-24.994813,0.,-45,0.051500000000000004,37.2,-0.08,24.700000000000003,82.10000000000001,-0.16,0.09
123778,491192,16.899627,-24.994783,0.,-45,0.051500000000000004,37.2,-0.08,24.700000000000003,81.9,-0.17,0.09
123778,491294,16.899628,-24.994787,0.,-45,0.051500000000000004,37.2,-0.08,24.700000000000003,81.9,-0.17,0.09
123778,491373,16.899627,-24.994785,0.,-45,0.051500000000000004,37.2,-0.08,24.700000000000003,81.9,-0.17,0.09
123778,492400,16.899628,-24.994778,0.,-45,0.051500000000000004,37.2,-0.08,24.700000000000003,81.7,-0.17,0.09
123778,492482,16.89963,-24.994788,0.,-45,0.051500000000000004,37.2,-0.08,24.700000000000003,81.7,-0.17,0.09
123778,492644,16.899617,-24.99479,0.,-45,0.051500000000000004,37.2,-0.08,24.700000000000003,81.7,-0.17,0.09
123778,493594,16.899628,-24.994797,0.,-45,0.051500000000000004,37.2,-0.08,24.700000000000003,81.60000000000001,-0.17,0.09
123778,493657,16.899628,-24.994797,0.,-45,0.051500000000000004,37.2,-0.08,24.700000000000003,81.5,-0.17,0.09
123778,493843,16.899625,-24.99479,0.,-45,0.051500000000000004,37.2,-0.08,24.700000000000003,81.5,-0.17,0.09
123778,494613,16.899628,-24.994813,0.,-45,0.051500000000000004,37.2,-0.08,24.700000000000003,81.4,-0.17,0.09
123778,494832,16.899633,-24.994798,0.,-45,0.051500000000000004,37.2,-0.08,24.700000000000003,81.30000000000001,-0.17,0.09
123778,495112,16.899612,-24.994813,0.,-45,0.051500000000000004,37.2,-0.08,24.700000000000003,81.30000000000001,-0.17,0.09
123778,495600,16.899615,-24.994803,0.,-45,0.051500000000000004,37.2,-0.08,24.700000000000003,81.2,-0.17,0.09
123778,496113,16.89961,-24.9948,0.,-45,0.051500000000000004,37.2,-0.08,24.700000000000003,81.10000000000001,-0.17,0.09
123778,496516,16.899623,-24.994788,0.,-45,0.051500000000000004,37.2,-0.08,24.700000000000003,81.10000000000001,-0.17,0.09
123778,497403,16.89964,-24.99481,0.,-45,0.051500000000000004,37.2,-0.08,24.700000000000003,80.9,-0.17,0.09
123778,497524,16.899635,-24.994807,0.,-45,0.051500000000000004,37.2,-0.08,24.700000000000003,80.9,-0.17,0.09
123778,497673,16.899635,-24.994788,0.,-45,0.051500000000000004,37.2,-0.08,24.700000000000003,80.9,-0.17,0.09
123778,498434,16.899627,-24.994817,0.,-45,0.051500000000000004,37.2,-0.08,24.700000000000003,80.80000000000001,-0.17,0.09
123778,498674,16.899615,-24.994825,0.,-45,0.051500000000000004,37.2,-0.08,24.700000000000003,80.7,-0.17,0.09
123778,499163,16.899605,-24.994833,0.,-45,0.051500000000000004,37.2,-0.08,24.700000000000003,80.60000000000001,-0.17,0.09
123778,499413,16.899622,-24.994827,0.,-45,0.051500000000000004,37.2,-0.08,24.700000000000003,80.60000000000001,-0.17,0.09
123778,499853,16.899625,-24.99483,0.,-45,0.051500000000000004,37.2,-0.08,24.700000000000003,80.5,-0.17,0.09
123778,501335,16.899603,-24.994825,0.,-45,0.051500000000000004,37.2,-0.08,24.700000000000003,80.30000000000001,-0.17,0.09
123778,502295,16.899622,-24.994797,0.,-45,0.051500000000000004,37.2,-0.08,24.700000000000003,80.10000000000001,-0.17,0.09
123778,503255,16.899627,-24.99481,0.,-45,0.051500000000000004,37.2,-0.08,24.700000000000003,80.,-0.17,0.09
123778,503742,16.899613,-24.994795,0.,-45,0.051500000000000004,37.2,-0.08,24.700000000000003,79.9,-0.17,0.09
123778,504222,16.899605,-24.994818,0.,-45,0.051500000000000004,37.2,-0.08,24.700000000000003,79.80000000000001,-0.17,0.09
123778,505335,16.899615,-24.994812,0.,-45,0.051500000000000004,37.2,-0.08,24.700000000000003,79.60000000000001,-0.17,0.09
123778,506401,16.899608,-24.99482,0.,-45,0.051500000000000004,37.2,-0.08,24.700000000000003,79.5,-0.17,0.09
123778,507350,16.899607,-24.994805,0.,-45,0.051500000000000004,37.2,-0.08,24.700000000000003,79.30000000000001,-0.17,0.09
123778,508260,16.8996,-24.994827,0.,-45,0.051500000000000004,37.2,-0.08,24.700000000000003,79.10000000000001,-0.17,0.09
123778,509238,16.899595,-24.994812,0.,-45,0.051500000000000004,37.2,-0.08,24.700000000000003,79.,-0.17,0.09
123778,510291,16.899598,-24.994818,0.,-45,0.051500000000000004,37.2,-0.08,24.700000000000003,78.80000000000001,-0.17,0.09
123778,511308,16.8996,-24.994825,0.,-45,0.051500000000000004,37.2,-0.08,24.700000000000003,78.60000000000001,-0.17,0.09
123778,512220,16.899593,-24.994807,0.,-45,0.051500000000000004,37.2,-0.08,24.700000000000003,78.5,-0.17,0.09
123778,513183,16.899593,-24.994808,0.,-45,0.051500000000000004,37.2,-0.08,24.700000000000003,78.30000000000001,-0.17,0.09
123778,513790,16.899597,-24.994807,0.,-45,0.051500000000000004,37.2,-0.08,24.700000000000003,78.2,-0.17,0.09
123778,513791,16.899597,-24.994807,0.,-45,0.051500000000000004,37.2,-0.08,24.700000000000003,78.2,-0.17,0.09
123778,513889,16.899602,-24.994803,0.,-45,0.051500000000000004,37.2,-0.08,24.700000000000003,78.2,-0.17,0.09
123778,513890,16.899602,-24.994803,0.,-45,0.051500000000000004,37.2,-0.08,24.700000000000003,78.2,-0.17,0.09
123778,513949,16.899603,-24.994772,0.,-45,0.051500000000000004,37.2,-0.08,24.700000000000003,78.2,-0.17,0.09
123778,513950,16.899603,-24.994772,0.,-45,0.051500000000000004,37.2,-0.08,24.700000000000003,78.2,-0.17,0.09
123778,513961,16.899603,-24.99477,0.,-45,0.051500000000000004,37.2,-0.08,24.700000000000003,78.2,-0.17,0.09
123778,513980,16.899605,-24.994772,0.,-45,0.051500000000000004,37.2,-0.08,24.700000000000003,78.2,-0.17,0.09
123778,514009,16.899605,-24.9948,0.,-45,0.051500000000000004,37.2,-0.08,24.700000000000003,78.2,-0.17,0.09
123778,514041,16.899602,-24.994763,0.,-45,0.051500000000000004,37.2,-0.08,24.700000000000003,78.2,-0.17,0.09
123778,514061,16.899605,-24.994765,0.,-45,0.051500000000000004,37.2,-0.08,24.700000000000003,78.2,-0.17,0.09
123778,514082,16.8996,-24.994773,0.,-45,0.051500000000000004,37.2,-0.08,24.700000000000003,78.2,-0.17,0.09
123778,514099,16.899598,-24.99478,0.,-45,0.051500000000000004,37.2,-0.08,24.700000000000003,78.2,-0.17,0.09
123778,514100,16.899598,-24.99478,0.,-45,0.051500000000000004,37.2,-0.08,24.700000000000003,78.2,-0.17,0.09
123778,514120,16.899598,-24.994783,0.,-45,0.051500000000000004,37.2,-0.08,24.700000000000003,78.2,-0.17,0.09
123778,514121,16.899598,-24.994783,0.,-45,0.051500000000000004,37.2,-0.08,24.700000000000003,78.2,-0.17,0.09
123778,514181,16.899592,-24.994805,0.,-45,0.051500000000000004,37.2,-0.08,24.700000000000003,78.2,-0.17,0.09
123778,515133,16.89959,-24.994817,0.,-45,0.051500000000000004,37.2,-0.08,24.700000000000003,78.,-0.17,0.09
123778,516103,16.899592,-24.994805,0.,-45,0.051500000000000004,37.2,-0.08,24.700000000000003,77.9,-0.17,0.1
123778,517023,16.899595,-24.9948,0.,-45,0.051500000000000004,37.2,-0.08,24.700000000000003,77.7,-0.17,0.1
123778,517325,16.899595,-24.994825,0.,-45,0.051500000000000004,37.2,-0.08,24.700000000000003,77.7,-0.17,0.1
123778,517976,16.899595,-24.994815,0.,-45,0.051500000000000004,37.2,-0.08,24.700000000000003,77.60000000000001,-0.17,0.1
123778,518959,16.899603,-24.994805,0.,-45,0.051500000000000004,37.2,-0.08,24.700000000000003,77.4,-0.18,0.1
123778,519671,16.89959,-24.994808,0.,-45,0.051500000000000004,37.2,-0.08,24.700000000000003,77.30000000000001,-0.18,0.1
123778,519682,16.89959,-24.99481,0.,-45,0.051500000000000004,37.2,-0.08,24.700000000000003,77.30000000000001,-0.18,0.1
123778,519741,16.899592,-24.99481,0.,-45,0.051500000000000004,37.2,-0.08,24.700000000000003,77.30000000000001,-0.18,0.1
123778,519895,16.899587,-24.99483,0.,-45,0.051500000000000004,37.2,-0.08,24.700000000000003,77.2,-0.18,0.1
123778,521824,16.899588,-24.994823,0.,-45,0.051500000000000004,37.2,-0.08,24.700000000000003,76.9,-0.18,0.1
123778,522634,16.899593,-24.994813,0.,-45,0.051500000000000004,37.2,-0.08,24.700000000000003,76.80000000000001,-0.18,0.1
123778,522776,16.899588,-24.994817,0.,-45,0.051500000000000004,37.2,-0.08,24.700000000000003,76.80000000000001,-0.18,0.1
123778,523719,16.899592,-24.994823,0.,-45,0.051500000000000004,37.2,-0.08,24.700000000000003,76.60000000000001,-0.18,0.1
123778,524645,16.89959,-24.99482,0.,-45,0.051500000000000004,37.2,-0.08,24.700000000000003,76.5,-0.18,0.1
123778,525622,16.899592,-24.994815,0.,-45,0.051500000000000004,37.2,-0.08,24.700000000000003,76.3,-0.18,0.1
123778,526724,16.899588,-24.994832,0.,-45,0.051500000000000004,37.2,-0.08,24.700000000000003,76.10000000000001,-0.18,0.1
123778,527663,16.899587,-24.994802,0.,-45,0.051500000000000004,37.2,-0.08,24.700000000000003,76.,-0.18,0.1
123778,528193,16.899588,-24.994815,0.,-45,0.051500000000000004,37.2,-0.08,24.700000000000003,75.9,-0.18,0.1
123778,528832,16.899582,-24.994822,0.,-45,0.051500000000000004,37.2,-0.08,24.700000000000003,75.8,-0.18,0.1
123778,529723,16.899597,-24.994827,0.,-45,0.051500000000000004,37.2,-0.08,24.700000000000003,75.60000000000001,-0.18,0.1
123778,529781,16.899595,-24.994823,0.,-45,0.051500000000000004,37.2,-0.08,24.700000000000003,75.60000000000001,-0.18,0.1
123778,530703,16.899595,-24.994825,0.,-45,0.051500000000000004,37.2,-0.08,24.700000000000003,75.5,-0.18,0.1
123778,530762,16.899593,-24.994828,0.,-45,0.051500000000000004,37.2,-0.08,24.700000000000003,75.5,-0.18,0.1
123778,531695,16.899602,-24.994822,0.,-45,0.051500000000000004,37.2,-0.08,24.700000000000003,75.3,-0.18,0.1
123778,531833,16.8996,-24.994803,0.,-45,0.051500000000000004,37.2,-0.08,24.700000000000003,75.3,-0.18,0.1
123778,532143,16.899595,-24.994822,0.,-45,0.051500000000000004,37.2,-0.08,24.700000000000003,75.2,-0.18,0.1
123778,532687,16.899588,-24.994825,0.,-45,0.051500000000000004,37.2,-0.08,24.700000000000003,75.10000000000001,-0.18,0.1
123778,532864,16.899602,-24.99482,0.,-45,0.051500000000000004,37.2,-0.08,24.700000000000003,75.10000000000001,-0.18,0.1
123778,532984,16.899593,-24.994822,0.,-45,0.051500000000000004,37.2,-0.08,24.700000000000003,75.10000000000001,-0.18,0.1
123778,533272,16.899595,-24.994818,0.,-45,0.051500000000000004,37.2,-0.08,24.700000000000003,75.,-0.18,0.1
123778,533643,16.899587,-24.994822,0.,-45,0.051500000000000004,37.2,-0.08,24.700000000000003,75.,-0.18,0.1
123778,534092,16.899592,-24.994823,0.,-45,0.051500000000000004,37.2,-0.08,24.700000000000003,74.9,-0.18,0.1
123778,534394,16.899587,-24.99482,0.,-45,0.051500000000000004,37.2,-0.08,24.700000000000003,74.9,-0.18,0.1
123778,534514,16.89958,-24.994808,0.,-45,0.051500000000000004,37.2,-0.08,24.700000000000003,74.8,-0.18,0.1
123778,534574,16.89959,-24.994815,0.,-45,0.051500000000000004,37.2,-0.08,24.700000000000003,74.8,-0.18,0.1
123778,535480,16.899605,-24.99482,0.,-45,0.051500000000000004,37.2,-0.08,24.700000000000003,74.7,-0.18,0.1
123778,535523,16.899592,-24.994818,0.,-45,0.051500000000000004,37.2,-0.08,24.700000000000003,74.7,-0.18,0.1
123778,535743,16.899597,-24.99481,0.,-45,0.051500000000000004,37.2,-0.08,24.700000000000003,74.60000000000001,-0.18,0.1
123778,536682,16.899588,-24.994827,0.,-45,0.051500000000000004,37.2,-0.08,24.700000000000003,74.5,-0.18,0.1
123778,537033,16.899577,-24.99482,0.,-45,0.051500000000000004,37.2,-0.08,24.700000000000003,74.4,-0.18,0.1
123778,537345,16.899587,-24.99481,0.,-45,0.051500000000000004,37.2,-0.08,24.700000000000003,74.4,-0.18,0.1
123778,537932,16.899592,-24.9948,0.,-45,0.051500000000000004,37.2,-0.08,24.700000000000003,74.3,-0.18,0.1
123778,538288,16.899595,-24.994818,0.,-45,0.051500000000000004,37.2,-0.08,24.700000000000003,74.2,-0.18,0.1
123778,539255,16.899588,-24.994818,0.,-45,0.051500000000000004,37.2,-0.08,24.700000000000003,74.10000000000001,-0.18,0.1
123778,539503,16.89959,-24.99482,0.,-45,0.051500000000000004,37.2,-0.08,24.700000000000003,74.,-0.18,0.1
123778,540281,16.899598,-24.99481,0.,-45,0.051500000000000004,37.2,-0.08,24.700000000000003,73.9,-0.18,0.1
123778,541260,16.899588,-24.99483,0.,-45,0.051500000000000004,37.2,-0.08,24.700000000000003,73.7,-0.18,0.1
123778,542254,16.899593,-24.99482,0.,-45,0.051500000000000004,37.2,-0.08,24.700000000000003,73.60000000000001,-0.18,0.1
123778,543158,16.899588,-24.994812,0.,-45,0.051500000000000004,37.2,-0.08,24.700000000000003,73.4,-0.18,0.1
123778,544146,16.899612,-24.99482,0.,-45,0.051500000000000004,37.2,-0.08,24.700000000000003,73.3,-0.18,0.1
123778,545095,16.89959,-24.994823,0.,-45,0.051500000000000004,37.2,-0.08,24.700000000000003,73.10000000000001,-0.18,0.1
123778,546055,16.89959,-24.994812,0.,-45,0.051500000000000004,37.2,-0.08,24.700000000000003,73.,-0.18,0.1
123778,547015,16.8996,-24.994822,0.,-45,0.051500000000000004,37.2,-0.08,24.700000000000003,72.8,-0.19,0.1
123778,547974,16.899602,-24.994827,0.,-45,0.051500000000000004,37.2,-0.08,24.700000000000003,72.60000000000001,-0.19,0.1
123778,548976,16.899605,-24.994822,0.,-45,0.051500000000000004,37.2,-0.08,24.700000000000003,72.5,-0.19,0.1
123778,549970,16.899588,-24.994817,0.,-45,0.051500000000000004,37.2,-0.09,24.700000000000003,72.3,-0.19,0.1
123778,550909,16.899602,-24.994817,0.,-45,0.051500000000000004,37.2,-0.09,24.700000000000003,72.2,-0.19,0.1
123778,551867,16.8996,-24.994815,0.,-45,0.051500000000000004,37.2,-0.09,24.700000000000003,72.,-0.19,0.1
123778,552580,16.899597,-24.994827,0.,-45,0.051500000000000004,37.2,-0.09,24.700000000000003,71.9,-0.19,0.1
123778,552581,16.899597,-24.994827,0.,-45,0.051500000000000004,37.2,-0.09,24.700000000000003,71.9,-0.19,0.1
123778,552631,16.89961,-24.994812,0.,-45,0.051500000000000004,37.2,-0.09,24.700000000000003,71.9,-0.19,0.1
123778,552632,16.89961,-24.994812,0.,-45,0.051500000000000004,37.2,-0.09,24.700000000000003,71.9,-0.19,0.1
123778,552670,16.89962,-24.994805,0.,-45,0.051500000000000004,37.2,-0.09,24.700000000000003,71.9,-0.19,0.1
123778,552671,16.89962,-24.994805,0.,-45,0.051500000000000004,37.2,-0.09,24.700000000000003,71.9,-0.19,0.1
123778,552841,16.89961,-24.994822,0.,-45,0.051500000000000004,37.2,-0.09,24.700000000000003,71.8,-0.19,0.1
123778,553841,16.899592,-24.994835,0.,-45,0.051500000000000004,37.2,-0.09,24.700000000000003,71.7,-0.19,0.1
123778,554843,16.899592,-24.994823,0.,-45,0.051500000000000004,37.2,-0.09,24.700000000000003,71.5,-0.19,0.1
123778,555864,16.899628,-24.994835,0.,-45,0.051500000000000004,37.2,-0.09,24.700000000000003,71.3,-0.19,0.1
123778,556826,16.899622,-24.994842,0.,-45,0.051500000000000004,37.2,-0.09,24.700000000000003,71.2,-0.19,0.1
123778,557760,16.899613,-24.994832,0.,-45,0.051500000000000004,37.2,-0.09,24.700000000000003,71.,-0.19,0.1
123778,558361,16.899598,-24.994818,0.,-45,0.051500000000000004,37.2,-0.09,24.700000000000003,70.9,-0.19,0.1
123778,558401,16.899597,-24.994807,0.,-45,0.051500000000000004,37.2,-0.09,24.700000000000003,70.9,-0.19,0.1
123778,558442,16.899597,-24.994808,0.,-45,0.051500000000000004,37.2,-0.09,24.700000000000003,70.9,-0.19,0.1
123778,558492,16.899602,-24.994818,0.,-45,0.051500000000000004,37.2,-0.09,24.700000000000003,70.9,-0.19,0.1
123778,558661,16.899607,-24.994817,0.,-45,0.051500000000000004,37.2,-0.09,24.700000000000003,70.9,-0.19,0.1
123778,558711,16.899605,-24.99482,0.,-45,0.051500000000000004,37.2,-0.09,24.700000000000003,70.9,-0.19,0.1
123778,558713,16.899605,-24.99482,0.,-45,0.051500000000000004,37.2,-0.09,24.700000000000003,70.9,-0.19,0.1
123778,558721,16.899605,-24.994822,0.,-45,0.051500000000000004,37.2,-0.09,24.700000000000003,70.9,-0.19,0.1
123778,558841,16.899603,-24.994825,0.,-45,0.051500000000000004,37.2,-0.09,24.700000000000003,70.9,-0.19,0.1
123778,558901,16.899612,-24.994823,0.,-45,0.051500000000000004,37.2,-0.09,24.700000000000003,70.8,-0.19,0.1
123778,559674,16.899615,-24.994818,0.,-45,0.051500000000000004,37.2,-0.09,24.700000000000003,70.7,-0.19,0.1
123778,560635,16.899612,-24.994817,0.,-45,0.051500000000000004,37.2,-0.09,24.700000000000003,70.60000000000001,-0.19,0.1
123778,561615,16.899622,-24.99481,0.,-45,0.051500000000000004,37.2,-0.09,24.700000000000003,70.4,-0.19,0.1
123778,562589,16.899618,-24.9948,0.,-45,0.051500000000000004,37.2,-0.09,24.700000000000003,70.2,-0.19,0.1
123778,563550,16.899615,-24.994825,0.,-45,0.051500000000000004,37.2,-0.09,24.700000000000003,70.10000000000001,-0.19,0.1
123778,563984,16.899633,-24.99481,0.,-45,0.051500000000000004,37.2,-0.09,24.700000000000003,70.,-0.19,0.1
123778,564459,16.899622,-24.994835,0.,-45,0.051500000000000004,37.2,-0.09,24.700000000000003,69.9,-0.19,0.1
123778,565431,16.899613,-24.994822,0.,-45,0.051500000000000004,37.2,-0.09,24.700000000000003,69.8,-0.19,0.1
123778,566398,16.899612,-24.994842,0.,-45,0.051500000000000004,37.2,-0.09,24.700000000000003,69.60000000000001,-0.19,0.1
123778,567328,16.899615,-24.994817,0.,-45,0.051500000000000004,37.2,-0.09,24.700000000000003,69.5,-0.19,0.1
123778,568276,16.899598,-24.994807,0.,-45,0.051500000000000004,37.2,-0.09,24.700000000000003,69.3,-0.19,0.1
123778,569504,16.899608,-24.994818,0.,-45,0.051500000000000004,37.2,-0.09,24.700000000000003,69.10000000000001,-0.19,0.1
123778,569574,16.899613,-24.994813,0.,-45,0.051500000000000004,37.2,-0.09,24.700000000000003,69.10000000000001,-0.19,0.1
123778,570475,16.899613,-24.994812,0.,-45,0.051500000000000004,37.2,-0.09,24.700000000000003,69.,-0.19,0.1
123778,571436,16.899622,-24.994813,0.,-45,0.051500000000000004,37.2,-0.09,24.700000000000003,68.8,-0.19,0.1
123778,572442,16.89961,-24.994797,0.,-45,0.051500000000000004,37.2,-0.09,24.700000000000003,68.60000000000001,-0.19,0.1
123778,573397,16.8996,-24.9948,0.,-45,0.051500000000000004,37.2,-0.09,24.700000000000003,68.5,-0.19,0.1
123778,574355,16.899603,-24.994808,0.,-45,0.051500000000000004,37.2,-0.09,24.700000000000003,68.3,-0.2,0.1
123778,575314,16.899615,-24.994805,0.,-45,0.051500000000000004,37.2,-0.09,24.700000000000003,68.2,-0.2,0.1
123778,575602,16.899607,-24.994815,0.,-45,0.051500000000000004,37.2,-0.09,24.700000000000003,68.10000000000001,-0.2,0.1
123778,575662,16.899605,-24.994815,0.,-45,0.051500000000000004,37.2,-0.09,24.700000000000003,68.10000000000001,-0.2,0.1
123778,576234,16.899623,-24.994813,0.,-45,0.051500000000000004,37.2,-0.09,24.700000000000003,68.,-0.2,0.1
123778,576824,16.899617,-24.994822,0.,-45,0.051500000000000004,37.2,-0.09,24.700000000000003,67.9,-0.2,0.1
123778,577104,16.899623,-24.994815,0.,-45,0.051500000000000004,37.2,-0.09,24.700000000000003,67.9,-0.2,0.1
123778,577195,16.899618,-24.99481,0.,-45,0.051500000000000004,37.2,-0.09,24.700000000000003,67.8,-0.2,0.1
123778,577982,16.89962,-24.994802,0.,-45,0.051500000000000004,37.2,-0.09,24.700000000000003,67.7,-0.2,0.1
123778,578155,16.899623,-24.99481,0.,-45,0.051500000000000004,37.2,-0.09,24.700000000000003,67.7,-0.2,0.1
123778,578273,16.899617,-24.994815,0.,-45,0.051500000000000004,37.2,-0.09,24.700000000000003,67.7,-0.2,0.1
123778,579123,16.899617,-24.994807,0.,-45,0.051500000000000004,37.2,-0.09,24.700000000000003,67.5,-0.2,0.1
123778,579301,16.89961,-24.994793,0.,-45,0.051500000000000004,37.2,-0.09,24.700000000000003,67.5,-0.2,0.1
123778,580043,16.899623,-24.994802,0.,-45,0.051500000000000004,37.2,-0.09,24.700000000000003,67.4,-0.2,0.1
123778,580382,16.899625,-24.994795,0.,-45,0.051500000000000004,37.2,-0.09,24.700000000000003,67.3,-0.2,0.1
123778,580481,16.899623,-24.994802,0.,-45,0.051500000000000004,37.2,-0.09,24.700000000000003,67.3,-0.2,0.1
123778,580793,16.899623,-24.994817,0.,-45,0.051500000000000004,37.2,-0.09,24.700000000000003,67.3,-0.2,0.1
123778,580956,16.89962,-24.994817,0.,-45,0.051500000000000004,37.2,-0.09,24.700000000000003,67.2,-0.2,0.1
123778,581773,16.899618,-24.994813,0.,-45,0.051500000000000004,37.2,-0.09,24.700000000000003,67.10000000000001,-0.2,0.1
123778,581884,16.899618,-24.994805,0.,-45,0.051500000000000004,37.2,-0.09,24.700000000000003,67.10000000000001,-0.2,0.1
123778,581893,16.899617,-24.994803,0.,-45,0.051500000000000004,37.2,-0.09,24.700000000000003,67.10000000000001,-0.2,0.1
123778,582863,16.899613,-24.9948,0.,-45,0.051500000000000004,37.2,-0.09,24.700000000000003,66.9,-0.2,0.1
123778,582903,16.899622,-24.994792,0.,-45,0.051500000000000004,37.2,-0.09,24.700000000000003,66.9,-0.2,0.1
123778,583203,16.899608,-24.99479,0.,-45,0.051500000000000004,37.2,-0.09,24.700000000000003,66.9,-0.2,0.1
123778,583803,16.899602,-24.994808,0.,-45,0.051500000000000004,37.2,-0.09,24.700000000000003,66.8,-0.2,0.1
123778,584192,16.89959,-24.994795,0.,-45,0.051500000000000004,37.2,-0.09,24.700000000000003,66.7,-0.2,0.1
123778,584323,16.899573,-24.994777,0.,-45,0.051500000000000004,37.2,-0.09,24.700000000000003,66.7,-0.2,0.1
123778,584782,16.899598,-24.994808,0.,-45,0.051500000000000004,37.2,-0.09,24.700000000000003,66.60000000000001,-0.2,0.1
123778,585453,16.899587,-24.994807,0.,-45,0.051500000000000004,37.2,-0.09,24.700000000000003,66.5,-0.2,0.1
123778,585755,16.8996,-24.9948,0.,-45,0.051500000000000004,37.2,-0.09,24.700000000000003,66.4,-0.2,0.1
123778,586722,16.8996,-24.99479,0.,-45,0.051500000000000004,37.2,-0.09,24.700000000000003,66.3,-0.2,0.1
123778,586745,16.899605,-24.994792,0.,-45,0.051500000000000004,37.2,-0.09,24.700000000000003,66.3,-0.2,0.1
123778,587695,16.89958,-24.99481,0.,-45,0.051500000000000004,37.2,-0.09,24.700000000000003,66.10000000000001,-0.2,0.1
123778,588192,16.89961,-24.994795,0.,-45,0.051500000000000004,37.2,-0.09,24.700000000000003,66.,-0.2,0.1
123778,588203,16.89961,-24.994797,0.,-45,0.051500000000000004,37.2,-0.09,24.700000000000003,66.,-0.2,0.1
123778,588662,16.8996,-24.994793,0.,-45,0.051500000000000004,37.2,-0.09,24.700000000000003,66.,-0.2,0.1
123778,589617,16.899605,-24.994813,0.,-45,0.051500000000000004,37.2,-0.09,24.700000000000003,65.8,-0.2,0.1
123778,590564,16.899593,-24.994822,0.,-45,0.051500000000000004,37.2,-0.09,24.700000000000003,65.7,-0.2,0.1
123778,591544,16.899585,-24.994828,0.,-45,0.051500000000000004,37.2,-0.09,24.700000000000003,65.5,-0.2,0.1
123778,592525,16.899582,-24.994837,0.,-45,0.051500000000000004,37.2,-0.09,24.700000000000003,65.3,-0.2,0.1
123778,593455,16.899588,-24.994825,0.,-45,0.051500000000000004,37.2,-0.09,24.700000000000003,65.2,-0.2,0.1
123778,594363,16.89958,-24.994825,0.,-45,0.051500000000000004,37.2,-0.09,24.700000000000003,65.,-0.2,0.1
123778,595314,16.899567,-24.994818,0.,-45,0.051500000000000004,37.2,-0.09,24.700000000000003,64.9,-0.2,0.1
123778,596225,16.899583,-24.994815,0.,-45,0.051500000000000004,37.2,-0.09,24.700000000000003,64.7,-0.2,0.1
123778,596482,16.899572,-24.994808,0.,-45,0.051500000000000004,37.2,-0.09,24.700000000000003,64.7,-0.2,0.1
123778,596491,16.899572,-24.994807,0.,-45,0.051500000000000004,37.2,-0.09,24.700000000000003,64.7,-0.2,0.1
123778,596492,16.899572,-24.994807,0.,-45,0.051500000000000004,37.2,-0.09,24.700000000000003,64.7,-0.2,0.1
123778,596640,16.899587,-24.994807,0.,-45,0.051500000000000004,37.2,-0.09,24.700000000000003,64.7,-0.2,0.1
123778,596641,16.899587,-24.994807,0.,-45,0.051500000000000004,37.2,-0.09,24.700000000000003,64.7,-0.2,0.1
123778,596692,16.89957,-24.994812,0.,-45,0.051500000000000004,37.2,-0.09,24.700000000000003,64.7,-0.2,0.1
123778,596700,16.899572,-24.994812,0.,-45,0.051500000000000004,37.2,-0.09,24.700000000000003,64.7,-0.2,0.1
123778,597234,16.89958,-24.994822,0.,-45,0.051500000000000004,37.2,-0.09,24.700000000000003,64.60000000000001,-0.2,0.1
123778,598178,16.899578,-24.994815,0.,-45,0.051500000000000004,37.2,-0.09,24.700000000000003,64.4,-0.2,0.1
123778,599453,16.899587,-24.994805,0.,-45,0.051500000000000004,37.2,-0.09,24.700000000000003,64.2,-0.2,0.1
123778,600471,16.899597,-24.994802,0.,-45,0.051500000000000004,37.2,-0.09,24.700000000000003,64.,-0.2,0.1
123778,601414,16.899592,-24.994795,0.,-45,0.051500000000000004,37.2,-0.09,24.700000000000003,64.,-0.21,0.1
123778,602282,16.899603,-24.994795,0.,-45,0.051500000000000004,37.2,-0.09,24.700000000000003,64.,-0.21,0.1
123778,602415,16.899607,-24.994798,0.,-45,0.051500000000000004,37.2,-0.09,24.700000000000003,64.,-0.21,0.1
123778,602512,16.899595,-24.994805,0.,-45,0.051500000000000004,37.2,-0.09,24.700000000000003,64.,-0.21,0.1
123778,602572,16.899595,-24.994827,0.,-45,0.051500000000000004,37.2,-0.09,24.700000000000003,64.,-0.21,0.1
123778,602581,16.899595,-24.994827,0.,-45,0.051500000000000004,37.2,-0.09,24.700000000000003,64.,-0.21,0.1
123778,602601,16.899587,-24.994813,0.,-45,0.051500000000000004,37.2,-0.09,24.700000000000003,64.,-0.21,0.1
123778,602602,16.899587,-24.994813,0.,-45,0.051500000000000004,37.2,-0.09,24.700000000000003,64.,-0.21,0.1
123778,603361,16.899588,-24.994822,0.,-45,0.051500000000000004,37.2,-0.09,24.700000000000003,64.,-0.21,0.1
123778,604313,16.899598,-24.994835,0.,-45,0.051500000000000004,37.2,-0.09,24.700000000000003,64.,-0.21,0.1
123778,605281,16.899597,-24.994815,0.,-45,0.051500000000000004,37.2,-0.09,24.700000000000003,64.,-0.21,0.1
123778,606124,16.899592,-24.994808,0.,-45,0.051500000000000004,37.2,-0.09,24.700000000000003,64.,-0.21,0.1
123778,606242,16.899593,-24.994812,0.,-45,0.051500000000000004,37.2,-0.09,24.700000000000003,64.,-0.21,0.1
123778,607195,16.899597,-24.994817,0.,-45,0.051500000000000004,37.2,-0.09,24.700000000000003,63.900000000000006,-0.21,0.1
123778,608154,16.899577,-24.994815,0.,-45,0.051500000000000004,37.2,-0.09,24.700000000000003,63.900000000000006,-0.21,0.1
123778,609114,16.89961,-24.994827,0.,-45,0.051500000000000004,37.2,-0.09,24.700000000000003,63.900000000000006,-0.21,0.1
123778,610075,16.899598,-24.994817,0.,-45,0.051500000000000004,37.2,-0.09,24.700000000000003,63.900000000000006,-0.21,0.1
123778,611153,16.899605,-24.994822,0.,-45,0.051500000000000004,37.2,-0.09,24.700000000000003,63.900000000000006,-0.21,0.1
123778,611805,16.899597,-24.994822,0.,-45,0.051500000000000004,37.2,-0.09,24.700000000000003,63.900000000000006,-0.21,0.1
123778,612115,16.899598,-24.994817,0.,-45,0.051500000000000004,37.2,-0.09,24.700000000000003,63.900000000000006,-0.21,0.1
123778,612853,16.899578,-24.99484,0.,-45,0.051500000000000004,37.2,-0.09,24.700000000000003,63.900000000000006,-0.21,0.1
123778,613073,16.899583,-24.994823,0.,-45,0.051500000000000004,37.2,-0.09,24.700000000000003,63.900000000000006,-0.21,0.1
123778,614035,16.899577,-24.994802,0.,-45,0.051500000000000004,37.2,-0.09,24.700000000000003,63.900000000000006,-0.21,0.1
123778,614052,16.899578,-24.994802,0.,-45,0.051500000000000004,37.2,-0.09,24.700000000000003,63.900000000000006,-0.21,0.1
123778,614993,16.89959,-24.99481,0.,-45,0.051500000000000004,37.2,-0.09,24.700000000000003,63.900000000000006,-0.21,0.1
123778,615202,16.899592,-24.994812,0.,-45,0.051500000000000004,37.2,-0.09,24.700000000000003,63.900000000000006,-0.21,0.1
123778,615955,16.899605,-24.994817,0.,-45,0.051500000000000004,37.2,-0.09,24.700000000000003,63.900000000000006,-0.21,0.1
123778,616503,16.899593,-24.994827,0.,-45,0.051500000000000004,37.2,-0.09,24.700000000000003,63.900000000000006,-0.21,0.1
123778,616913,16.899598,-24.994822,0.,-45,0.051500000000000004,37.2,-0.09,24.700000000000003,63.900000000000006,-0.21,0.1
123778,617212,16.899597,-24.99482,0.,-45,0.051500000000000004,37.2,-0.09,24.700000000000003,63.900000000000006,-0.21,0.1
123778,617332,16.899588,-24.994822,0.,-45,0.051500000000000004,37.2,-0.09,24.700000000000003,63.900000000000006,-0.21,0.1
123778,617632,16.89959,-24.994825,0.,-45,0.051500000000000004,37.2,-0.09,24.6,63.900000000000006,-0.21,0.1
123778,617873,16.899598,-24.994812,0.,-45,0.051500000000000004,37.2,-0.09,24.6,63.800000000000004,-0.21,0.1
123778,618423,16.899583,-24.994833,0.,-45,0.051500000000000004,37.2,-0.09,24.6,63.800000000000004,-0.21,0.1
123778,618651,16.899595,-24.994828,0.,-45,0.051500000000000004,37.2,-0.09,24.6,63.800000000000004,-0.21,0.1
123778,618834,16.89959,-24.994825,0.,-45,0.051500000000000004,37.2,-0.09,24.6,63.800000000000004,-0.21,0.1
123778,618901,16.899588,-24.994835,0.,-45,0.051500000000000004,37.2,-0.09,24.6,63.800000000000004,-0.21,0.1
123778,619762,16.89959,-24.994815,0.,-45,0.051500000000000004,37.2,-0.09,24.6,63.800000000000004,-0.21,0.1
123778,619794,16.899587,-24.994817,0.,-45,0.051500000000000004,37.2,-0.09,24.6,63.800000000000004,-0.21,0.1
123778,619982,16.899585,-24.994815,0.,-45,0.051500000000000004,37.2,-0.09,24.6,63.800000000000004,-0.21,0.1
123778,620292,16.899587,-24.994817,0.,-45,0.051500000000000004,37.2,-0.09,24.6,63.800000000000004,-0.21,0.1
123778,620756,16.89959,-24.994812,0.,-45,0.051500000000000004,37.2,-0.09,24.6,63.800000000000004,-0.21,0.1
123778,620953,16.8996,-24.994805,0.,-45,0.051500000000000004,37.2,-0.09,24.6,63.800000000000004,-0.21,0.1
123778,621373,16.899582,-24.994813,0.,-45,0.051500000000000004,37.2,-0.09,24.6,63.800000000000004,-0.21,0.1
123778,621714,16.89959,-24.99482,0.,-45,0.051500000000000004,37.2,-0.09,24.6,63.800000000000004,-0.21,0.1
123778,622283,16.899598,-24.994795,0.,-45,0.051500000000000004,37.2,-0.09,24.6,63.800000000000004,-0.21,0.1
123778,622916,16.899593,-24.994827,0.,-45,0.051500000000000004,37.2,-0.09,24.6,63.800000000000004,-0.21,0.1
123778,623542,16.899592,-24.994795,0.,-45,0.051500000000000004,37.2,-0.09,24.6,63.800000000000004,-0.21,0.1
123778,623875,16.89959,-24.994825,0.,-45,0.051500000000000004,37.2,-0.09,24.6,63.800000000000004,-0.21,0.1
123778,624834,16.899587,-24.994822,0.,-45,0.051500000000000004,37.2,-0.09,24.6,63.800000000000004,-0.21,0.1
123778,625795,16.899603,-24.99482,0.,-45,0.051500000000000004,37.2,-0.09,24.6,63.800000000000004,-0.21,0.1
123778,626754,16.899595,-24.994818,0.,-45,0.051500000000000004,37.2,-0.09,24.6,63.800000000000004,-0.21,0.1
123778,627713,16.89959,-24.994823,0.,-45,0.051500000000000004,37.2,-0.09,24.6,63.800000000000004,-0.21,0.1
123778,628673,16.899587,-24.994817,0.,-45,0.051500000000000004,37.2,-0.09,24.6,63.800000000000004,-0.21,0.1
123778,629634,16.89959,-24.994817,0.,-45,0.051500000000000004,37.2,-0.09,24.6,63.7,-0.21,0.1
123778,630595,16.899602,-24.994823,0.,-45,0.051500000000000004,37.2,-0.09,24.6,63.7,-0.21,0.1
123778,631556,16.899603,-24.994798,0.,-45,0.051500000000000004,37.2,-0.09,24.6,63.7,-0.21,0.1
123778,632515,16.899623,-24.994825,0.,-45,0.051500000000000004,37.2,-0.09,24.6,63.7,-0.21,0.1
123778,633475,16.899615,-24.994827,0.,-45,0.051500000000000004,37.2,-0.09,24.6,63.7,-0.21,0.1
123778,634674,16.8996,-24.994823,0.,-45,0.051500000000000004,37.2,-0.09,24.6,63.7,-0.21,0.1
123778,635675,16.899605,-24.994822,0.,-45,0.051500000000000004,37.2,-0.09,24.6,63.7,-0.21,0.1
123778,636673,16.899595,-24.994825,0.,-45,0.051500000000000004,37.2,-0.09,24.6,63.7,-0.21,0.1
123778,637635,16.899603,-24.994808,0.,-45,0.051500000000000004,37.2,-0.09,24.6,63.7,-0.21,0.1
123778,638596,16.899592,-24.994812,0.,-45,0.051500000000000004,37.2,-0.09,24.6,63.7,-0.21,0.1
123778,639553,16.899618,-24.994787,0.,-45,0.051500000000000004,37.2,-0.09,24.6,63.7,-0.21,0.1
123778,640514,16.899602,-24.994818,0.,-45,0.051500000000000004,37.2,-0.09,24.6,63.6,-0.21,0.1
123778,640882,16.8996,-24.99483,0.,-45,0.051500000000000004,37.2,-0.09,24.6,63.6,-0.21,0.1
123778,640883,16.8996,-24.99483,0.,-45,0.051500000000000004,37.2,-0.09,24.6,63.6,-0.21,0.1
123778,640932,16.899612,-24.994822,0.,-45,0.051500000000000004,37.2,-0.09,24.6,63.6,-0.21,0.1
123778,640942,16.899617,-24.994817,0.,-45,0.051500000000000004,37.2,-0.09,24.6,63.6,-0.21,0.1
123778,640943,16.899617,-24.994817,0.,-45,0.051500000000000004,37.2,-0.09,24.6,63.6,-0.21,0.1
123778,640981,16.899605,-24.994823,0.,-45,0.051500000000000004,37.2,-0.09,24.6,63.6,-0.21,0.1
123778,640992,16.899602,-24.994827,0.,-45,0.051500000000000004,37.2,-0.09,24.6,63.6,-0.21,0.1
123778,641002,16.899602,-24.994828,0.,-45,0.051500000000000004,37.2,-0.09,24.6,63.6,-0.21,0.1
123778,641003,16.899602,-24.994828,0.,-45,0.051500000000000004,37.2,-0.09,24.6,63.6,-0.21,0.1
123778,641041,16.899605,-24.994828,0.,-45,0.051500000000000004,37.2,-0.09,24.6,63.6,-0.21,0.1
123778,641052,16.899598,-24.994825,0.,-45,0.051500000000000004,37.2,-0.09,24.6,63.6,-0.21,0.1
123778,641053,16.899598,-24.994825,0.,-45,0.051500000000000004,37.2,-0.09,24.6,63.6,-0.21,0.1
123778,641062,16.899595,-24.994823,0.,-45,0.051500000000000004,37.2,-0.09,24.6,63.6,-0.21,0.1
123778,641063,16.899595,-24.994823,0.,-45,0.051500000000000004,37.2,-0.09,24.6,63.6,-0.21,0.1
123778,641101,16.899595,-24.994822,0.,-45,0.051500000000000004,37.2,-0.09,24.6,63.6,-0.21,0.1
123778,641122,16.899598,-24.994825,0.,-45,0.051500000000000004,37.2,-0.09,24.6,63.6,-0.21,0.1
123778,641123,16.899598,-24.994825,0.,-45,0.051500000000000004,37.2,-0.09,24.6,63.6,-0.21,0.1
123778,641161,16.89961,-24.994828,0.,-45,0.051500000000000004,37.2,-0.09,24.6,63.6,-0.21,0.1
123778,641183,16.89961,-24.99483,0.,-45,0.051500000000000004,37.2,-0.09,24.6,63.6,-0.21,0.1
123778,641473,16.899618,-24.994848,0.,-45,0.051500000000000004,37.2,-0.09,24.6,63.6,-0.21,0.1
123778,642435,16.899612,-24.994835,0.,-45,0.051500000000000004,37.2,-0.09,24.6,63.6,-0.22,0.1
123778,643393,16.899618,-24.994828,0.,-45,0.051500000000000004,37.2,-0.09,24.6,63.6,-0.22,0.1
123778,644354,16.899612,-24.994812,0.,-45,0.051500000000000004,37.2,-0.09,24.6,63.6,-0.22,0.1
123778,645318,16.899602,-24.994822,0.,-45,0.051500000000000004,37.2,-0.09,24.6,63.6,-0.22,0.1
123778,646454,16.899607,-24.994823,0.,-45,0.051500000000000004,37.2,-0.09,24.6,63.6,-0.22,0.1
123778,646852,16.899602,-24.994815,0.,-45,0.051500000000000004,37.2,-0.09,24.6,63.6,-0.22,0.1
123778,646993,16.89961,-24.99483,0.,-45,0.051500000000000004,37.2,-0.09,24.6,63.6,-0.22,0.1
123778,646994,16.89961,-24.99483,0.,-45,0.051500000000000004,37.2,-0.09,24.6,63.6,-0.22,0.1
123778,647122,16.899602,-24.994835,0.,-45,0.051500000000000004,37.2,-0.09,24.6,63.6,-0.22,0.1
123778,647203,16.899608,-24.994808,0.,-45,0.051500000000000004,37.2,-0.09,24.6,63.6,-0.22,0.1
123778,647223,16.899603,-24.99481,0.,-45,0.051500000000000004,37.2,-0.09,24.6,63.6,-0.22,0.1
123778,647416,16.899615,-24.994808,0.,-45,0.051500000000000004,37.2,-0.09,24.6,63.6,-0.22,0.1
123778,647524,16.899608,-24.994817,0.,-45,0.051500000000000004,37.2,-0.09,24.6,63.6,-0.22,0.1
123778,648374,16.899607,-24.994815,0.,-45,0.051500000000000004,37.2,-0.09,24.6,63.6,-0.22,0.1
123778,649335,16.899605,-24.994833,0.,-45,0.051500000000000004,37.2,-0.09,24.6,63.6,-0.22,0.1
123778,650296,16.899602,-24.994822,0.,-45,0.051500000000000004,37.2,-0.09,24.6,63.6,-0.22,0.1
123778,651254,16.899597,-24.994828,0.,-45,0.051500000000000004,37.2,-0.09,24.6,63.6,-0.22,0.1
123778,652275,16.899617,-24.994835,0.,-45,0.051500000000000004,37.2,-0.09,24.6,63.5,-0.22,0.09
123778,653134,16.899608,-24.994812,0.,-45,0.051500000000000004,37.2,-0.09,24.6,63.5,-0.22,0.09
123778,653268,16.899605,-24.994807,0.,-45,0.051500000000000004,37.2,-0.09,24.6,63.5,-0.22,0.09
123778,654254,16.899595,-24.994807,0.,-45,0.051500000000000004,37.2,-0.09,24.6,63.5,-0.22,0.09
123778,655215,16.899588,-24.994815,0.,-45,0.051500000000000004,37.2,-0.09,24.6,63.5,-0.22,0.09
123778,656174,16.899605,-24.994818,0.,-45,0.051500000000000004,37.2,-0.09,24.6,63.5,-0.22,0.09
123778,657135,16.899625,-24.994808,0.,-45,0.051500000000000004,37.2,-0.09,24.6,63.5,-0.22,0.09
123778,658214,16.899607,-24.994792,0.,-45,0.051500000000000004,37.2,-0.09,24.6,63.5,-0.22,0.09
123778,659175,16.899618,-24.9948,0.,-45,0.051500000000000004,37.2,-0.09,24.6,63.5,-0.22,0.09
123778,660033,16.899603,-24.994795,0.,-45,0.051500000000000004,37.2,-0.09,24.6,63.5,-0.22,0.09
123778,660134,16.899618,-24.994798,0.,-45,0.051500000000000004,37.2,-0.09,24.6,63.5,-0.22,0.09
123778,660213,16.899623,-24.994795,0.,-45,0.051500000000000004,37.2,-0.09,24.6,63.5,-0.22,0.09
123778,661096,16.89961,-24.994805,0.,-45,0.051500000000000004,37.2,-0.09,24.6,63.5,-0.22,0.09
123778,661322,16.899607,-24.994815,0.,-45,0.051500000000000004,37.2,-0.09,24.6,63.5,-0.22,0.09
123778,662056,16.899605,-24.99481,0.,-45,0.051500000000000004,37.2,-0.09,24.6,63.5,-0.22,0.09
123778,662292,16.899607,-24.994815,0.,-45,0.051500000000000004,37.2,-0.09,24.6,63.5,-0.22,0.09
123778,662562,16.899613,-24.994815,0.,-45,0.051500000000000004,37.2,-0.09,24.6,63.5,-0.22,0.09
123778,663015,16.89961,-24.994818,0.,-45,0.051500000000000004,37.2,-0.09,24.6,63.5,-0.22,0.09
123778,663523,16.899605,-24.994785,0.,-45,0.051500000000000004,37.2,-0.09,24.6,63.400000000000006,-0.22,0.09
123778,663963,16.899622,-24.994798,0.,-45,0.051500000000000004,37.2,-0.09,24.6,63.400000000000006,-0.22,0.09
123778,663974,16.899632,-24.994797,0.,-45,0.051500000000000004,37.2,-0.09,24.6,63.400000000000006,-0.22,0.09
123778,664882,16.899618,-24.994785,0.,-45,0.051500000000000004,37.2,-0.09,24.6,63.400000000000006,-0.22,0.09
123778,664933,16.899613,-24.994785,0.,-45,0.051500000000000004,37.2,-0.09,24.6,63.400000000000006,-0.22,0.09
123778,664974,16.899608,-24.994793,0.,-45,0.051500000000000004,37.2,-0.09,24.6,63.400000000000006,-0.22,0.09
123778,665895,16.899617,-24.994792,0.,-45,0.051500000000000004,37.2,-0.09,24.6,63.400000000000006,-0.22,0.09
123778,665993,16.899615,-24.994783,0.,-45,0.051500000000000004,37.2,-0.09,24.6,63.400000000000006,-0.22,0.09
123778,666054,16.899605,-24.994785,0.,-45,0.051500000000000004,37.2,-0.09,24.6,63.400000000000006,-0.22,0.09
123778,666854,16.89962,-24.994803,0.,-45,0.051500000000000004,37.2,-0.09,24.6,63.400000000000006,-0.22,0.09
123778,667222,16.89961,-24.994807,0.,-45,0.051500000000000004,37.2,-0.09,24.6,63.400000000000006,-0.22,0.09
123778,667532,16.899613,-24.994802,0.,-45,0.051500000000000004,37.2,-0.09,24.6,63.400000000000006,-0.22,0.09
123778,667815,16.8996,-24.994793,0.,-45,0.051500000000000004,37.2,-0.09,24.6,63.400000000000006,-0.22,0.09
123778,668632,16.899593,-24.994787,0.,-45,0.051500000000000004,37.2,-0.09,24.6,63.400000000000006,-0.22,0.09
123778,668776,16.899598,-24.994795,0.,-45,0.051500000000000004,37.2,-0.09,24.6,63.400000000000006,-0.22,0.09
123778,669975,16.899615,-24.994758,0.,-45,0.051500000000000004,37.2,-0.09,24.6,63.400000000000006,-0.22,0.09
123778,670143,16.899613,-24.994768,0.,-45,0.051500000000000004,37.2,-0.09,24.6,63.400000000000006,-0.22,0.09
123778,670937,16.899603,-24.994813,0.,-45,0.051500000000000004,37.2,-0.09,24.6,63.400000000000006,-0.22,0.09
123778,671083,16.899608,-24.994805,0.,-45,0.051500000000000004,37.2,-0.09,24.6,63.400000000000006,-0.22,0.09
123778,671894,16.8996,-24.994797,0.,-45,0.051500000000000004,37.2,-0.09,24.6,63.400000000000006,-0.22,0.09
123778,672483,16.899598,-24.99477,0.,-45,0.051500000000000004,37.2,-0.09,24.6,63.400000000000006,-0.22,0.09
123778,672855,16.89961,-24.994793,0.,-45,0.051500000000000004,37.2,-0.09,24.6,63.400000000000006,-0.22,0.09
123778,673817,16.899592,-24.994803,0.,-45,0.051500000000000004,37.2,-0.09,24.6,63.400000000000006,-0.22,0.09
123778,674775,16.899605,-24.994783,0.,-45,0.051500000000000004,37.2,-0.09,24.6,63.300000000000004,-0.22,0.09
123778,675734,16.899615,-24.994817,0.,-45,0.051500000000000004,37.2,-0.09,24.6,63.300000000000004,-0.22,0.09
123778,676696,16.89961,-24.994822,0.,-45,0.051500000000000004,37.2,-0.09,24.6,63.300000000000004,-0.22,0.09
123778,677653,16.899598,-24.994808,0.,-45,0.051500000000000004,37.2,-0.09,24.6,63.300000000000004,-0.22,0.09
123778,678575,16.899602,-24.99482,0.,-45,0.051500000000000004,37.2,-0.09,24.6,63.300000000000004,-0.22,0.09
123778,679553,16.8996,-24.994817,0.,-45,0.051500000000000004,37.2,-0.09,24.6,63.300000000000004,-0.22,0.09
123778,680516,16.899587,-24.99482,0.,-45,0.051500000000000004,37.2,-0.09,24.6,63.300000000000004,-0.22,0.09
123778,681474,16.899578,-24.994813,0.,-45,0.051500000000000004,37.2,-0.09,24.6,63.300000000000004,-0.22,0.09
123778,682455,16.899587,-24.994813,0.,-45,0.051500000000000004,37.2,-0.09,24.6,63.300000000000004,-0.22,0.09
123778,683416,16.899577,-24.99482,0.,-45,0.051500000000000004,37.2,-0.09,24.6,63.300000000000004,-0.23,0.09
123778,684374,16.899607,-24.994797,0.,-45,0.051500000000000004,37.2,-0.09,24.6,63.300000000000004,-0.23,0.09
123778,684762,16.899605,-24.99483,0.,-45,0.051500000000000004,37.2,-0.09,24.6,63.300000000000004,-0.23,0.09
123778,684763,16.899605,-24.99483,0.,-45,0.051500000000000004,37.2,-0.09,24.6,63.300000000000004,-0.23,0.09
123778,684822,16.899592,-24.994827,0.,-45,0.051500000000000004,37.2,-0.09,24.6,63.300000000000004,-0.23,0.09
123778,684862,16.899585,-24.994823,0.,-45,0.051500000000000004,37.2,-0.09,24.6,63.300000000000004,-0.23,0.09
123778,684912,16.8996,-24.994817,0.,-45,0.051500000000000004,37.2,-0.09,24.6,63.300000000000004,-0.23,0.09
123778,684913,16.8996,-24.994817,0.,-45,0.051500000000000004,37.2,-0.09,24.6,63.300000000000004,-0.23,0.09
123778,684961,16.8996,-24.994815,0.,-45,0.051500000000000004,37.2,-0.09,24.6,63.300000000000004,-0.23,0.09
123778,684962,16.8996,-24.994815,0.,-45,0.051500000000000004,37.2,-0.09,24.6,63.300000000000004,-0.23,0.09
123778,685002,16.899588,-24.994803,0.,-45,0.051500000000000004,37.2,-0.09,24.6,63.300000000000004,-0.23,0.09
123778,685022,16.899587,-24.994802,0.,-45,0.051500000000000004,37.2,-0.09,24.6,63.300000000000004,-0.23,0.09
123778,685072,16.899592,-24.99481,0.,-45,0.051500000000000004,37.2,-0.09,24.6,63.300000000000004,-0.23,0.09
123778,685081,16.89959,-24.994812,0.,-45,0.051500000000000004,37.2,-0.09,24.6,63.300000000000004,-0.23,0.09
123778,685334,16.899573,-24.994832,0.,-45,0.051500000000000004,37.2,-0.09,24.6,63.300000000000004,-0.23,0.09
123778,686296,16.899603,-24.994798,0.,-45,0.051500000000000004,37.2,-0.09,24.6,63.2,-0.23,0.09
123778,687253,16.89961,-24.994783,0.,-45,0.051500000000000004,37.2,-0.09,24.6,63.2,-0.23,0.09
123778,688215,16.899588,-24.9948,0.,-45,0.051500000000000004,37.2,-0.09,24.6,63.2,-0.23,0.09
123778,689185,16.899597,-24.99481,0.,-45,0.051500000000000004,37.2,-0.09,24.6,63.2,-0.23,0.09
123778,690141,16.899598,-24.99481,0.,-45,0.051500000000000004,37.2,-0.09,24.6,63.2,-0.23,0.09
123778,690461,16.899595,-24.994827,0.,-45,0.051500000000000004,37.2,-0.09,24.6,63.2,-0.23,0.09
123778,690521,16.899593,-24.99483,0.,-45,0.051500000000000004,37.2,-0.09,24.6,63.2,-0.23,0.09
123778,690522,16.899593,-24.99483,0.,-45,0.051500000000000004,37.2,-0.09,24.6,63.2,-0.23,0.09
123778,690550,16.899597,-24.994828,0.,-45,0.051500000000000004,37.2,-0.09,24.6,63.2,-0.23,0.09
123778,690559,16.899597,-24.994828,0.,-45,0.051500000000000004,37.2,-0.09,24.6,63.2,-0.23,0.09
123778,690560,16.899597,-24.994828,0.,-45,0.051500000000000004,37.2,-0.09,24.6,63.2,-0.23,0.09
123778,690581,16.899595,-24.994828,0.,-45,0.051500000000000004,37.2,-0.09,24.6,63.2,-0.23,0.09
123778,690582,16.899595,-24.994828,0.,-45,0.051500000000000004,37.2,-0.09,24.6,63.2,-0.23,0.09
123778,690610,16.899595,-24.994832,0.,-45,0.051500000000000004,37.2,-0.09,24.6,63.2,-0.23,0.09
123778,690611,16.899595,-24.994832,0.,-45,0.051500000000000004,37.2,-0.09,24.6,63.2,-0.23,0.09
123778,690741,16.899597,-24.994825,0.,-45,0.051500000000000004,37.2,-0.09,24.6,63.2,-0.23,0.09
123778,690790,16.899598,-24.994822,0.,-45,0.051500000000000004,37.2,-0.09,24.6,63.2,-0.23,0.09
123778,690791,16.899598,-24.994822,0.,-45,0.051500000000000004,37.2,-0.09,24.6,63.2,-0.23,0.09
123778,690801,16.8996,-24.994823,0.,-45,0.051500000000000004,37.2,-0.09,24.6,63.2,-0.23,0.09
123778,690832,16.899598,-24.994828,0.,-45,0.051500000000000004,37.2,-0.09,24.6,63.2,-0.23,0.09
123778,690900,16.899597,-24.994817,0.,-45,0.051500000000000004,37.2,-0.09,24.6,63.2,-0.23,0.09
123778,690902,16.899597,-24.994817,0.,-45,0.051500000000000004,37.2,-0.09,24.6,63.2,-0.23,0.09
123778,691096,16.899595,-24.994825,0.,-45,0.051500000000000004,37.2,-0.09,24.6,63.2,-0.23,0.09
123778,692064,16.899592,-24.994812,0.,-45,0.051500000000000004,37.2,-0.09,24.6,63.2,-0.23,0.09
123778,693019,16.899588,-24.994798,0.,-45,0.051500000000000004,37.2,-0.09,24.6,63.2,-0.23,0.09
123778,693975,16.89959,-24.99483,0.,-45,0.051500000000000004,37.2,-0.09,24.6,63.2,-0.23,0.09
123778,694937,16.899592,-24.99482,0.,-45,0.051500000000000004,37.2,-0.09,24.6,63.2,-0.23,0.09
123778,695055,16.89959,-24.994817,0.,-45,0.051500000000000004,37.2,-0.09,24.6,63.2,-0.23,0.09
123778,695894,16.899598,-24.99482,0.,-45,0.051500000000000004,37.2,-0.09,24.6,63.2,-0.23,0.09
123778,696855,16.899605,-24.994817,0.,-45,0.051500000000000004,37.2,-0.09,24.6,63.2,-0.23,0.09
123778,697815,16.899593,-24.994835,0.,-45,0.051500000000000004,37.2,-0.09,24.6,63.1,-0.23,0.09
123778,698383,16.899587,-24.99481,0.,-45,0.051500000000000004,37.2,-0.09,24.6,63.1,-0.23,0.09
123778,698774,16.899592,-24.994833,0.,-45,0.051500000000000004,37.2,-0.09,24.6,63.1,-0.23,0.09
123778,699736,16.899587,-24.994765,0.,-45,0.051500000000000004,37.2,-0.09,24.6,63.1,-0.23,0.09
123778,700672,16.899587,-24.994797,0.,-45,0.051500000000000004,37.2,-0.09,24.6,63.1,-0.23,0.09
123778,700694,16.899588,-24.994802,0.,-45,0.051500000000000004,37.2,-0.09,24.6,63.1,-0.23,0.09
123778,701532,16.899592,-24.994818,0.,-45,0.051500000000000004,37.2,-0.09,24.6,63.1,-0.23,0.09
123778,701653,16.899592,-24.994817,0.,-45,0.051500000000000004,37.2,-0.09,24.6,63.1,-0.23,0.09
123778,701703,16.899587,-24.994815,0.,-45,0.051500000000000004,37.2,-0.09,24.6,63.1,-0.23,0.09
123778,702173,16.899592,-24.994832,0.,-45,0.051500000000000004,37.2,-0.09,24.6,63.1,-0.23,0.09
123778,702616,16.899588,-24.994832,0.,-45,0.051500000000000004,37.2,-0.09,24.6,63.1,-0.23,0.09
123778,702874,16.899592,-24.994832,0.,-45,0.051500000000000004,37.2,-0.09,24.6,63.1,-0.23,0.09
123778,703054,16.899597,-24.994837,0.,-45,0.051500000000000004,37.2,-0.09,24.6,63.1,-0.23,0.09
123778,703553,16.89959,-24.994817,0.,-45,0.051500000000000004,37.2,-0.09,24.6,63.1,-0.23,0.09
123778,703574,16.89959,-24.994822,0.,-45,0.051500000000000004,37.2,-0.09,24.6,63.1,-0.23,0.09
123778,704034,16.899597,-24.994818,0.,-45,0.051500000000000004,37.2,-0.09,24.6,63.1,-0.23,0.09
123778,704443,16.899595,-24.994817,0.,-45,0.051500000000000004,37.2,-0.09,24.6,63.1,-0.23,0.09
123778,704533,16.89958,-24.994825,0.,-45,0.051500000000000004,37.2,-0.09,24.6,63.1,-0.23,0.09
123778,704593,16.899577,-24.994827,0.,-45,0.051500000000000004,37.2,-0.09,24.6,63.1,-0.23,0.09
123778,705424,16.899582,-24.994825,0.,-45,0.051500000000000004,37.2,-0.09,24.6,63.1,-0.23,0.09
123778,705494,16.89959,-24.994835,0.,-45,0.051500000000000004,37.2,-0.09,24.6,63.1,-0.23,0.09
123778,705612,16.899588,-24.99481,0.,-45,0.051500000000000004,37.2,-0.09,24.6,63.1,-0.23,0.09
123778,705814,16.89961,-24.994812,0.,-45,0.051500000000000004,37.2,-0.09,24.6,63.1,-0.23,0.09
123778,706454,16.899595,-24.994805,0.,-45,0.051500000000000004,37.2,-0.09,24.6,63.1,-0.23,0.09
123778,706593,16.8996,-24.994812,0.,-45,0.051500000000000004,37.2,-0.09,24.6,63.1,-0.23,0.09
123778,706893,16.899595,-24.994802,0.,-45,0.051500000000000004,37.2,-0.09,24.6,63.1,-0.23,0.09
123778,707092,16.899602,-24.994823,0.,-45,0.051500000000000004,37.2,-0.09,24.6,63.1,-0.23,0.09
123778,707416,16.899602,-24.994808,0.,-45,0.051500000000000004,37.2,-0.09,24.6,63.1,-0.23,0.09
123778,707984,16.899598,-24.994815,0.,-45,0.051500000000000004,37.2,-0.09,24.6,63.1,-0.23,0.09
123778,708374,16.899588,-24.994803,0.,-45,0.051500000000000004,37.2,-0.09,24.6,63.1,-0.23,0.09
123778,709334,16.899568,-24.994805,0.,-45,0.051500000000000004,37.2,-0.09,24.6,63.,-0.23,0.09
123778,710294,16.899587,-24.994803,0.,-45,0.051500000000000004,37.2,-0.09,24.6,63.,-0.23,0.09
123778,711253,16.899593,-24.99482,0.,-45,0.051500000000000004,37.2,-0.09,24.6,63.,-0.23,0.09
123778,712214,16.899595,-24.99482,0.,-45,0.051500000000000004,37.2,-0.09,24.6,63.,-0.23,0.09
123778,713174,16.89959,-24.994828,0.,-45,0.051500000000000004,37.2,-0.09,24.6,63.,-0.23,0.08
123778,714134,16.899602,-24.994827,0.,-45,0.051500000000000004,37.2,-0.09,24.6,63.,-0.23,0.08
123778,715094,16.899597,-24.994822,0.,-45,0.051500000000000004,37.2,-0.09,24.6,63.,-0.23,0.08
123778,716054,16.899605,-24.994828,0.,-45,0.051500000000000004,37.2,-0.09,24.6,63.,-0.23,0.08
123778,717016,16.899608,-24.994838,0.,-45,0.051500000000000004,37.2,-0.09,24.6,63.,-0.23,0.08
123778,717973,16.899612,-24.9948,0.,-45,0.051500000000000004,37.2,-0.09,24.6,63.,-0.23,0.08
123778,718935,16.899618,-24.994817,0.,-45,0.051500000000000004,37.2,-0.09,24.6,63.,-0.23,0.08
123778,719893,16.89962,-24.994817,0.,-45,0.051500000000000004,37.2,-0.09,24.6,62.900000000000006,-0.23,0.08
123778,720875,16.899613,-24.994815,0.,-45,0.051500000000000004,37.2,-0.09,24.6,62.900000000000006,-0.23,0.08
123778,721875,16.899618,-24.994823,0.,-45,0.051500000000000004,37.2,-0.09,24.6,62.900000000000006,-0.23,0.08
123778,722853,16.899608,-24.994827,0.,-45,0.051500000000000004,37.2,-0.09,24.6,62.900000000000006,-0.23,0.08
123778,723819,16.899607,-24.994825,0.,-45,0.051500000000000004,37.2,-0.09,24.6,62.900000000000006,-0.24,0.08
123778,724776,16.8996,-24.994808,0.,-45,0.051500000000000004,37.2,-0.09,24.6,62.900000000000006,-0.24,0.08
123778,725734,16.899612,-24.994802,0.,-45,0.051500000000000004,37.2,-0.09,24.6,62.900000000000006,-0.24,0.08
123778,726694,16.899602,-24.994813,0.,-45,0.051500000000000004,37.2,-0.09,24.6,62.900000000000006,-0.24,0.08
123778,727654,16.899598,-24.994822,0.,-45,0.051500000000000004,37.2,-0.09,24.6,62.900000000000006,-0.24,0.08
123778,728774,16.899635,-24.994832,0.,-45,0.051500000000000004,37.2,-0.09,24.6,62.900000000000006,-0.24,0.08
123778,729321,16.89964,-24.99483,0.,-45,0.051500000000000004,37.2,-0.09,24.6,62.900000000000006,-0.24,0.08
123778,729352,16.89964,-24.994833,0.,-45,0.051500000000000004,37.2,-0.09,24.6,62.900000000000006,-0.24,0.08
123778,729371,16.899638,-24.994838,0.,-45,0.051500000000000004,37.2,-0.09,24.6,62.900000000000006,-0.24,0.08
123778,729372,16.899638,-24.994838,0.,-45,0.051500000000000004,37.2,-0.09,24.6,62.900000000000006,-0.24,0.08
123778,729381,16.899632,-24.99484,0.,-45,0.051500000000000004,37.2,-0.09,24.6,62.900000000000006,-0.24,0.08
123778,729422,16.899625,-24.994842,0.,-45,0.051500000000000004,37.2,-0.09,24.6,62.900000000000006,-0.24,0.08
123778,729431,16.899628,-24.994838,0.,-45,0.051500000000000004,37.2,-0.09,24.6,62.900000000000006,-0.24,0.08
123778,729432,16.899628,-24.994838,0.,-45,0.051500000000000004,37.2,-0.09,24.6,62.900000000000006,-0.24,0.08
123778,729441,16.89963,-24.994835,0.,-45,0.051500000000000004,37.2,-0.09,24.6,62.900000000000006,-0.24,0.08
123778,729442,16.89963,-24.994835,0.,-45,0.051500000000000004,37.2,-0.09,24.6,62.900000000000006,-0.24,0.08
123778,729501,16.899625,-24.994832,0.,-45,0.051500000000000004,37.2,-0.09,24.6,62.900000000000006,-0.24,0.08
123778,729502,16.899625,-24.994832,0.,-45,0.051500000000000004,37.2,-0.09,24.6,62.900000000000006,-0.24,0.08
123778,729522,16.899623,-24.994832,0.,-45,0.051500000000000004,37.2,-0.09,24.6,62.900000000000006,-0.24,0.08
123778,729542,16.899623,-24.994835,0.,-45,0.051500000000000004,37.2,-0.09,24.6,62.900000000000006,-0.24,0.08
123778,729551,16.899625,-24.994833,0.,-45,0.051500000000000004,37.2,-0.09,24.6,62.900000000000006,-0.24,0.08
123778,729552,16.899625,-24.994833,0.,-45,0.051500000000000004,37.2,-0.09,24.6,62.900000000000006,-0.24,0.08
123778,729561,16.899627,-24.99483,0.,-45,0.051500000000000004,37.2,-0.09,24.6,62.900000000000006,-0.24,0.08
123778,729562,16.899627,-24.99483,0.,-45,0.051500000000000004,37.2,-0.09,24.6,62.900000000000006,-0.24,0.08
123778,729571,16.899625,-24.99483,0.,-45,0.051500000000000004,37.2,-0.09,24.6,62.900000000000006,-0.24,0.08
123778,729582,16.899622,-24.99483,0.,-45,0.051500000000000004,37.2,-0.09,24.6,62.900000000000006,-0.24,0.08
123778,729602,16.899615,-24.994827,0.,-45,0.051500000000000004,37.2,-0.09,24.6,62.900000000000006,-0.24,0.08
123778,729621,16.89962,-24.994823,0.,-45,0.051500000000000004,37.2,-0.09,24.6,62.900000000000006,-0.24,0.08
123778,729622,16.89962,-24.994823,0.,-45,0.051500000000000004,37.2,-0.09,24.6,62.900000000000006,-0.24,0.08
123778,729631,16.89962,-24.994823,0.,-45,0.051500000000000004,37.2,-0.09,24.6,62.900000000000006,-0.24,0.08
123778,729632,16.89962,-24.994823,0.,-45,0.051500000000000004,37.2,-0.09,24.6,62.900000000000006,-0.24,0.08
123778,729642,16.89962,-24.994828,0.,-45,0.051500000000000004,37.2,-0.09,24.6,62.900000000000006,-0.24,0.08
123778,729661,16.899618,-24.994835,0.,-45,0.051500000000000004,37.2,-0.09,24.6,62.900000000000006,-0.24,0.08
123778,729734,16.89962,-24.994837,0.,-45,0.051500000000000004,37.2,-0.09,24.6,62.900000000000006,-0.24,0.08
123778,730694,16.89961,-24.994813,0.,-45,0.051500000000000004,37.2,-0.09,24.6,62.900000000000006,-0.24,0.08
123778,731695,16.899603,-24.994832,0.,-45,0.051500000000000004,37.2,-0.09,24.6,62.800000000000004,-0.24,0.08
123778,732657,16.899605,-24.99482,0.,-45,0.051500000000000004,37.2,-0.09,24.5,62.800000000000004,-0.24,0.08
123778,733614,16.899618,-24.994822,0.,-45,0.051500000000000004,37.2,-0.09,24.5,62.800000000000004,-0.24,0.08
123778,734574,16.899617,-24.994823,0.,-45,0.051500000000000004,37.2,-0.09,24.5,62.800000000000004,-0.24,0.08
123778,735534,16.89961,-24.994823,0.,-45,0.051500000000000004,37.2,-0.09,24.5,62.800000000000004,-0.24,0.08
123778,736274,16.899643,-24.994805,0.,-45,0.051500000000000004,37.2,-0.09,24.5,62.800000000000004,-0.24,0.08
123778,736494,16.899628,-24.994805,0.,-45,0.051500000000000004,37.2,-0.09,24.5,62.800000000000004,-0.24,0.08
123778,737454,16.89962,-24.994835,0.,-45,0.051500000000000004,37.2,-0.09,24.5,62.800000000000004,-0.24,0.08
123778,738413,16.899627,-24.994833,0.,-45,0.051500000000000004,37.2,-0.09,24.5,62.800000000000004,-0.24,0.08
123778,739396,16.899613,-24.994808,0.,-45,0.051500000000000004,37.2,-0.09,24.5,62.800000000000004,-0.24,0.08
123778,740536,16.899613,-24.994802,0.,-45,0.051500000000000004,37.2,-0.09,24.5,62.800000000000004,-0.24,0.08
123778,741437,16.899613,-24.994802,0.,-45,0.051500000000000004,37.2,-0.09,24.5,62.800000000000004,-0.24,0.08
123778,741824,16.899625,-24.994795,0.,-45,0.051500000000000004,37.2,-0.09,24.5,62.800000000000004,-0.24,0.08
123778,742434,16.89961,-24.994828,0.,-45,0.051500000000000004,37.2,-0.09,24.5,62.800000000000004,-0.24,0.08
123778,743394,16.89962,-24.994805,0.,-45,0.051500000000000004,37.2,-0.09,24.5,62.7,-0.24,0.08
123778,744393,16.899612,-24.994783,0.,-45,0.051500000000000004,37.2,-0.09,24.5,62.7,-0.24,0.08
123778,745354,16.899607,-24.994788,0.,-45,0.051500000000000004,37.2,-0.09,24.5,62.7,-0.24,0.08
123778,745561,16.899617,-24.994798,0.,-45,0.051500000000000004,37.2,-0.09,24.5,62.7,-0.24,0.08
123778,745833,16.899613,-24.994792,0.,-45,0.051500000000000004,37.2,-0.09,24.5,62.7,-0.24,0.08
123778,746312,16.89961,-24.994792,0.,-45,0.051500000000000004,37.2,-0.09,24.5,62.7,-0.24,0.08
123778,747002,16.899588,-24.9948,0.,-45,0.051500000000000004,37.2,-0.09,24.5,62.7,-0.24,0.08
123778,747275,16.899608,-24.994795,0.,-45,0.051500000000000004,37.2,-0.09,24.5,62.7,-0.24,0.08
123778,747963,16.899593,-24.994812,0.,-45,0.051500000000000004,37.2,-0.09,24.5,62.7,-0.24,0.08
123778,748143,16.899607,-24.994805,0.,-45,0.051500000000000004,37.2,-0.09,24.5,62.7,-0.24,0.08
123778,748234,16.899615,-24.99481,0.,-45,0.051500000000000004,37.2,-0.09,24.5,62.7,-0.24,0.08
123778,749114,16.89961,-24.994818,0.,-45,0.051500000000000004,37.2,-0.09,24.5,62.7,-0.24,0.08
123778,749195,16.899615,-24.994815,0.,-45,0.051500000000000004,37.2,-0.09,24.5,62.7,-0.24,0.08
123778,749494,16.899618,-24.99481,0.,-45,0.051500000000000004,37.2,-0.09,24.5,62.7,-0.24,0.08
123778,750154,16.899628,-24.994792,0.,-45,0.051500000000000004,37.2,-0.09,24.5,62.7,-0.24,0.08
123778,750312,16.899627,-24.994793,0.,-45,0.051500000000000004,37.2,-0.09,24.5,62.7,-0.24,0.08
123778,750464,16.899622,-24.9948,0.,-45,0.051500000000000004,37.2,-0.09,24.5,62.7,-0.24,0.08
123778,751115,16.899615,-24.994792,0.,-45,0.051500000000000004,37.2,-0.09,24.5,62.7,-0.24,0.08
123778,751642,16.899608,-24.994777,0.,-45,0.051500000000000004,37.2,-0.09,24.5,62.7,-0.24,0.08
123778,751762,16.899613,-24.99479,0.,-45,0.051500000000000004,37.2,-0.09,24.5,62.7,-0.24,0.08
123778,752313,16.899612,-24.994797,0.,-45,0.051500000000000004,37.2,-0.09,24.5,62.7,-0.24,0.08
123778,752853,16.899618,-24.994807,0.,-45,0.051500000000000004,37.2,-0.09,24.5,62.7,-0.24,0.08
123778,753033,16.899613,-24.994805,0.,-45,0.051500000000000004,37.2,-0.09,24.5,62.7,-0.24,0.08
123778,753276,16.899622,-24.994813,0.,-45,0.051500000000000004,37.2,-0.09,24.5,62.7,-0.24,0.08
123778,754153,16.899622,-24.994817,0.,-45,0.051500000000000004,37.2,-0.09,24.5,62.6,-0.24,0.08
123778,754236,16.899613,-24.994807,0.,-45,0.051500000000000004,37.2,-0.09,24.5,62.6,-0.24,0.08
123778,754474,16.899602,-24.9948,0.,-45,0.051500000000000004,37.2,-0.09,24.5,62.6,-0.24,0.08
123778,755194,16.899625,-24.994808,0.,-45,0.051500000000000004,37.2,-0.09,24.5,62.6,-0.24,0.08
123778,755313,16.899622,-24.994802,0.,-45,0.051500000000000004,37.2,-0.09,24.5,62.6,-0.24,0.08
123778,756154,16.899622,-24.99481,0.,-45,0.051500000000000004,37.2,-0.09,24.5,62.6,-0.24,0.08
123778,756643,16.899578,-24.994792,0.,-45,0.051500000000000004,37.2,-0.09,24.5,62.6,-0.24,0.08
123778,757134,16.899605,-24.994845,0.,-45,0.051500000000000004,37.2,-0.09,24.5,62.6,-0.24,0.08
123778,758094,16.899592,-24.994818,0.,-45,0.051500000000000004,37.2,-0.09,24.5,62.6,-0.24,0.08
123778,759055,16.899607,-24.994818,0.,-45,0.051500000000000004,37.2,-0.09,24.5,62.6,-0.24,0.08
123778,760013,16.899605,-24.99478,0.,-45,0.051500000000000004,37.2,-0.09,24.5,62.6,-0.24,0.08
123778,760754,16.899622,-24.994777,0.,-45,0.051500000000000004,37.2,-0.09,24.5,62.6,-0.24,0.08
123778,760974,16.899622,-24.994782,0.,-45,0.051500000000000004,37.2,-0.09,24.5,62.6,-0.24,0.08
123778,761935,16.899613,-24.994792,0.,-45,0.051500000000000004,37.2,-0.09,24.5,62.6,-0.24,0.08
123778,762894,16.899613,-24.994782,0.,-45,0.051500000000000004,37.2,-0.09,24.5,62.6,-0.24,0.08
123778,764074,16.89961,-24.994815,0.,-45,0.051500000000000004,37.2,-0.09,24.5,62.6,-0.25,0.08
123778,765095,16.899588,-24.99483,0.,-45,0.051500000000000004,37.2,-0.09,24.5,62.6,-0.25,0.08
123778,766075,16.899587,-24.994798,0.,-45,0.051500000000000004,37.2,-0.09,24.5,62.5,-0.25,0.08
123778,767034,16.899597,-24.994828,0.,-45,0.051500000000000004,37.2,-0.09,24.5,62.5,-0.25,0.08
123778,767995,16.899577,-24.994803,0.,-45,0.051500000000000004,37.2,-0.09,24.5,62.5,-0.25,0.08
123778,768954,16.899617,-24.994817,0.,-45,0.051500000000000004,37.2,-0.09,24.5,62.5,-0.25,0.08
123778,769914,16.899603,-24.994815,0.,-45,0.051500000000000004,37.2,-0.09,24.5,62.5,-0.25,0.08
123778,770875,16.89962,-24.994815,0.,-45,0.051500000000000004,37.2,-0.09,24.5,62.5,-0.25,0.08
123778,771835,16.89961,-24.994817,0.,-45,0.051500000000000004,37.2,-0.09,24.5,62.5,-0.25,0.08
123778,772794,16.8996,-24.994813,0.,-45,0.051500000000000004,37.2,-0.09,24.5,62.5,-0.25,0.08
123778,773162,16.899602,-24.994822,0.,-45,0.051500000000000004,37.2,-0.09,24.5,62.5,-0.25,0.08
123778,773221,16.899603,-24.99481,0.,-45,0.051500000000000004,37.2,-0.09,24.5,62.5,-0.25,0.08
123778,773232,16.899607,-24.994812,0.,-45,0.051500000000000004,37.2,-0.09,24.5,62.5,-0.25,0.08
123778,773292,16.899607,-24.994797,0.,-45,0.051500000000000004,37.2,-0.09,24.5,62.5,-0.25,0.08
123778,773301,16.899607,-24.994792,0.,-45,0.051500000000000004,37.2,-0.09,24.5,62.5,-0.25,0.08
123778,773341,16.899608,-24.994787,0.,-45,0.051500000000000004,37.2,-0.09,24.5,62.5,-0.25,0.08
123778,773401,16.899613,-24.99478,0.,-45,0.051500000000000004,37.2,-0.09,24.5,62.5,-0.25,0.08
123778,773441,16.899615,-24.994775,0.,-45,0.051500000000000004,37.2,-0.09,24.5,62.5,-0.25,0.08
123778,773451,16.899613,-24.994778,0.,-45,0.051500000000000004,37.2,-0.09,24.5,62.5,-0.25,0.08
123778,773461,16.89961,-24.994782,0.,-45,0.051500000000000004,37.2,-0.09,24.5,62.5,-0.25,0.08
123778,773510,16.899608,-24.994783,0.,-45,0.051500000000000004,37.2,-0.09,24.5,62.5,-0.25,0.08
123778,773511,16.899608,-24.994783,0.,-45,0.051500000000000004,37.2,-0.09,24.5,62.5,-0.25,0.08
123778,773755,16.899598,-24.99479,0.,-45,0.051500000000000004,37.2,-0.09,24.5,62.5,-0.25,0.08
123778,774716,16.899617,-24.994795,0.,-45,0.051500000000000004,37.2,-0.09,24.5,62.5,-0.25,0.07
123778,775834,16.8996,-24.994822,0.,-45,0.051500000000000004,37.2,-0.09,24.5,62.5,-0.25,0.07
123778,776793,16.899595,-24.994833,0.,-45,0.051500000000000004,37.2,-0.09,24.5,62.400000000000006,-0.25,0.07
123778,777754,16.89959,-24.994803,0.,-45,0.051500000000000004,37.2,-0.09,24.5,62.400000000000006,-0.25,0.07
123778,778423,16.89959,-24.99481,0.,-45,0.051500000000000004,37.2,-0.09,24.5,62.400000000000006,-0.25,0.07
123778,778715,16.899587,-24.9948,0.,-45,0.051500000000000004,37.2,-0.09,24.5,62.400000000000006,-0.25,0.07
123778,779673,16.899597,-24.994833,0.,-45,0.051500000000000004,37.2,-0.09,24.5,62.400000000000006,-0.25,0.07
123778,780634,16.899573,-24.994813,0.,-45,0.051500000000000004,37.2,-0.09,24.5,62.400000000000006,-0.25,0.07
123778,781594,16.899608,-24.994827,0.,-45,0.051500000000000004,37.2,-0.09,24.5,62.400000000000006,-0.25,0.07
123778,782556,16.89961,-24.99482,0.,-45,0.051500000000000004,37.2,-0.09,24.5,62.400000000000006,-0.25,0.07
123778,783515,16.899608,-24.994797,0.,-45,0.051500000000000004,37.2,-0.09,24.5,62.400000000000006,-0.25,0.07
123778,783962,16.8996,-24.994833,0.,-45,0.051500000000000004,37.2,-0.09,24.5,62.400000000000006,-0.25,0.07
123778,784114,16.899607,-24.994827,0.,-45,0.051500000000000004,37.2,-0.09,24.5,62.400000000000006,-0.25,0.07
123778,784475,16.899593,-24.994818,0.,-45,0.051500000000000004,37.2,-0.09,24.5,62.400000000000006,-0.25,0.07
123778,785436,16.899592,-24.994815,0.,-45,0.051500000000000004,37.2,-0.09,24.5,62.400000000000006,-0.25,0.07
123778,785933,16.899585,-24.994798,0.,-45,0.051500000000000004,37.2,-0.09,24.5,62.400000000000006,-0.25,0.07
123778,786393,16.899575,-24.994788,0.,-45,0.051500000000000004,37.2,-0.09,24.5,62.400000000000006,-0.25,0.07
123778,787173,16.899592,-24.994812,0.,-45,0.051500000000000004,37.2,-0.09,24.5,62.400000000000006,-0.25,0.07
123778,787594,16.899593,-24.994833,0.,-45,0.051500000000000004,37.2,-0.09,24.5,62.400000000000006,-0.25,0.07
123778,788502,16.899585,-24.994815,0.,-45,0.051500000000000004,37.2,-0.09,24.5,62.300000000000004,-0.25,0.07
123778,788554,16.89959,-24.994817,0.,-45,0.051500000000000004,37.2,-0.09,24.5,62.300000000000004,-0.25,0.07
123778,788813,16.899595,-24.99483,0.,-45,0.051500000000000004,37.2,-0.09,24.5,62.300000000000004,-0.25,0.07
123778,789515,16.899603,-24.994803,0.,-45,0.051500000000000004,37.2,-0.09,24.5,62.300000000000004,-0.25,0.07
123778,789622,16.899593,-24.994815,0.,-45,0.051500000000000004,37.2,-0.09,24.5,62.300000000000004,-0.25,0.07
123778,789952,16.899587,-24.994817,0.,-45,0.051500000000000004,37.2,-0.09,24.5,62.300000000000004,-0.25,0.07
123778,790063,16.899578,-24.994828,0.,-45,0.051500000000000004,37.2,-0.09,24.5,62.300000000000004,-0.25,0.07
123778,790473,16.89959,-24.994817,0.,-45,0.051500000000000004,37.2,-0.09,24.5,62.300000000000004,-0.25,0.07
123778,790893,16.899595,-24.994822,0.,-45,0.051500000000000004,37.2,-0.09,24.5,62.300000000000004,-0.25,0.07
123778,791272,16.899582,-24.99482,0.,-45,0.051500000000000004,37.2,-0.09,24.5,62.300000000000004,-0.25,0.07
123778,791436,16.899582,-24.994793,0.,-45,0.051500000000000004,37.2,-0.09,24.5,62.300000000000004,-0.25,0.07
123778,792293,16.899588,-24.994818,0.,-45,0.051500000000000004,37.2,-0.09,24.5,62.300000000000004,-0.25,0.07
123778,792398,16.899598,-24.994812,0.,-45,0.051500000000000004,37.2,-0.09,24.5,62.300000000000004,-0.25,0.07
123778,793356,16.899603,-24.994823,0.,-45,0.051500000000000004,37.2,-0.09,24.5,62.300000000000004,-0.25,0.07
123778,793432,16.899598,-24.9948,0.,-45,0.051500000000000004,37.2,-0.09,24.5,62.300000000000004,-0.25,0.07
123778,794314,16.899583,-24.99481,0.,-45,0.051500000000000004,37.2,-0.09,24.5,62.300000000000004,-0.25,0.07
123778,795013,16.899605,-24.994803,0.,-45,0.051500000000000004,37.2,-0.09,24.5,62.300000000000004,-0.25,0.07
123778,795274,16.899592,-24.994812,0.,-45,0.051500000000000004,37.2,-0.09,24.5,62.300000000000004,-0.25,0.07
123778,796235,16.899588,-24.994808,0.,-45,0.051500000000000004,37.2,-0.09,24.5,62.300000000000004,-0.25,0.07
123778,797196,16.899585,-24.99484,0.,-45,0.051500000000000004,37.2,-0.09,24.5,62.300000000000004,-0.25,0.07
123778,798155,16.899602,-24.994823,0.,-45,0.051500000000000004,37.2,-0.09,24.5,62.300000000000004,-0.25,0.07
123778,799368,16.899587,-24.994823,0.,-45,0.051500000000000004,37.2,-0.09,24.5,62.2,-0.25,0.07
123778,800314,16.899595,-24.994817,0.,-45,0.051500000000000004,37.2,-0.09,24.5,62.2,-0.25,0.07
123778,801273,16.899602,-24.99482,0.,-45,0.051500000000000004,37.2,-0.09,24.5,62.2,-0.25,0.07
123778,802234,16.899603,-24.994832,0.,-45,0.051500000000000004,37.2,-0.09,24.5,62.2,-0.25,0.07
123778,803215,16.899602,-24.994817,0.,-45,0.051500000000000004,37.2,-0.09,24.5,62.2,-0.25,0.07
123778,804175,16.899602,-24.994803,0.,-45,0.051500000000000004,37.2,-0.09,24.5,62.2,-0.26,0.07
123778,805134,16.899598,-24.994832,0.,-45,0.051500000000000004,37.2,-0.09,24.5,62.2,-0.26,0.07
123778,806095,16.89962,-24.994835,0.,-45,0.051500000000000004,37.2,-0.09,24.5,62.2,-0.26,0.07
123778,807055,16.899622,-24.99482,0.,-45,0.051500000000000004,37.2,-0.09,24.5,62.2,-0.26,0.07
123778,808014,16.89961,-24.994828,0.,-45,0.051500000000000004,37.2,-0.09,24.5,62.2,-0.26,0.07
123778,808953,16.899612,-24.994817,0.,-45,0.051500000000000004,37.2,-0.09,24.5,62.2,-0.26,0.07
123778,809914,16.899602,-24.9948,0.,-45,0.051500000000000004,37.2,-0.09,24.5,62.2,-0.26,0.07
123778,811114,16.899608,-24.99479,0.,-45,0.051500000000000004,37.2,-0.09,24.5,62.1,-0.26,0.07
123778,812075,16.899612,-24.994803,0.,-45,0.051500000000000004,37.2,-0.09,24.5,62.1,-0.26,0.07
123778,812242,16.899608,-24.994815,0.,-45,0.051500000000000004,37.2,-0.09,24.5,62.1,-0.26,0.07
123778,813034,16.899638,-24.994827,0.,-45,0.051500000000000004,37.2,-0.09,24.5,62.1,-0.26,0.07
123778,813994,16.89963,-24.994808,0.,-45,0.051500000000000004,37.2,-0.09,24.5,62.1,-0.26,0.07
123778,814954,16.899648,-24.994813,0.,-45,0.051500000000000004,37.2,-0.08,24.5,62.1,-0.26,0.07
123778,815917,16.899628,-24.994842,0.,-45,0.051500000000000004,37.2,-0.08,24.5,62.1,-0.26,0.07
123778,816877,16.89962,-24.99481,0.,-45,0.051500000000000004,37.2,-0.08,24.5,62.1,-0.26,0.07
123778,817681,16.899608,-24.99483,0.,-45,0.051500000000000004,37.2,-0.08,24.5,62.1,-0.26,0.07
123778,817690,16.899608,-24.99483,0.,-45,0.051500000000000004,37.2,-0.08,24.5,62.1,-0.26,0.07
123778,817791,16.899603,-24.994828,0.,-45,0.051500000000000004,37.2,-0.08,24.5,62.1,-0.26,0.07
123778,817799,16.899602,-24.994827,0.,-45,0.051500000000000004,37.2,-0.08,24.5,62.1,-0.26,0.07
123778,817810,16.8996,-24.994825,0.,-45,0.051500000000000004,37.2,-0.08,24.5,62.1,-0.26,0.07
123778,817819,16.8996,-24.994825,0.,-45,0.051500000000000004,37.2,-0.08,24.5,62.1,-0.26,0.07
123778,817821,16.8996,-24.994825,0.,-45,0.051500000000000004,37.2,-0.08,24.5,62.1,-0.26,0.07
123778,817834,16.899602,-24.994828,0.,-45,0.051500000000000004,37.2,-0.08,24.5,62.1,-0.26,0.07
123778,817850,16.8996,-24.99483,0.,-45,0.051500000000000004,37.2,-0.08,24.5,62.1,-0.26,0.07
123778,817852,16.8996,-24.99483,0.,-45,0.051500000000000004,37.2,-0.08,24.5,62.1,-0.26,0.07
123778,817859,16.8996,-24.99483,0.,-45,0.051500000000000004,37.2,-0.08,24.5,62.1,-0.26,0.07
123778,817861,16.8996,-24.99483,0.,-45,0.051500000000000004,37.2,-0.08,24.5,62.1,-0.26,0.07
123778,817879,16.899598,-24.994832,0.,-45,0.051500000000000004,37.2,-0.08,24.5,62.1,-0.26,0.07
123778,817910,16.8996,-24.994822,0.,-45,0.051500000000000004,37.2,-0.08,24.5,62.1,-0.26,0.07
123778,817912,16.8996,-24.994822,0.,-45,0.051500000000000004,37.2,-0.08,24.5,62.1,-0.26,0.07
123778,818091,16.899613,-24.994823,0.,-45,0.051500000000000004,37.2,-0.08,24.5,62.1,-0.26,0.07
123778,818092,16.899613,-24.994823,0.,-45,0.051500000000000004,37.2,-0.08,24.5,62.1,-0.26,0.07
123778,818100,16.899615,-24.994822,0.,-45,0.051500000000000004,37.2,-0.08,24.5,62.1,-0.26,0.07
123778,818112,16.899615,-24.99482,0.,-45,0.051500000000000004,37.2,-0.08,24.5,62.1,-0.26,0.07
123778,818132,16.899615,-24.994815,0.,-45,0.051500000000000004,37.2,-0.08,24.5,62.1,-0.26,0.07
123778,818252,16.899612,-24.994802,0.,-45,0.051500000000000004,37.2,-0.08,24.5,62.1,-0.26,0.07
123778,818271,16.899612,-24.994807,0.,-45,0.051500000000000004,37.2,-0.08,24.5,62.1,-0.26,0.07
123778,818291,16.899608,-24.99481,0.,-45,0.051500000000000004,37.2,-0.08,24.5,62.1,-0.26,0.07
123778,818796,16.899617,-24.994808,0.,-45,0.051500000000000004,37.2,-0.08,24.5,62.1,-0.26,0.07
123778,819755,16.899618,-24.994803,0.,-45,0.051500000000000004,37.2,-0.08,24.5,62.1,-0.26,0.07
123778,820714,16.899627,-24.994812,0.,-45,0.051500000000000004,37.2,-0.08,24.5,62.1,-0.26,0.07
123778,821674,16.899612,-24.994813,0.,-45,0.051500000000000004,37.2,-0.08,24.5,62.1,-0.26,0.07
123778,822875,16.899625,-24.994827,0.,-45,0.051500000000000004,37.2,-0.08,24.5,62.,-0.26,0.07
123778,823834,16.899625,-24.994813,0.,-45,0.051500000000000004,37.2,-0.08,24.5,62.,-0.26,0.07
123778,824794,16.899615,-24.99483,0.,-45,0.051500000000000004,37.2,-0.08,24.5,62.,-0.26,0.07
123778,825173,16.899585,-24.99479,0.,-45,0.051500000000000004,37.2,-0.08,24.5,62.,-0.26,0.07
123778,825753,16.899625,-24.99478,0.,-45,0.051500000000000004,37.2,-0.08,24.5,62.,-0.26,0.07
123778,826718,16.899633,-24.994758,0.,-45,0.051500000000000004,37.2,-0.08,24.5,62.,-0.26,0.07
123778,827694,16.899628,-24.994793,0.,-45,0.051500000000000004,37.2,-0.08,24.5,62.,-0.26,0.07
123778,828654,16.899618,-24.994817,0.,-45,0.051500000000000004,37.2,-0.08,24.5,62.,-0.26,0.07
123778,829615,16.89962,-24.994783,0.,-45,0.051500000000000004,37.2,-0.08,24.5,62.,-0.26,0.07
123778,830577,16.899612,-24.994775,0.,-45,0.051500000000000004,37.2,-0.08,24.5,62.,-0.26,0.07
123778,831163,16.899612,-24.994792,0.,-45,0.051500000000000004,37.2,-0.08,24.5,62.,-0.26,0.07
123778,831534,16.899602,-24.994787,0.,-45,0.051500000000000004,37.2,-0.08,24.5,62.,-0.26,0.07
123778,832213,16.899603,-24.994785,0.,-45,0.051500000000000004,37.2,-0.08,24.5,62.,-0.26,0.07
123778,832421,16.899627,-24.99479,0.,-45,0.051500000000000004,37.2,-0.08,24.5,62.,-0.26,0.07
123778,832534,16.899618,-24.994782,0.,-45,0.051500000000000004,37.2,-0.08,24.5,62.,-0.26,0.07
123778,833424,16.89961,-24.994807,0.,-45,0.051500000000000004,37.2,-0.08,24.5,61.900000000000006,-0.26,0.07
123778,833495,16.899605,-24.994817,0.,-45,0.051500000000000004,37.2,-0.08,24.5,61.900000000000006,-0.26,0.07
123778,833673,16.899597,-24.994813,0.,-45,0.051500000000000004,37.2,-0.08,24.5,61.900000000000006,-0.26,0.07
123778,834636,16.899613,-24.994813,0.,-45,0.051500000000000004,37.2,-0.08,24.5,61.900000000000006,-0.26,0.07
123778,834952,16.89962,-24.994808,0.,-45,0.051500000000000004,37.2,-0.08,24.5,61.900000000000006,-0.26,0.07
123778,835595,16.899617,-24.994818,0.,-45,0.051500000000000004,37.2,-0.08,24.5,61.900000000000006,-0.26,0.06
123778,835991,16.89961,-24.994787,0.,-45,0.051500000000000004,37.2,-0.08,24.5,61.900000000000006,-0.26,0.06
123778,836332,16.899617,-24.99481,0.,-45,0.051500000000000004,37.2,-0.08,24.5,61.900000000000006,-0.26,0.06
123778,836580,16.899608,-24.994818,0.,-45,0.051500000000000004,37.2,-0.08,24.5,61.900000000000006,-0.26,0.06
123778,837323,16.899613,-24.994792,0.,-45,0.051500000000000004,37.2,-0.08,24.5,61.900000000000006,-0.26,0.06
123778,837344,16.899617,-24.994795,0.,-45,0.051500000000000004,37.2,-0.08,24.5,61.900000000000006,-0.26,0.06
123778,837534,16.899612,-24.99479,0.,-45,0.051500000000000004,37.2,-0.08,24.5,61.900000000000006,-0.26,0.06
123778,838453,16.899615,-24.99479,0.,-45,0.051500000000000004,37.2,-0.08,24.5,61.900000000000006,-0.26,0.06
123778,838495,16.899617,-24.994792,0.,-45,0.051500000000000004,37.2,-0.08,24.5,61.900000000000006,-0.26,0.06
123778,839455,16.899615,-24.994805,0.,-45,0.051500000000000004,37.2,-0.08,24.5,61.900000000000006,-0.26,0.06
123778,839642,16.89961,-24.994817,0.,-45,0.051500000000000004,37.2,-0.08,24.5,61.900000000000006,-0.26,0.06
123778,840416,16.899598,-24.994815,0.,-45,0.051500000000000004,37.2,-0.08,24.5,61.900000000000006,-0.26,0.06
123778,840902,16.899603,-24.994788,0.,-45,0.051500000000000004,37.2,-0.08,24.5,61.900000000000006,-0.26,0.06
123778,841403,16.899635,-24.994795,0.,-45,0.051500000000000004,37.2,-0.08,24.5,61.900000000000006,-0.26,0.06
123778,842325,16.899628,-24.994807,0.,-45,0.051500000000000004,37.2,-0.08,24.5,61.900000000000006,-0.26,0.06
123778,843316,16.899612,-24.99483,0.,-45,0.051500000000000004,37.2,-0.08,24.5,61.900000000000006,-0.26,0.06
123778,843573,16.899602,-24.99483,0.,-45,0.051500000000000004,37.2,-0.08,24.5,61.900000000000006,-0.26,0.06
123778,844371,16.899587,-24.994803,0.,-45,0.051500000000000004,37.2,-0.08,24.5,61.900000000000006,-0.26,0.06
123778,845356,16.899618,-24.994808,0.,-45,0.051500000000000004,37.2,-0.08,24.5,61.800000000000004,-0.27,0.06
123778,846382,16.899623,-24.994795,0.,-45,0.051500000000000004,37.2,-0.08,24.5,61.800000000000004,-0.27,0.06
123778,847426,16.899615,-24.994813,0.,-45,0.051500000000000004,37.2,-0.08,24.400000000000002,61.800000000000004,-0.27,0.06
123778,848433,16.899612,-24.99478,0.,-45,0.051500000000000004,37.2,-0.08,24.400000000000002,61.800000000000004,-0.27,0.06
123778,849375,16.899608,-24.994825,0.,-45,0.051500000000000004,37.2,-0.08,24.400000000000002,61.800000000000004,-0.27,0.06
123778,850390,16.899605,-24.994805,0.,-45,0.051500000000000004,37.2,-0.08,24.400000000000002,61.800000000000004,-0.27,0.06
123778,851321,16.899597,-24.994805,0.,-45,0.051500000000000004,37.2,-0.08,24.400000000000002,61.800000000000004,-0.27,0.06
123778,852294,16.899607,-24.994803,0.,-45,0.051500000000000004,37.2,-0.08,24.400000000000002,61.800000000000004,-0.27,0.06
123778,853265,16.899603,-24.994827,0.,-45,0.051500000000000004,37.2,-0.08,24.400000000000002,61.800000000000004,-0.27,0.06
123778,854216,16.899605,-24.994815,0.,-45,0.051500000000000004,37.2,-0.08,24.400000000000002,61.800000000000004,-0.27,0.06
123778,855188,16.899608,-24.994823,0.,-45,0.051500000000000004,37.2,-0.08,24.400000000000002,61.800000000000004,-0.27,0.06
123778,855771,16.899615,-24.994827,0.,-45,0.051500000000000004,37.2,-0.08,24.400000000000002,61.800000000000004,-0.27,0.06
123778,855931,16.899603,-24.994823,0.,-45,0.051500000000000004,37.2,-0.08,24.400000000000002,61.800000000000004,-0.27,0.06
123778,856011,16.899613,-24.994812,0.,-45,0.051500000000000004,37.2,-0.08,24.400000000000002,61.800000000000004,-0.27,0.06
123778,856092,16.899613,-24.994823,0.,-45,0.051500000000000004,37.2,-0.08,24.400000000000002,61.7,-0.27,0.06
123778,856134,16.899613,-24.994823,0.,-45,0.051500000000000004,37.2,-0.08,24.400000000000002,61.7,-0.27,0.06
123778,857096,16.89962,-24.994815,0.,-45,0.051500000000000004,37.2,-0.08,24.400000000000002,61.7,-0.27,0.06
123778,858156,16.899602,-24.994827,0.,-45,0.051500000000000004,37.2,-0.08,24.400000000000002,61.7,-0.27,0.06
123778,859122,16.899603,-24.994835,0.,-45,0.051500000000000004,37.2,-0.08,24.400000000000002,61.7,-0.27,0.06
123778,860097,16.899597,-24.994778,0.,-45,0.051500000000000004,37.2,-0.08,24.400000000000002,61.7,-0.27,0.06
123778,861077,16.899592,-24.994832,0.,-45,0.051500000000000004,37.2,-0.08,24.400000000000002,61.7,-0.27,0.06
123778,861650,16.899587,-24.994818,0.,-45,0.051500000000000004,37.2,-0.08,24.400000000000002,61.7,-0.27,0.06
123778,861651,16.899587,-24.994818,0.,-45,0.051500000000000004,37.2,-0.08,24.400000000000002,61.7,-0.27,0.06
123778,861900,16.899585,-24.994832,0.,-45,0.051500000000000004,37.2,-0.08,24.400000000000002,61.7,-0.27,0.06
123778,861994,16.899595,-24.994822,0.,-45,0.051500000000000004,37.2,-0.08,24.400000000000002,61.7,-0.27,0.06
123778,862959,16.899585,-24.994838,0.,-45,0.051500000000000004,37.2,-0.08,24.400000000000002,61.7,-0.27,0.06
123778,863915,16.899578,-24.994822,0.,-45,0.051500000000000004,37.2,-0.08,24.400000000000002,61.7,-0.27,0.06
123778,864891,16.899577,-24.994808,0.,-45,0.051500000000000004,37.2,-0.08,24.400000000000002,61.7,-0.27,0.06
123778,865839,16.899585,-24.994823,0.,-45,0.051500000000000004,37.2,-0.08,24.400000000000002,61.7,-0.27,0.06
123778,866794,16.899575,-24.994812,0.,-45,0.051500000000000004,37.2,-0.08,24.400000000000002,61.7,-0.27,0.06
123778,867344,16.89958,-24.994813,0.,-45,0.051500000000000004,37.2,-0.08,24.400000000000002,61.7,-0.27,0.06
123778,867754,16.899595,-24.994813,0.,-45,0.051500000000000004,37.2,-0.08,24.400000000000002,61.6,-0.27,0.06
123778,868392,16.899623,-24.994817,0.,-45,0.051500000000000004,37.2,-0.08,24.400000000000002,61.6,-0.27,0.06
123778,868715,16.899607,-24.994815,0.,-45,0.051500000000000004,37.2,-0.08,24.400000000000002,61.6,-0.27,0.06
123778,869613,16.899607,-24.994828,0.,-45,0.051500000000000004,37.2,-0.08,24.400000000000002,61.6,-0.27,0.06
123778,869674,16.899602,-24.994815,0.,-45,0.051500000000000004,37.2,-0.08,24.400000000000002,61.6,-0.27,0.06
123778,870241,16.899602,-24.994823,0.,-45,0.051500000000000004,37.2,-0.08,24.400000000000002,61.6,-0.27,0.06
123778,870655,16.899587,-24.994813,0.,-45,0.051500000000000004,37.2,-0.08,24.400000000000002,61.6,-0.27,0.06
123778,871493,16.899592,-24.994828,0.,-45,0.051500000000000004,37.2,-0.08,24.400000000000002,61.6,-0.27,0.06
123778,871616,16.899587,-24.99482,0.,-45,0.051500000000000004,37.2,-0.08,24.400000000000002,61.6,-0.27,0.06
123778,871844,16.899587,-24.99478,0.,-45,0.051500000000000004,37.2,-0.08,24.400000000000002,61.6,-0.27,0.06
123778,872122,16.89958,-24.994808,0.,-45,0.051500000000000004,37.2,-0.08,24.400000000000002,61.6,-0.27,0.06
123778,872574,16.899565,-24.994803,0.,-45,0.051500000000000004,37.2,-0.08,24.400000000000002,61.6,-0.27,0.06
123778,872874,16.899585,-24.994813,0.,-45,0.051500000000000004,37.2,-0.08,24.400000000000002,61.6,-0.27,0.06
123778,873114,16.899595,-24.994808,0.,-45,0.051500000000000004,37.2,-0.08,24.400000000000002,61.6,-0.27,0.06
123778,873534,16.899585,-24.99482,0.,-45,0.051500000000000004,37.2,-0.08,24.400000000000002,61.6,-0.27,0.06
123778,873993,16.899588,-24.99482,0.,-45,0.051500000000000004,37.2,-0.08,24.400000000000002,61.6,-0.27,0.06
123778,874322,16.899615,-24.994825,0.,-45,0.051500000000000004,37.2,-0.08,24.400000000000002,61.6,-0.27,0.06
123778,874494,16.899588,-24.994825,0.,-45,0.051500000000000004,37.2,-0.08,24.400000000000002,61.6,-0.27,0.06
123778,874583,16.899588,-24.994823,0.,-45,0.051500000000000004,37.2,-0.08,24.400000000000002,61.6,-0.27,0.06
123778,875313,16.899595,-24.99481,0.,-45,0.051500000000000004,37.2,-0.08,24.400000000000002,61.6,-0.27,0.06
123778,875453,16.899595,-24.994817,0.,-45,0.051500000000000004,37.2,-0.08,24.400000000000002,61.6,-0.27,0.06
123778,875482,16.899595,-24.994818,0.,-45,0.051500000000000004,37.2,-0.08,24.400000000000002,61.6,-0.27,0.06
123778,875782,16.899585,-24.994823,0.,-45,0.051500000000000004,37.2,-0.08,24.400000000000002,61.6,-0.27,0.06
123778,876414,16.899598,-24.994812,0.,-45,0.051500000000000004,37.2,-0.08,24.400000000000002,61.6,-0.27,0.06
123778,876513,16.899598,-24.994813,0.,-45,0.051500000000000004,37.2,-0.08,24.400000000000002,61.6,-0.27,0.06
123778,876743,16.89959,-24.994817,0.,-45,0.051500000000000004,37.2,-0.08,24.400000000000002,61.6,-0.27,0.06
123778,877023,16.89958,-24.994833,0.,-45,0.051500000000000004,37.2,-0.08,24.400000000000002,61.6,-0.27,0.06
123778,877374,16.899588,-24.994837,0.,-45,0.051500000000000004,37.2,-0.08,24.400000000000002,61.6,-0.27,0.06
123778,877803,16.899595,-24.994833,0.,-45,0.051500000000000004,37.2,-0.08,24.400000000000002,61.6,-0.27,0.06
123778,878334,16.899592,-24.99484,0.,-45,0.051500000000000004,37.2,-0.08,24.400000000000002,61.6,-0.27,0.06
123778,879072,16.899597,-24.994833,0.,-45,0.051500000000000004,37.2,-0.08,24.400000000000002,61.5,-0.27,0.06
123778,879295,16.899598,-24.994817,0.,-45,0.051500000000000004,37.2,-0.08,24.400000000000002,61.5,-0.27,0.06
123778,880255,16.89959,-24.994837,0.,-45,0.051500000000000004,37.2,-0.08,24.400000000000002,61.5,-0.27,0.06
123778,881215,16.899603,-24.994827,0.,-45,0.051500000000000004,37.2,-0.08,24.400000000000002,61.5,-0.27,0.06
123778,882175,16.899592,-24.994835,0.,-45,0.051500000000000004,37.2,-0.08,24.400000000000002,61.5,-0.27,0.06
123778,883134,16.899588,-24.994838,0.,-45,0.051500000000000004,37.2,-0.08,24.400000000000002,61.5,-0.27,0.06
123778,884095,16.899588,-24.99483,0.,-45,0.051500000000000004,37.2,-0.08,24.400000000000002,61.5,-0.27,0.06
123778,885054,16.899578,-24.994833,0.,-45,0.051500000000000004,37.2,-0.08,24.400000000000002,61.5,-0.27,0.06
123778,886013,16.899577,-24.994842,0.,-45,0.051500000000000004,37.2,-0.08,24.400000000000002,61.5,-0.28,0.06
123778,886974,16.899587,-24.994817,0.,-45,0.051500000000000004,37.2,-0.08,24.400000000000002,61.5,-0.28,0.06
123778,887934,16.899598,-24.99483,0.,-45,0.051500000000000004,37.2,-0.08,24.400000000000002,61.5,-0.28,0.06
123778,888894,16.899598,-24.994807,0.,-45,0.051500000000000004,37.2,-0.08,24.400000000000002,61.5,-0.28,0.06
123778,889854,16.899607,-24.99482,0.,-45,0.051500000000000004,37.2,-0.08,24.400000000000002,61.5,-0.28,0.06
123778,890813,16.899605,-24.994802,0.,-45,0.051500000000000004,37.2,-0.08,24.400000000000002,61.400000000000006,-0.28,0.06
123778,891774,16.899612,-24.994825,0.,-45,0.051500000000000004,37.2,-0.08,24.400000000000002,61.400000000000006,-0.28,0.06
123778,892755,16.899607,-24.994832,0.,-45,0.051500000000000004,37.2,-0.08,24.400000000000002,61.400000000000006,-0.28,0.06
123778,893695,16.899613,-24.99483,0.,-45,0.051500000000000004,37.2,-0.08,24.400000000000002,61.400000000000006,-0.28,0.06
123778,894691,16.899618,-24.994828,0.,-45,0.051500000000000004,37.2,-0.08,24.400000000000002,61.400000000000006,-0.28,0.06
123778,895702,16.899605,-24.994802,0.,-45,0.051500000000000004,37.2,-0.08,24.400000000000002,61.400000000000006,-0.28,0.06
123778,896655,16.899613,-24.994818,0.,-45,0.051500000000000004,37.2,-0.08,24.400000000000002,61.400000000000006,-0.28,0.06
123778,897634,16.8996,-24.994802,0.,-45,0.051500000000000004,37.2,-0.08,24.400000000000002,61.400000000000006,-0.28,0.05
123778,898596,16.899607,-24.994795,0.,-45,0.051500000000000004,37.2,-0.08,24.400000000000002,61.400000000000006,-0.28,0.05
123778,899554,16.899602,-24.99479,0.,-45,0.051500000000000004,37.2,-0.08,24.400000000000002,61.400000000000006,-0.28,0.05
123778,900242,16.899648,-24.994818,0.,-45,0.051500000000000004,37.2,-0.08,24.400000000000002,61.400000000000006,-0.28,0.05
123778,900322,16.899655,-24.994818,0.,-45,0.051500000000000004,37.2,-0.08,24.400000000000002,61.400000000000006,-0.28,0.05
123778,900332,16.899657,-24.994817,0.,-45,0.051500000000000004,37.2,-0.08,24.400000000000002,61.400000000000006,-0.28,0.05
123778,900333,16.899657,-24.994817,0.,-45,0.051500000000000004,37.2,-0.08,24.400000000000002,61.400000000000006,-0.28,0.05
123778,900351,16.899653,-24.994815,0.,-45,0.051500000000000004,37.2,-0.08,24.400000000000002,61.400000000000006,-0.28,0.05
123778,900352,16.899653,-24.994815,0.,-45,0.051500000000000004,37.2,-0.08,24.400000000000002,61.400000000000006,-0.28,0.05
123778,900363,16.899648,-24.994817,0.,-45,0.051500000000000004,37.2,-0.08,24.400000000000002,61.400000000000006,-0.28,0.05
123778,900412,16.899642,-24.994822,0.,-45,0.051500000000000004,37.2,-0.08,24.400000000000002,61.400000000000006,-0.28,0.05
123778,900422,16.899643,-24.994822,0.,-45,0.051500000000000004,37.2,-0.08,24.400000000000002,61.400000000000006,-0.28,0.05
123778,900441,16.89965,-24.994822,0.,-45,0.051500000000000004,37.2,-0.08,24.400000000000002,61.400000000000006,-0.28,0.05
123778,900461,16.899657,-24.994817,0.,-45,0.051500000000000004,37.2,-0.08,24.400000000000002,61.400000000000006,-0.28,0.05
123778,900501,16.899655,-24.994827,0.,-45,0.051500000000000004,37.2,-0.08,24.400000000000002,61.400000000000006,-0.28,0.05
123778,900515,16.899653,-24.994827,0.,-45,0.051500000000000004,37.2,-0.08,24.400000000000002,61.400000000000006,-0.28,0.05
123778,900521,16.899657,-24.994827,0.,-45,0.051500000000000004,37.2,-0.08,24.400000000000002,61.400000000000006,-0.28,0.05
123778,900532,16.899658,-24.994823,0.,-45,0.051500000000000004,37.2,-0.08,24.400000000000002,61.400000000000006,-0.28,0.05
123778,901453,16.899667,-24.994835,0.,-45,0.051500000000000004,37.2,-0.08,24.400000000000002,61.400000000000006,-0.28,0.05
123778,902417,16.899658,-24.994822,0.,-45,0.051500000000000004,37.2,-0.08,24.400000000000002,61.300000000000004,-0.28,0.05
123778,903377,16.899618,-24.994827,0.,-45,0.051500000000000004,37.2,-0.08,24.400000000000002,61.300000000000004,-0.28,0.05
123778,904340,16.899628,-24.99482,0.,-45,0.051500000000000004,37.2,-0.08,24.400000000000002,61.300000000000004,-0.28,0.05
123778,905334,16.899627,-24.99481,0.,-45,0.051500000000000004,37.2,-0.08,24.400000000000002,61.300000000000004,-0.28,0.05
123778,906294,16.899633,-24.994788,0.,-45,0.051500000000000004,37.2,-0.08,24.400000000000002,61.300000000000004,-0.28,0.05
123778,906330,16.899628,-24.994792,0.,-45,0.051500000000000004,37.2,-0.08,24.400000000000002,61.300000000000004,-0.28,0.05
123778,906350,16.899623,-24.99479,0.,-45,0.051500000000000004,37.2,-0.08,24.400000000000002,61.300000000000004,-0.28,0.05
123778,906351,16.899623,-24.99479,0.,-45,0.051500000000000004,37.2,-0.08,24.400000000000002,61.300000000000004,-0.28,0.05
123778,906361,16.899622,-24.99479,0.,-45,0.051500000000000004,37.2,-0.08,24.400000000000002,61.300000000000004,-0.28,0.05
123778,906401,16.899617,-24.99479,0.,-45,0.051500000000000004,37.2,-0.08,24.400000000000002,61.300000000000004,-0.28,0.05
123778,906410,16.899617,-24.994788,0.,-45,0.051500000000000004,37.2,-0.08,24.400000000000002,61.300000000000004,-0.28,0.05
123778,906411,16.899617,-24.994788,0.,-45,0.051500000000000004,37.2,-0.08,24.400000000000002,61.300000000000004,-0.28,0.05
123778,906550,16.899632,-24.994807,0.,-45,0.051500000000000004,37.2,-0.08,24.400000000000002,61.300000000000004,-0.28,0.05
123778,906551,16.899632,-24.994807,0.,-45,0.051500000000000004,37.2,-0.08,24.400000000000002,61.300000000000004,-0.28,0.05
123778,907294,16.899628,-24.994795,0.,-45,0.051500000000000004,37.2,-0.08,24.400000000000002,61.300000000000004,-0.28,0.05
123778,908255,16.89961,-24.994818,0.,-45,0.051500000000000004,37.2,-0.08,24.400000000000002,61.300000000000004,-0.28,0.05
123778,908634,16.899642,-24.994798,0.,-45,0.051500000000000004,37.2,-0.08,24.400000000000002,61.300000000000004,-0.28,0.05
123778,909235,16.899643,-24.99483,0.,-45,0.051500000000000004,37.2,-0.08,24.400000000000002,61.300000000000004,-0.28,0.05
123778,910195,16.899668,-24.994825,0.,-45,0.051500000000000004,37.2,-0.08,24.400000000000002,61.300000000000004,-0.28,0.05
123778,911177,16.899635,-24.994852,0.,-45,0.051500000000000004,37.2,-0.08,24.400000000000002,61.300000000000004,-0.28,0.05
123778,912121,16.899595,-24.994798,0.,-45,0.051500000000000004,37.2,-0.08,24.400000000000002,61.300000000000004,-0.28,0.05
123778,913078,16.899607,-24.994797,0.,-45,0.051500000000000004,37.2,-0.08,24.400000000000002,61.2,-0.28,0.05
123778,914073,16.899627,-24.994797,0.,-45,0.051500000000000004,37.2,-0.08,24.400000000000002,61.2,-0.28,0.05
123778,914193,16.89964,-24.994793,0.,-45,0.051500000000000004,37.2,-0.08,24.400000000000002,61.2,-0.28,0.05
123778,915097,16.89964,-24.994823,0.,-45,0.051500000000000004,37.2,-0.08,24.400000000000002,61.2,-0.28,0.05
123778,915674,16.899633,-24.994817,0.,-45,0.051500000000000004,37.2,-0.08,24.400000000000002,61.2,-0.28,0.05
123778,916072,16.899638,-24.994792,0.,-45,0.051500000000000004,37.2,-0.08,24.400000000000002,61.2,-0.28,0.05
123778,916683,16.899612,-24.99477,0.,-45,0.051500000000000004,37.2,-0.08,24.400000000000002,61.2,-0.28,0.05
123778,916743,16.899628,-24.994768,0.,-45,0.051500000000000004,37.2,-0.08,24.400000000000002,61.2,-0.28,0.05
123778,916983,16.899612,-24.994753,0.,-45,0.051500000000000004,37.2,-0.08,24.400000000000002,61.2,-0.28,0.05
123778,917955,16.899583,-24.994777,0.,-45,0.051500000000000004,37.2,-0.08,24.400000000000002,61.2,-0.28,0.05
123778,918043,16.899602,-24.99478,0.,-45,0.051500000000000004,37.2,-0.08,24.400000000000002,61.2,-0.28,0.05
123778,918956,16.899618,-24.994787,0.,-45,0.051500000000000004,37.2,-0.08,24.400000000000002,61.2,-0.28,0.05
123778,919111,16.899618,-24.994767,0.,-45,0.051500000000000004,37.2,-0.08,24.400000000000002,61.2,-0.28,0.05
123778,919254,16.899593,-24.994813,0.,-45,0.051500000000000004,37.2,-0.08,24.400000000000002,61.2,-0.28,0.05
123778,919880,16.899602,-24.994817,0.,-45,0.051500000000000004,37.2,-0.08,24.400000000000002,61.2,-0.28,0.05
123778,920284,16.899597,-24.994815,0.,-45,0.051500000000000004,37.2,-0.08,24.400000000000002,61.2,-0.28,0.05
123778,920532,16.899603,-24.994815,0.,-45,0.051500000000000004,37.2,-0.08,24.400000000000002,61.2,-0.28,0.05
123778,920847,16.899638,-24.994823,0.,-45,0.051500000000000004,37.2,-0.08,24.400000000000002,61.2,-0.28,0.05
123778,921483,16.89963,-24.994832,0.,-45,0.051500000000000004,37.2,-0.08,24.400000000000002,61.2,-0.28,0.05
123778,921784,16.899628,-24.994825,0.,-45,0.051500000000000004,37.2,-0.08,24.400000000000002,61.2,-0.28,0.05
123778,921818,16.89963,-24.994823,0.,-45,0.051500000000000004,37.2,-0.08,24.400000000000002,61.2,-0.28,0.05
123778,922789,16.899642,-24.994792,0.,-45,0.051500000000000004,37.2,-0.08,24.400000000000002,61.2,-0.28,0.05
123778,922844,16.899632,-24.994787,0.,-45,0.051500000000000004,37.2,-0.08,24.400000000000002,61.2,-0.28,0.05
123778,923084,16.89963,-24.994777,0.,-45,0.051500000000000004,37.2,-0.08,24.400000000000002,61.2,-0.28,0.05
123778,923740,16.899628,-24.994783,0.,-45,0.051500000000000004,37.2,-0.08,24.400000000000002,61.2,-0.28,0.05
123778,924697,16.899625,-24.994785,0.,-45,0.051500000000000004,37.2,-0.08,24.400000000000002,61.1,-0.28,0.05
123778,925262,16.899617,-24.994788,0.,-45,0.051500000000000004,37.2,-0.08,24.400000000000002,61.1,-0.28,0.05
123778,925491,16.899632,-24.994815,0.,-45,0.051500000000000004,37.2,-0.08,24.400000000000002,61.1,-0.28,0.05
123778,925601,16.899635,-24.994818,0.,-45,0.051500000000000004,37.2,-0.08,24.400000000000002,61.1,-0.28,0.05
123778,926523,16.899613,-24.994787,0.,-45,0.051500000000000004,37.2,-0.08,24.400000000000002,61.1,-0.29,0.05
123778,926653,16.8996,-24.994783,0.,-45,0.051500000000000004,37.2,-0.08,24.400000000000002,61.1,-0.29,0.05
123778,927454,16.899632,-24.994797,0.,-45,0.051500000000000004,37.2,-0.08,24.400000000000002,61.1,-0.29,0.05
123778,928415,16.899625,-24.994782,0.,-45,0.051500000000000004,37.2,-0.08,24.400000000000002,61.1,-0.29,0.05
123778,929192,16.899593,-24.994798,0.,-45,0.051500000000000004,37.2,-0.08,24.400000000000002,61.1,-0.29,0.05
123778,929333,16.899592,-24.994865,0.,-45,0.051500000000000004,37.2,-0.08,24.400000000000002,61.1,-0.29,0.05
123778,930294,16.89958,-24.994813,0.,-45,0.051500000000000004,37.2,-0.08,24.400000000000002,61.1,-0.29,0.05
123778,931255,16.89964,-24.994808,0.,-45,0.051500000000000004,37.2,-0.08,24.400000000000002,61.1,-0.29,0.05
123778,932214,16.899623,-24.994778,0.,-45,0.051500000000000004,37.2,-0.08,24.400000000000002,61.1,-0.29,0.05
123778,933174,16.899625,-24.994777,0.,-45,0.051500000000000004,37.2,-0.08,24.400000000000002,61.1,-0.29,0.05
123778,934134,16.89962,-24.994775,0.,-45,0.051500000000000004,37.2,-0.08,24.400000000000002,61.1,-0.29,0.05
123778,935095,16.899632,-24.994827,0.,-45,0.051500000000000004,37.2,-0.08,24.400000000000002,61.1,-0.29,0.05
123778,936053,16.899625,-24.994825,0.,-45,0.051500000000000004,37.2,-0.08,24.400000000000002,61.,-0.29,0.05
123778,937015,16.899597,-24.994812,0.,-45,0.051500000000000004,37.2,-0.08,24.400000000000002,61.,-0.29,0.05
123778,937981,16.899603,-24.994803,0.,-45,0.051500000000000004,37.2,-0.08,24.400000000000002,61.,-0.29,0.05
123778,938974,16.899608,-24.994828,0.,-45,0.051500000000000004,37.2,-0.08,24.400000000000002,61.,-0.29,0.05
123778,939935,16.899593,-24.994827,0.,-45,0.051500000000000004,37.2,-0.08,24.400000000000002,61.,-0.29,0.05
123778,940855,16.8996,-24.994815,0.,-45,0.051500000000000004,37.2,-0.08,24.400000000000002,61.,-0.29,0.05
123778,941816,16.899588,-24.994827,0.,-45,0.051500000000000004,37.2,-0.08,24.400000000000002,61.,-0.29,0.05
123778,942775,16.899582,-24.994788,0.,-45,0.051500000000000004,37.2,-0.08,24.400000000000002,61.,-0.29,0.05
123778,943752,16.899617,-24.994803,0.,-45,0.051500000000000004,37.2,-0.08,24.400000000000002,61.,-0.29,0.05
123778,944195,16.899603,-24.994817,0.,-45,0.051500000000000004,37.2,-0.08,24.400000000000002,61.,-0.29,0.05
123778,944216,16.899605,-24.994815,0.,-45,0.051500000000000004,37.2,-0.08,24.400000000000002,61.,-0.29,0.05
123778,944298,16.89961,-24.994812,0.,-45,0.051500000000000004,37.2,-0.08,24.400000000000002,61.,-0.29,0.05
123778,944357,16.899613,-24.994803,0.,-45,0.051500000000000004,37.2,-0.08,24.400000000000002,61.,-0.29,0.05
123778,944407,16.899617,-24.994798,0.,-45,0.051500000000000004,37.2,-0.08,24.400000000000002,61.,-0.29,0.05
123778,944547,16.8996,-24.994825,0.,-45,0.051500000000000004,37.2,-0.08,24.400000000000002,61.,-0.29,0.05
123778,944711,16.89961,-24.994793,0.,-45,0.051500000000000004,37.2,-0.08,24.400000000000002,61.,-0.29,0.05
123778,945659,16.89961,-24.994783,0.,-45,0.051500000000000004,37.2,-0.08,24.400000000000002,61.,-0.29,0.05
123778,946581,16.899602,-24.99479,0.,-45,0.051500000000000004,37.2,-0.08,24.400000000000002,61.,-0.29,0.05
123778,947518,16.899598,-24.994797,0.,-45,0.051500000000000004,37.2,-0.08,24.400000000000002,60.900000000000006,-0.29,0.05
123778,948432,16.89959,-24.994812,0.,-45,0.051500000000000004,37.2,-0.08,24.400000000000002,60.900000000000006,-0.29,0.05
123778,949388,16.899598,-24.99482,0.,-45,0.051500000000000004,37.2,-0.08,24.400000000000002,60.900000000000006,-0.29,0.05
123778,949835,16.899597,-24.994817,0.,-45,0.051500000000000004,37.2,-0.08,24.400000000000002,60.900000000000006,-0.29,0.05
123778,949846,16.899597,-24.994817,0.,-45,0.051500000000000004,37.2,-0.08,24.400000000000002,60.900000000000006,-0.29,0.05
123778,950038,16.899592,-24.994813,0.,-45,0.051500000000000004,37.2,-0.08,24.400000000000002,60.900000000000006,-0.29,0.05
123778,950226,16.899585,-24.994822,0.,-45,0.051500000000000004,37.2,-0.08,24.400000000000002,60.900000000000006,-0.29,0.05
123778,950294,16.899583,-24.99482,0.,-45,0.051500000000000004,37.2,-0.08,24.400000000000002,60.900000000000006,-0.29,0.05
123778,950754,16.899587,-24.994818,0.,-45,0.051500000000000004,37.2,-0.08,24.400000000000002,60.900000000000006,-0.29,0.05
123778,951195,16.899593,-24.994813,0.,-45,0.051500000000000004,37.2,-0.08,24.400000000000002,60.900000000000006,-0.29,0.05
123778,952266,16.8996,-24.994835,0.,-45,0.051500000000000004,37.2,-0.08,24.400000000000002,60.900000000000006,-0.29,0.05
123778,953227,16.899588,-24.994828,0.,-45,0.051500000000000004,37.2,-0.08,24.400000000000002,60.900000000000006,-0.29,0.05
123778,953842,16.899592,-24.994813,0.,-45,0.051500000000000004,37.2,-0.08,24.400000000000002,60.900000000000006,-0.29,0.05
123778,954186,16.899608,-24.994832,0.,-45,0.051500000000000004,37.2,-0.08,24.400000000000002,60.900000000000006,-0.29,0.05
123778,955082,16.899605,-24.994827,0.,-45,0.051500000000000004,37.2,-0.08,24.400000000000002,60.900000000000006,-0.29,0.05
123778,955172,16.89959,-24.994818,0.,-45,0.051500000000000004,37.2,-0.08,24.400000000000002,60.900000000000006,-0.29,0.05
123778,955772,16.899607,-24.994818,0.,-45,0.051500000000000004,37.2,-0.08,24.400000000000002,60.900000000000006,-0.29,0.05
123778,956073,16.899602,-24.994837,0.,-45,0.051500000000000004,37.2,-0.08,24.400000000000002,60.900000000000006,-0.29,0.05
123778,956098,16.899602,-24.994837,0.,-45,0.051500000000000004,37.2,-0.08,24.400000000000002,60.900000000000006,-0.29,0.05
123778,956325,16.8996,-24.994835,0.,-45,0.051500000000000004,37.2,-0.08,24.400000000000002,60.900000000000006,-0.29,0.05
123778,957031,16.89959,-24.994833,0.,-45,0.051500000000000004,37.2,-0.08,24.400000000000002,60.900000000000006,-0.29,0.05
123778,957057,16.89959,-24.994833,0.,-45,0.051500000000000004,37.2,-0.08,24.400000000000002,60.900000000000006,-0.29,0.05
123778,957332,16.899585,-24.994838,0.,-45,0.051500000000000004,37.2,-0.08,24.400000000000002,60.900000000000006,-0.29,0.05
123778,957792,16.89959,-24.994812,0.,-45,0.051500000000000004,37.2,-0.08,24.400000000000002,60.900000000000006,-0.29,0.05
123778,958016,16.899595,-24.994828,0.,-45,0.051500000000000004,37.2,-0.08,24.400000000000002,60.900000000000006,-0.29,0.05
123778,958343,16.89959,-24.994817,0.,-45,0.051500000000000004,37.2,-0.08,24.400000000000002,60.800000000000004,-0.29,0.05
123778,958511,16.899593,-24.994818,0.,-45,0.051500000000000004,37.2,-0.08,24.400000000000002,60.800000000000004,-0.29,0.04
123778,958802,16.899588,-24.994812,0.,-45,0.051500000000000004,37.2,-0.08,24.400000000000002,60.800000000000004,-0.29,0.04
123778,958988,16.899595,-24.994808,0.,-45,0.051500000000000004,37.2,-0.08,24.400000000000002,60.800000000000004,-0.29,0.04
123778,959543,16.899593,-24.994825,0.,-45,0.051500000000000004,37.2,-0.08,24.400000000000002,60.800000000000004,-0.29,0.04
123778,959812,16.89959,-24.994825,0.,-45,0.051500000000000004,37.2,-0.08,24.400000000000002,60.800000000000004,-0.29,0.04
123778,959939,16.899595,-24.994832,0.,-45,0.051500000000000004,37.2,-0.08,24.400000000000002,60.800000000000004,-0.29,0.04
123778,960925,16.899592,-24.994837,0.,-45,0.051500000000000004,37.2,-0.08,24.400000000000002,60.800000000000004,-0.29,0.04
123778,961860,16.899608,-24.994825,0.,-45,0.051500000000000004,37.2,-0.08,24.400000000000002,60.800000000000004,-0.29,0.04
123778,962063,16.899603,-24.99482,0.,-45,0.051500000000000004,37.2,-0.08,24.400000000000002,60.800000000000004,-0.29,0.04
123778,962433,16.899593,-24.994825,0.,-45,0.051500000000000004,37.2,-0.08,24.3,60.800000000000004,-0.29,0.04
123778,962815,16.89959,-24.994833,0.,-45,0.051500000000000004,37.2,-0.08,24.3,60.800000000000004,-0.29,0.04
123778,963404,16.899593,-24.994842,0.,-45,0.051500000000000004,37.2,-0.08,24.3,60.800000000000004,-0.29,0.04
123778,964019,16.899602,-24.994837,0.,-45,0.051500000000000004,37.2,-0.08,24.3,60.800000000000004,-0.29,0.04
123778,964988,16.899598,-24.99482,0.,-45,0.051500000000000004,37.2,-0.08,24.3,60.800000000000004,-0.29,0.04
123778,965940,16.89959,-24.994815,0.,-45,0.051500000000000004,37.2,-0.08,24.3,60.800000000000004,-0.29,0.04
123778,966895,16.899595,-24.99481,0.,-45,0.051500000000000004,37.2,-0.08,24.3,60.800000000000004,-0.3,0.04
123778,967864,16.899585,-24.99482,0.,-45,0.051500000000000004,37.2,-0.08,24.3,60.800000000000004,-0.3,0.04
123778,968849,16.899587,-24.994817,0.,-45,0.051500000000000004,37.2,-0.08,24.3,60.800000000000004,-0.3,0.04
123778,969785,16.899593,-24.994833,0.,-45,0.051500000000000004,37.2,-0.08,24.3,60.7,-0.3,0.04
123778,970734,16.899582,-24.99481,0.,-45,0.051500000000000004,37.2,-0.08,24.3,60.7,-0.3,0.04
123778,971708,16.899593,-24.994815,0.,-45,0.051500000000000004,37.2,-0.08,24.3,60.7,-0.3,0.04
123778,972697,16.899583,-24.99482,0.,-45,0.051500000000000004,37.2,-0.08,24.3,60.7,-0.3,0.04
123778,973900,16.899595,-24.994832,0.,-45,0.051500000000000004,37.2,-0.08,24.3,60.7,-0.3,0.04
123778,974877,16.899612,-24.99482,0.,-45,0.051500000000000004,37.2,-0.08,24.3,60.7,-0.3,0.04
123778,975875,16.899602,-24.994827,0.,-45,0.051500000000000004,37.2,-0.08,24.3,60.7,-0.3,0.04
123778,976833,16.899583,-24.994815,0.,-45,0.051500000000000004,37.2,-0.08,24.3,60.7,-0.3,0.04
123778,977799,16.899603,-24.994838,0.,-45,0.051500000000000004,37.2,-0.08,24.3,60.7,-0.3,0.04
123778,978763,16.899613,-24.994835,0.,-45,0.051500000000000004,37.2,-0.08,24.3,60.7,-0.3,0.04
123778,979722,16.899617,-24.994817,0.,-45,0.051500000000000004,37.2,-0.08,24.3,60.7,-0.3,0.04
123778,980686,16.899622,-24.99483,0.,-45,0.051500000000000004,37.2,-0.08,24.3,60.7,-0.3,0.04
123778,981638,16.899618,-24.994827,0.,-45,0.051500000000000004,37.2,-0.08,24.3,60.6,-0.3,0.04
123778,982616,16.899605,-24.994813,0.,-45,0.051500000000000004,37.2,-0.08,24.3,60.6,-0.3,0.04
123778,983573,16.899605,-24.994803,0.,-45,0.051500000000000004,37.2,-0.08,24.3,60.6,-0.3,0.04
123778,984534,16.899612,-24.994817,0.,-45,0.051500000000000004,37.2,-0.08,24.3,60.6,-0.3,0.04
123778,985495,16.8996,-24.994787,0.,-45,0.051500000000000004,37.2,-0.08,24.3,60.6,-0.3,0.04
123778,986456,16.89964,-24.994822,0.,-45,0.051500000000000004,37.2,-0.08,24.3,60.6,-0.3,0.04
123778,987554,16.89963,-24.994842,0.,-45,0.051500000000000004,37.2,-0.08,24.3,60.6,-0.3,0.04
123778,988516,16.899643,-24.994823,0.,-45,0.051500000000000004,37.2,-0.08,24.3,60.6,-0.3,0.04
123778,988711,16.899642,-24.994825,0.,-45,0.051500000000000004,37.2,-0.08,24.3,60.6,-0.3,0.04
123778,988751,16.89963,-24.99483,0.,-45,0.051500000000000004,37.2,-0.08,24.3,60.6,-0.3,0.04
123778,988771,16.899627,-24.99483,0.,-45,0.051500000000000004,37.2,-0.08,24.3,60.6,-0.3,0.04
123778,988802,16.899623,-24.994825,0.,-45,0.051500000000000004,37.2,-0.08,24.3,60.6,-0.3,0.04
123778,988811,16.899625,-24.994823,0.,-45,0.051500000000000004,37.2,-0.08,24.3,60.6,-0.3,0.04
123778,988821,16.899628,-24.994825,0.,-45,0.051500000000000004,37.2,-0.08,24.3,60.6,-0.3,0.04
123778,988822,16.899628,-24.994825,0.,-45,0.051500000000000004,37.2,-0.08,24.3,60.6,-0.3,0.04
123778,988830,16.899632,-24.994827,0.,-45,0.051500000000000004,37.2,-0.08,24.3,60.6,-0.3,0.04
123778,988841,16.899632,-24.994828,0.,-45,0.051500000000000004,37.2,-0.08,24.3,60.6,-0.3,0.04
123778,988880,16.899633,-24.994833,0.,-45,0.051500000000000004,37.2,-0.08,24.3,60.6,-0.3,0.04
123778,988881,16.899633,-24.994833,0.,-45,0.051500000000000004,37.2,-0.08,24.3,60.6,-0.3,0.04
123778,988892,16.899633,-24.994833,0.,-45,0.051500000000000004,37.2,-0.08,24.3,60.6,-0.3,0.04
123778,988940,16.899622,-24.994832,0.,-45,0.051500000000000004,37.2,-0.08,24.3,60.6,-0.3,0.04
123778,988941,16.899622,-24.994832,0.,-45,0.051500000000000004,37.2,-0.08,24.3,60.6,-0.3,0.04
123778,988952,16.899627,-24.99483,0.,-45,0.051500000000000004,37.2,-0.08,24.3,60.6,-0.3,0.04
123778,988982,16.899625,-24.994832,0.,-45,0.051500000000000004,37.2,-0.08,24.3,60.6,-0.3,0.04
123778,988991,16.899625,-24.994835,0.,-45,0.051500000000000004,37.2,-0.08,24.3,60.6,-0.3,0.04
123778,989032,16.89962,-24.994837,0.,-45,0.051500000000000004,37.2,-0.08,24.3,60.6,-0.3,0.04
123778,989487,16.899613,-24.99482,0.,-45,0.051500000000000004,37.2,-0.08,24.3,60.6,-0.3,0.04
123778,990433,16.899607,-24.994818,0.,-45,0.051500000000000004,37.2,-0.08,24.3,60.6,-0.3,0.04
123778,991396,16.899598,-24.994798,0.,-45,0.051500000000000004,37.2,-0.08,24.3,60.6,-0.3,0.04
123778,992375,16.899633,-24.994803,0.,-45,0.051500000000000004,37.2,-0.08,24.3,60.5,-0.3,0.04
123778,993334,16.899622,-24.994802,0.,-45,0.051500000000000004,37.2,-0.08,24.3,60.5,-0.3,0.04
123778,994294,16.899612,-24.99482,0.,-45,0.051500000000000004,37.2,-0.08,24.3,60.5,-0.3,0.04
123778,995255,16.899618,-24.994822,0.,-45,0.051500000000000004,37.2,-0.08,24.3,60.5,-0.3,0.04
123778,996215,16.899642,-24.994797,0.,-45,0.051500000000000004,37.2,-0.08,24.3,60.5,-0.3,0.04
123778,997201,16.899625,-24.994828,0.,-45,0.051500000000000004,37.2,-0.08,24.3,60.5,-0.3,0.04
123778,997633,16.899598,-24.994782,0.,-45,0.051500000000000004,37.2,-0.08,24.3,60.5,-0.3,0.04
123778,998136,16.899617,-24.994808,0.,-45,0.051500000000000004,37.2,-0.08,24.3,60.5,-0.3,0.04
123778,999299,16.89962,-24.994797,0.,-45,0.051500000000000004,37.2,-0.08,24.3,60.5,-0.3,0.04
123778,999842,16.899632,-24.994798,0.,-45,0.051500000000000004,37.2,-0.08,24.3,60.5,-0.3,0.04
123778,1000260,16.899627,-24.994797,0.,-45,0.051500000000000004,37.2,-0.08,24.3,60.5,-0.3,0.04
123778,1001011,16.89962,-24.994823,0.,-45,0.051500000000000004,37.2,-0.08,24.3,60.5,-0.3,0.04
123778,1001216,16.899625,-24.994828,0.,-45,0.051500000000000004,37.2,-0.08,24.3,60.5,-0.3,0.04
123778,1002198,16.89962,-24.994798,0.,-45,0.051500000000000004,37.2,-0.08,24.3,60.5,-0.3,0.04
123778,1002643,16.899618,-24.994778,0.,-45,0.051500000000000004,37.2,-0.08,24.3,60.5,-0.3,0.04
123778,1003156,16.899613,-24.994758,0.,-45,0.051500000000000004,37.2,-0.08,24.3,60.5,-0.3,0.04
123778,1003472,16.89963,-24.994787,0.,-45,0.051500000000000004,37.2,-0.08,24.3,60.5,-0.3,0.04
123778,1004062,16.899593,-24.994783,0.,-45,0.051500000000000004,37.2,-0.08,24.3,60.400000000000006,-0.3,0.04
123778,1004122,16.899592,-24.994782,0.,-45,0.051500000000000004,37.2,-0.08,24.3,60.400000000000006,-0.3,0.04
123778,1004853,16.899618,-24.994788,0.,-45,0.051500000000000004,37.2,-0.08,24.3,60.400000000000006,-0.3,0.04
123778,1005082,16.899627,-24.994818,0.,-45,0.051500000000000004,37.2,-0.08,24.3,60.400000000000006,-0.3,0.04
123778,1005802,16.899613,-24.994818,0.,-45,0.051500000000000004,37.2,-0.08,24.3,60.400000000000006,-0.3,0.04
123778,1005963,16.899608,-24.99482,0.,-45,0.051500000000000004,37.2,-0.08,24.3,60.400000000000006,-0.3,0.04
123778,1006048,16.899617,-24.994813,0.,-45,0.051500000000000004,37.2,-0.08,24.3,60.400000000000006,-0.3,0.04
123778,1007013,16.899632,-24.994825,0.,-45,0.051500000000000004,37.2,-0.08,24.3,60.400000000000006,-0.31,0.04
123778,1007113,16.899627,-24.994818,0.,-45,0.051500000000000004,37.2,-0.08,24.3,60.400000000000006,-0.31,0.04
123778,1007233,16.89962,-24.99482,0.,-45,0.051500000000000004,37.2,-0.08,24.3,60.400000000000006,-0.31,0.04
123778,1007964,16.89963,-24.994808,0.,-45,0.051500000000000004,37.2,-0.08,24.3,60.400000000000006,-0.31,0.04
123778,1008372,16.899642,-24.994798,0.,-45,0.051500000000000004,37.2,-0.08,24.3,60.400000000000006,-0.31,0.04
123778,1008929,16.899632,-24.994802,0.,-45,0.051500000000000004,37.2,-0.08,24.3,60.400000000000006,-0.31,0.04
123778,1008982,16.899632,-24.9948,0.,-45,0.051500000000000004,37.2,-0.08,24.3,60.400000000000006,-0.31,0.04
123778,1009652,16.899622,-24.994798,0.,-45,0.051500000000000004,37.2,-0.08,24.3,60.400000000000006,-0.31,0.04
123778,1009875,16.89961,-24.994798,0.,-45,0.051500000000000004,37.2,-0.08,24.3,60.400000000000006,-0.31,0.04
123778,1010873,16.899625,-24.9948,0.,-45,0.051500000000000004,37.2,-0.08,24.3,60.400000000000006,-0.31,0.04
123778,1011077,16.899628,-24.994783,0.,-45,0.051500000000000004,37.2,-0.08,24.3,60.400000000000006,-0.31,0.04
123778,1012062,16.899613,-24.994825,0.,-45,0.051500000000000004,37.2,-0.08,24.3,60.400000000000006,-0.31,0.04
123778,1012133,16.899625,-24.994817,0.,-45,0.051500000000000004,37.2,-0.08,24.3,60.400000000000006,-0.31,0.04
123778,1013001,16.899603,-24.994787,0.,-45,0.051500000000000004,37.2,-0.08,24.3,60.400000000000006,-0.31,0.04
123778,1013473,16.899602,-24.99481,0.,-45,0.051500000000000004,37.2,-0.08,24.3,60.400000000000006,-0.31,0.04
123778,1013970,16.899637,-24.994802,0.,-45,0.051500000000000004,37.2,-0.08,24.3,60.400000000000006,-0.31,0.04
123778,1014873,16.899627,-24.994778,0.,-45,0.051500000000000004,37.2,-0.08,24.3,60.400000000000006,-0.31,0.04
123778,1014925,16.899622,-24.994782,0.,-45,0.051500000000000004,37.2,-0.08,24.3,60.400000000000006,-0.31,0.04
123778,1016021,16.899613,-24.994835,0.,-45,0.051500000000000004,37.2,-0.08,24.3,60.300000000000004,-0.31,0.04
123778,1017031,16.899607,-24.994853,0.,-45,0.051500000000000004,37.2,-0.08,24.3,60.300000000000004,-0.31,0.04
123778,1017976,16.899632,-24.99481,0.,-45,0.051500000000000004,37.2,-0.08,24.3,60.300000000000004,-0.31,0.04
123778,1018963,16.899625,-24.994805,0.,-45,0.051500000000000004,37.2,-0.08,24.3,60.300000000000004,-0.31,0.04
123778,1019904,16.899628,-24.994817,0.,-45,0.051500000000000004,37.2,-0.08,24.3,60.300000000000004,-0.31,0.03
123778,1020881,16.899613,-24.994815,0.,-45,0.051500000000000004,37.2,-0.08,24.3,60.300000000000004,-0.31,0.03
123778,1021785,16.899618,-24.994822,0.,-45,0.051500000000000004,37.2,-0.08,24.3,60.300000000000004,-0.31,0.03
123778,1022851,16.899598,-24.994822,0.,-45,0.051500000000000004,37.2,-0.08,24.3,60.300000000000004,-0.31,0.03
123778,1023810,16.89959,-24.994832,0.,-45,0.051500000000000004,37.2,-0.08,24.3,60.300000000000004,-0.31,0.03
123778,1024785,16.899593,-24.994818,0.,-45,0.051500000000000004,37.2,-0.08,24.3,60.300000000000004,-0.31,0.03
123778,1025741,16.899598,-24.994828,0.,-45,0.051500000000000004,37.2,-0.08,24.3,60.300000000000004,-0.31,0.03
123778,1026695,16.899595,-24.994812,0.,-45,0.051500000000000004,37.2,-0.08,24.3,60.2,-0.31,0.03
123778,1027624,16.899587,-24.994818,0.,-45,0.051500000000000004,37.2,-0.08,24.3,60.2,-0.31,0.03
123778,1028635,16.899598,-24.994832,0.,-45,0.051500000000000004,37.2,-0.08,24.3,60.2,-0.31,0.03
123778,1029583,16.8996,-24.994808,0.,-45,0.051500000000000004,37.2,-0.08,24.3,60.2,-0.31,0.03
123778,1030535,16.899615,-24.994805,0.,-45,0.051500000000000004,37.2,-0.08,24.3,60.2,-0.31,0.03
123778,1031501,16.8996,-24.99482,0.,-45,0.051500000000000004,37.2,-0.08,24.3,60.2,-0.31,0.03
123778,1032463,16.899612,-24.994802,0.,-45,0.051500000000000004,37.2,-0.08,24.3,60.2,-0.31,0.03
123778,1032661,16.899602,-24.99479,0.,-45,0.051500000000000004,37.2,-0.08,24.3,60.2,-0.31,0.03
123778,1032662,16.899602,-24.99479,0.,-45,0.051500000000000004,37.2,-0.08,24.3,60.2,-0.31,0.03
123778,1032673,16.8996,-24.994795,0.,-45,0.051500000000000004,37.2,-0.08,24.3,60.2,-0.31,0.03
123778,1032782,16.899593,-24.994807,0.,-45,0.051500000000000004,37.2,-0.08,24.3,60.2,-0.31,0.03
123778,1032791,16.899593,-24.994805,0.,-45,0.051500000000000004,37.2,-0.08,24.3,60.2,-0.31,0.03
123778,1032792,16.899593,-24.994805,0.,-45,0.051500000000000004,37.2,-0.08,24.3,60.2,-0.31,0.03
123778,1032803,16.899593,-24.994802,0.,-45,0.051500000000000004,37.2,-0.08,24.3,60.2,-0.31,0.03
123778,1032902,16.89959,-24.99479,0.,-45,0.051500000000000004,37.2,-0.08,24.3,60.2,-0.31,0.03
123778,1032912,16.899592,-24.994797,0.,-45,0.051500000000000004,37.2,-0.08,24.3,60.2,-0.31,0.03
123778,1032963,16.899592,-24.994807,0.,-45,0.051500000000000004,37.2,-0.08,24.3,60.2,-0.31,0.03
123778,1032971,16.899593,-24.994808,0.,-45,0.051500000000000004,37.2,-0.08,24.3,60.2,-0.31,0.03
123778,1033417,16.899598,-24.994808,0.,-45,0.051500000000000004,37.2,-0.08,24.3,60.2,-0.31,0.03
123778,1034318,16.899598,-24.994828,0.,-45,0.051500000000000004,37.2,-0.08,24.3,60.2,-0.31,0.03
123778,1035297,16.899598,-24.994823,0.,-45,0.051500000000000004,37.2,-0.08,24.3,60.2,-0.31,0.03
123778,1036283,16.899587,-24.994812,0.,-45,0.051500000000000004,37.2,-0.08,24.3,60.2,-0.31,0.03
123778,1037300,16.899598,-24.994808,0.,-45,0.051500000000000004,37.2,-0.08,24.3,60.2,-0.31,0.03
123778,1038255,16.899588,-24.994832,0.,-45,0.051500000000000004,37.2,-0.08,24.3,60.1,-0.31,0.03
123778,1038273,16.899588,-24.994833,0.,-45,0.051500000000000004,37.2,-0.08,24.3,60.1,-0.31,0.03
123778,1039217,16.899588,-24.994823,0.,-45,0.051500000000000004,37.2,-0.08,24.3,60.1,-0.31,0.03
123778,1039503,16.899592,-24.99482,0.,-45,0.051500000000000004,37.2,-0.08,24.3,60.1,-0.31,0.03
123778,1039564,16.899592,-24.994822,0.,-45,0.051500000000000004,37.2,-0.08,24.3,60.1,-0.31,0.03
123778,1040177,16.899595,-24.994818,0.,-45,0.051500000000000004,37.2,-0.08,24.3,60.1,-0.31,0.03
123778,1040692,16.899593,-24.994812,0.,-45,0.051500000000000004,37.2,-0.08,24.3,60.1,-0.31,0.03
123778,1041136,16.899598,-24.994827,0.,-45,0.051500000000000004,37.2,-0.08,24.3,60.1,-0.31,0.03
123778,1041623,16.899597,-24.994813,0.,-45,0.051500000000000004,37.2,-0.08,24.3,60.1,-0.31,0.03
123778,1041873,16.899612,-24.994813,0.,-45,0.051500000000000004,37.2,-0.08,24.3,60.1,-0.31,0.03
123778,1042098,16.899598,-24.994825,0.,-45,0.051500000000000004,37.2,-0.08,24.3,60.1,-0.31,0.03
123778,1042594,16.899603,-24.994822,0.,-45,0.051500000000000004,37.2,-0.08,24.3,60.1,-0.31,0.03
123778,1043032,16.89959,-24.994817,0.,-45,0.051500000000000004,37.2,-0.08,24.3,60.1,-0.31,0.03
123778,1043055,16.899587,-24.99482,0.,-45,0.051500000000000004,37.2,-0.08,24.3,60.1,-0.31,0.03
123778,1043984,16.899593,-24.994805,0.,-45,0.051500000000000004,37.2,-0.08,24.3,60.1,-0.31,0.03
123778,1044017,16.899597,-24.994802,0.,-45,0.051500000000000004,37.2,-0.08,24.3,60.1,-0.31,0.03
123778,1044172,16.899595,-24.994825,0.,-45,0.051500000000000004,37.2,-0.08,24.3,60.1,-0.31,0.03
123778,1044492,16.899588,-24.994817,0.,-45,0.051500000000000004,37.2,-0.08,24.3,60.1,-0.31,0.03
123778,1045016,16.899587,-24.99481,0.,-45,0.051500000000000004,37.2,-0.08,24.3,60.1,-0.31,0.03
123778,1045143,16.899598,-24.99481,0.,-45,0.051500000000000004,37.2,-0.08,24.3,60.1,-0.31,0.03
123778,1045613,16.899597,-24.994817,0.,-45,0.051500000000000004,37.2,-0.08,24.3,60.1,-0.31,0.03
123778,1045959,16.899592,-24.99482,0.,-45,0.051500000000000004,37.2,-0.08,24.3,60.1,-0.31,0.03
123778,1046394,16.899593,-24.994827,0.,-45,0.051500000000000004,37.2,-0.08,24.3,60.1,-0.31,0.03
123778,1046782,16.899592,-24.994828,0.,-45,0.051500000000000004,37.2,-0.08,24.3,60.1,-0.31,0.03
123778,1046955,16.899587,-24.994825,0.,-45,0.051500000000000004,37.2,-0.08,24.3,60.1,-0.31,0.03
123778,1047733,16.8996,-24.994825,0.,-45,0.051500000000000004,37.2,-0.08,24.3,60.1,-0.32,0.03
123778,1047915,16.899592,-24.994828,0.,-45,0.051500000000000004,37.2,-0.08,24.3,60.1,-0.32,0.03
123778,1048183,16.899593,-24.994822,0.,-45,0.051500000000000004,37.2,-0.08,24.3,60.1,-0.32,0.03
123778,1048875,16.899582,-24.99482,0.,-45,0.051500000000000004,37.2,-0.08,24.3,60.1,-0.32,0.03
123778,1048944,16.899585,-24.994822,0.,-45,0.051500000000000004,37.2,-0.08,24.3,60.1,-0.32,0.03
123778,1049867,16.899578,-24.994833,0.,-45,0.051500000000000004,37.2,-0.08,24.3,60.,-0.32,0.03
123778,1050865,16.899598,-24.994808,0.,-45,0.051500000000000004,37.2,-0.08,24.3,60.,-0.32,0.03
123778,1051767,16.899607,-24.99482,0.,-45,0.051500000000000004,37.2,-0.08,24.3,60.,-0.32,0.03
123778,1052772,16.8996,-24.994805,0.,-45,0.051500000000000004,37.2,-0.08,24.3,60.,-0.32,0.03
123778,1053679,16.899587,-24.99482,0.,-45,0.051500000000000004,37.2,-0.08,24.3,60.,-0.32,0.03
123778,1054638,16.899585,-24.99483,0.,-45,0.051500000000000004,37.2,-0.08,24.3,60.,-0.32,0.03
123778,1055597,16.899582,-24.99481,0.,-45,0.051500000000000004,37.2,-0.08,24.3,60.,-0.32,0.03
123778,1056554,16.899593,-24.994828,0.,-45,0.051500000000000004,37.2,-0.08,24.3,60.,-0.32,0.03
123778,1057514,16.89959,-24.994818,0.,-45,0.051500000000000004,37.2,-0.08,24.3,60.,-0.32,0.03
123778,1058475,16.899587,-24.994822,0.,-45,0.051500000000000004,37.2,-0.08,24.3,60.,-0.32,0.03
123778,1059435,16.899578,-24.99482,0.,-45,0.051500000000000004,37.2,-0.08,24.3,60.,-0.32,0.03
123778,1060415,16.899588,-24.994818,0.,-45,0.051500000000000004,37.2,-0.08,24.3,59.900000000000006,-0.32,0.03
123778,1061374,16.899597,-24.994828,0.,-45,0.051500000000000004,37.2,-0.08,24.3,59.900000000000006,-0.32,0.03
123778,1062333,16.899602,-24.994808,0.,-45,0.051500000000000004,37.2,-0.08,24.3,59.900000000000006,-0.32,0.03
123778,1063294,16.89963,-24.994848,0.,-45,0.051500000000000004,37.2,-0.08,24.3,59.900000000000006,-0.32,0.03
123778,1064253,16.89962,-24.994838,0.,-45,0.051500000000000004,37.2,-0.08,24.3,59.900000000000006,-0.32,0.03
123778,1065214,16.899607,-24.99483,0.,-45,0.051500000000000004,37.2,-0.08,24.3,59.900000000000006,-0.32,0.03
123778,1066195,16.899617,-24.99483,0.,-45,0.051500000000000004,37.2,-0.08,24.3,59.900000000000006,-0.32,0.03
123778,1067154,16.89961,-24.994828,0.,-45,0.051500000000000004,37.2,-0.08,24.3,59.900000000000006,-0.32,0.03
123778,1068075,16.899615,-24.994813,0.,-45,0.051500000000000004,37.2,-0.08,24.3,59.900000000000006,-0.32,0.03
123778,1069034,16.899617,-24.994825,0.,-45,0.051500000000000004,37.2,-0.08,24.3,59.900000000000006,-0.32,0.03
123778,1070016,16.89959,-24.994807,0.,-45,0.051500000000000004,37.2,-0.08,24.3,59.900000000000006,-0.32,0.03
123778,1070973,16.899598,-24.994793,0.,-45,0.051500000000000004,37.2,-0.08,24.3,59.900000000000006,-0.32,0.03
123778,1071321,16.899592,-24.994822,0.,-45,0.051500000000000004,37.2,-0.08,24.3,59.900000000000006,-0.32,0.03
123778,1071322,16.899592,-24.994822,0.,-45,0.051500000000000004,37.2,-0.08,24.3,59.900000000000006,-0.32,0.03
123778,1071341,16.899583,-24.994827,0.,-45,0.051500000000000004,37.2,-0.08,24.3,59.900000000000006,-0.32,0.03
123778,1071342,16.899583,-24.994827,0.,-45,0.051500000000000004,37.2,-0.08,24.3,59.900000000000006,-0.32,0.03
123778,1071361,16.899578,-24.994827,0.,-45,0.051500000000000004,37.2,-0.08,24.3,59.900000000000006,-0.32,0.03
123778,1071362,16.899578,-24.994827,0.,-45,0.051500000000000004,37.2,-0.08,24.3,59.900000000000006,-0.32,0.03
123778,1071432,16.89962,-24.994827,0.,-45,0.051500000000000004,37.2,-0.08,24.3,59.900000000000006,-0.32,0.03
123778,1071481,16.899617,-24.994827,0.,-45,0.051500000000000004,37.2,-0.08,24.3,59.900000000000006,-0.32,0.03
123778,1071492,16.899618,-24.994827,0.,-45,0.051500000000000004,37.2,-0.08,24.3,59.900000000000006,-0.32,0.03
123778,1071561,16.899617,-24.994825,0.,-45,0.051500000000000004,37.2,-0.08,24.3,59.900000000000006,-0.32,0.03
123778,1071562,16.899617,-24.994825,0.,-45,0.051500000000000004,37.2,-0.08,24.3,59.900000000000006,-0.32,0.03
123778,1071933,16.899595,-24.994798,0.,-45,0.051500000000000004,37.2,-0.08,24.3,59.800000000000004,-0.32,0.03
123778,1072894,16.899637,-24.99482,0.,-45,0.051500000000000004,37.2,-0.08,24.3,59.800000000000004,-0.32,0.03
123778,1073854,16.899632,-24.994825,0.,-45,0.051500000000000004,37.2,-0.08,24.3,59.800000000000004,-0.32,0.03
123778,1074815,16.899638,-24.994807,0.,-45,0.051500000000000004,37.2,-0.08,24.3,59.800000000000004,-0.32,0.03
123778,1075774,16.899623,-24.994838,0.,-45,0.051500000000000004,37.2,-0.08,24.3,59.800000000000004,-0.32,0.03
123778,1076735,16.899607,-24.994817,0.,-45,0.051500000000000004,37.2,-0.08,24.3,59.800000000000004,-0.32,0.03
123778,1077111,16.899618,-24.994838,0.,-45,0.051500000000000004,37.2,-0.08,24.200000000000003,59.800000000000004,-0.32,0.03
123778,1077112,16.899618,-24.994838,0.,-45,0.051500000000000004,37.2,-0.08,24.200000000000003,59.800000000000004,-0.32,0.03
123778,1077141,16.899615,-24.994828,0.,-45,0.051500000000000004,37.2,-0.08,24.200000000000003,59.800000000000004,-0.32,0.03
123778,1077171,16.89961,-24.994817,0.,-45,0.051500000000000004,37.2,-0.08,24.200000000000003,59.800000000000004,-0.32,0.03
123778,1077172,16.89961,-24.994817,0.,-45,0.051500000000000004,37.2,-0.08,24.200000000000003,59.800000000000004,-0.32,0.03
123778,1077231,16.899612,-24.994822,0.,-45,0.051500000000000004,37.2,-0.08,24.200000000000003,59.800000000000004,-0.32,0.03
123778,1077232,16.899612,-24.994822,0.,-45,0.051500000000000004,37.2,-0.08,24.200000000000003,59.800000000000004,-0.32,0.03
123778,1077242,16.899612,-24.994823,0.,-45,0.051500000000000004,37.2,-0.08,24.200000000000003,59.800000000000004,-0.32,0.03
123778,1077243,16.899612,-24.994823,0.,-45,0.051500000000000004,37.2,-0.08,24.200000000000003,59.800000000000004,-0.32,0.03
123778,1077261,16.899617,-24.994823,0.,-45,0.051500000000000004,37.2,-0.08,24.200000000000003,59.800000000000004,-0.32,0.03
123778,1077281,16.899618,-24.994817,0.,-45,0.051500000000000004,37.2,-0.08,24.200000000000003,59.800000000000004,-0.32,0.03
123778,1077291,16.899617,-24.994815,0.,-45,0.051500000000000004,37.2,-0.08,24.200000000000003,59.800000000000004,-0.32,0.03
123778,1077292,16.899617,-24.994815,0.,-45,0.051500000000000004,37.2,-0.08,24.200000000000003,59.800000000000004,-0.32,0.03
123778,1077321,16.899615,-24.99482,0.,-45,0.051500000000000004,37.2,-0.08,24.200000000000003,59.800000000000004,-0.32,0.03
123778,1077341,16.899617,-24.99482,0.,-45,0.051500000000000004,37.2,-0.08,24.200000000000003,59.800000000000004,-0.32,0.03
123778,1077381,16.899618,-24.994827,0.,-45,0.051500000000000004,37.2,-0.08,24.200000000000003,59.800000000000004,-0.32,0.03
123778,1077401,16.899617,-24.994832,0.,-45,0.051500000000000004,37.2,-0.08,24.200000000000003,59.800000000000004,-0.32,0.03
123778,1077402,16.899617,-24.994832,0.,-45,0.051500000000000004,37.2,-0.08,24.200000000000003,59.800000000000004,-0.32,0.03
123778,1077471,16.89961,-24.994825,0.,-45,0.051500000000000004,37.2,-0.08,24.200000000000003,59.800000000000004,-0.32,0.03
123778,1077502,16.899612,-24.994817,0.,-45,0.051500000000000004,37.2,-0.08,24.200000000000003,59.800000000000004,-0.32,0.03
123778,1077562,16.899618,-24.99482,0.,-45,0.051500000000000004,37.2,-0.08,24.200000000000003,59.800000000000004,-0.32,0.03
123778,1077591,16.899618,-24.994823,0.,-45,0.051500000000000004,37.2,-0.08,24.200000000000003,59.800000000000004,-0.32,0.03
123778,1077716,16.899622,-24.994827,0.,-45,0.051500000000000004,37.2,-0.08,24.200000000000003,59.800000000000004,-0.32,0.03
123778,1078675,16.899617,-24.994805,0.,-45,0.051500000000000004,37.2,-0.08,24.200000000000003,59.800000000000004,-0.32,0.03
123778,1079634,16.89962,-24.994803,0.,-45,0.051500000000000004,37.2,-0.08,24.200000000000003,59.800000000000004,-0.32,0.03
123778,1080613,16.89965,-24.994822,0.,-45,0.051500000000000004,37.2,-0.08,24.200000000000003,59.800000000000004,-0.32,0.03
123778,1081024,16.899637,-24.994802,0.,-45,0.051500000000000004,37.2,-0.08,24.200000000000003,59.800000000000004,-0.32,0.03
123778,1081655,16.899633,-24.994847,0.,-45,0.051500000000000004,37.2,-0.08,24.200000000000003,59.800000000000004,-0.32,0.02
123778,1082615,16.899643,-24.994845,0.,-45,0.051500000000000004,37.2,-0.08,24.200000000000003,59.800000000000004,-0.32,0.02
123778,1083577,16.899635,-24.994847,0.,-45,0.051500000000000004,37.2,-0.08,24.200000000000003,59.7,-0.32,0.02
123778,1084534,16.89963,-24.994835,0.,-45,0.051500000000000004,37.2,-0.08,24.200000000000003,59.7,-0.32,0.02
123778,1085464,16.899622,-24.994803,0.,-45,0.051500000000000004,37.2,-0.08,24.200000000000003,59.7,-0.32,0.02
123778,1085494,16.89962,-24.994805,0.,-45,0.051500000000000004,37.2,-0.08,24.200000000000003,59.7,-0.32,0.02
123778,1086424,16.899635,-24.994805,0.,-45,0.051500000000000004,37.2,-0.08,24.200000000000003,59.7,-0.32,0.02
123778,1086475,16.89964,-24.994803,0.,-45,0.051500000000000004,37.2,-0.08,24.200000000000003,59.7,-0.32,0.02
123778,1086592,16.899628,-24.994817,0.,-45,0.051500000000000004,37.2,-0.08,24.200000000000003,59.7,-0.32,0.02
123778,1086642,16.899633,-24.994823,0.,-45,0.051500000000000004,37.2,-0.08,24.200000000000003,59.7,-0.32,0.02
123778,1086972,16.899623,-24.994833,0.,-45,0.051500000000000004,37.2,-0.08,24.200000000000003,59.7,-0.32,0.02
123778,1087434,16.899635,-24.994823,0.,-45,0.051500000000000004,37.2,-0.08,24.200000000000003,59.7,-0.32,0.02
123778,1087774,16.899637,-24.994827,0.,-45,0.051500000000000004,37.2,-0.08,24.200000000000003,59.7,-0.32,0.02
123778,1087963,16.89964,-24.994818,0.,-45,0.051500000000000004,37.2,-0.08,24.200000000000003,59.7,-0.33,0.02
123778,1088414,16.899625,-24.994802,0.,-45,0.051500000000000004,37.2,-0.08,24.200000000000003,59.7,-0.33,0.02
123778,1088964,16.899607,-24.994802,0.,-45,0.051500000000000004,37.2,-0.08,24.200000000000003,59.7,-0.33,0.02
123778,1089203,16.899633,-24.994782,0.,-45,0.051500000000000004,37.2,-0.08,24.200000000000003,59.7,-0.33,0.02
123778,1089376,16.899613,-24.994782,0.,-45,0.051500000000000004,37.2,-0.08,24.200000000000003,59.7,-0.33,0.02
123778,1090172,16.899627,-24.994795,0.,-45,0.051500000000000004,37.2,-0.08,24.200000000000003,59.7,-0.33,0.02
123778,1090332,16.899622,-24.994797,0.,-45,0.051500000000000004,37.2,-0.08,24.200000000000003,59.7,-0.33,0.02
123778,1090356,16.899625,-24.994797,0.,-45,0.051500000000000004,37.2,-0.08,24.200000000000003,59.7,-0.33,0.02
123778,1091315,16.89962,-24.994798,0.,-45,0.051500000000000004,37.2,-0.08,24.200000000000003,59.7,-0.33,0.02
123778,1091393,16.899628,-24.99478,0.,-45,0.051500000000000004,37.2,-0.08,24.200000000000003,59.7,-0.33,0.02
123778,1091774,16.89962,-24.994792,0.,-45,0.051500000000000004,37.2,-0.08,24.200000000000003,59.7,-0.33,0.02
123778,1092275,16.89962,-24.994802,0.,-45,0.051500000000000004,37.2,-0.08,24.200000000000003,59.7,-0.33,0.02
123778,1092824,16.899618,-24.994812,0.,-45,0.051500000000000004,37.2,-0.08,24.200000000000003,59.7,-0.33,0.02
123778,1092934,16.8996,-24.994817,0.,-45,0.051500000000000004,37.2,-0.08,24.200000000000003,59.7,-0.33,0.02
123778,1093416,16.899643,-24.994818,0.,-45,0.051500000000000004,37.2,-0.08,24.200000000000003,59.7,-0.33,0.02
123778,1094263,16.899632,-24.994813,0.,-45,0.051500000000000004,37.2,-0.08,24.200000000000003,59.7,-0.33,0.02
123778,1094372,16.899637,-24.994813,0.,-45,0.051500000000000004,37.2,-0.08,24.200000000000003,59.7,-0.33,0.02
123778,1095253,16.89963,-24.994812,0.,-45,0.051500000000000004,37.2,-0.08,24.200000000000003,59.6,-0.33,0.02
123778,1095333,16.899628,-24.994808,0.,-45,0.051500000000000004,37.2,-0.08,24.200000000000003,59.6,-0.33,0.02
123778,1095403,16.899633,-24.994787,0.,-45,0.051500000000000004,37.2,-0.08,24.200000000000003,59.6,-0.33,0.02
123778,1096334,16.899627,-24.994797,0.,-45,0.051500000000000004,37.2,-0.08,24.200000000000003,59.6,-0.33,0.02
123778,1096543,16.899625,-24.994812,0.,-45,0.051500000000000004,37.2,-0.08,24.200000000000003,59.6,-0.33,0.02
123778,1097296,16.899635,-24.994785,0.,-45,0.051500000000000004,37.2,-0.08,24.200000000000003,59.6,-0.33,0.02
123778,1098255,16.899625,-24.99481,0.,-45,0.051500000000000004,37.2,-0.08,24.200000000000003,59.6,-0.33,0.02
123778,1099217,16.899623,-24.9948,0.,-45,0.051500000000000004,37.2,-0.08,24.200000000000003,59.6,-0.33,0.02
123778,1099324,16.899615,-24.994797,0.,-45,0.051500000000000004,37.2,-0.08,24.200000000000003,59.6,-0.33,0.02
123778,1100175,16.899632,-24.994795,0.,-45,0.051500000000000004,37.2,-0.08,24.200000000000003,59.6,-0.33,0.02
123778,1101134,16.899638,-24.994795,0.,-45,0.051500000000000004,37.2,-0.08,24.200000000000003,59.6,-0.33,0.02
123778,1102094,16.899598,-24.994827,0.,-45,0.051500000000000004,37.2,-0.08,24.200000000000003,59.6,-0.33,0.02
123778,1103053,16.899617,-24.994823,0.,-45,0.051500000000000004,37.2,-0.08,24.200000000000003,59.6,-0.33,0.02
123778,1103995,16.899632,-24.994803,0.,-45,0.051500000000000004,37.2,-0.08,24.200000000000003,59.6,-0.33,0.02
123778,1105178,16.89964,-24.994812,0.,-45,0.051500000000000004,37.2,-0.08,24.200000000000003,59.6,-0.33,0.02
123778,1106136,16.899638,-24.99482,0.,-45,0.051500000000000004,37.2,-0.08,24.200000000000003,59.5,-0.33,0.02
123778,1107095,16.899602,-24.994797,0.,-45,0.051500000000000004,37.2,-0.08,24.200000000000003,59.5,-0.33,0.02
123778,1108054,16.899617,-24.994813,0.,-45,0.051500000000000004,37.2,-0.08,24.200000000000003,59.5,-0.33,0.02
123778,1109015,16.899598,-24.994817,0.,-45,0.051500000000000004,37.2,-0.08,24.200000000000003,59.5,-0.33,0.02
123778,1109975,16.899602,-24.994818,0.,-45,0.051500000000000004,37.2,-0.08,24.200000000000003,59.5,-0.33,0.02
123778,1110934,16.899597,-24.994803,0.,-45,0.051500000000000004,37.2,-0.08,24.200000000000003,59.5,-0.33,0.02
123778,1111915,16.8996,-24.99482,0.,-45,0.051500000000000004,37.2,-0.08,24.200000000000003,59.5,-0.33,0.02
123778,1112875,16.899598,-24.99481,0.,-45,0.051500000000000004,37.2,-0.08,24.200000000000003,59.5,-0.33,0.02
123778,1113833,16.899607,-24.994817,0.,-45,0.051500000000000004,37.2,-0.08,24.200000000000003,59.5,-0.33,0.02
123778,1114793,16.899607,-24.994817,0.,-45,0.051500000000000004,37.2,-0.08,24.200000000000003,59.5,-0.33,0.02
123778,1115202,16.899607,-24.994805,0.,-45,0.051500000000000004,37.2,-0.08,24.200000000000003,59.5,-0.33,0.02
123778,1115311,16.899622,-24.994802,0.,-45,0.051500000000000004,37.2,-0.08,24.200000000000003,59.5,-0.33,0.02
123778,1115754,16.899622,-24.994792,0.,-45,0.051500000000000004,37.2,-0.08,24.200000000000003,59.5,-0.33,0.02
123778,1116934,16.899603,-24.994808,0.,-45,0.051500000000000004,37.2,-0.08,24.200000000000003,59.5,-0.33,0.02
123778,1117894,16.899605,-24.994793,0.,-45,0.051500000000000004,37.2,-0.08,24.200000000000003,59.400000000000006,-0.33,0.02
123778,1118854,16.899598,-24.994802,0.,-45,0.051500000000000004,37.2,-0.08,24.200000000000003,59.400000000000006,-0.33,0.02
123778,1119818,16.899605,-24.9948,0.,-45,0.051500000000000004,37.2,-0.08,24.200000000000003,59.400000000000006,-0.33,0.02
123778,1120775,16.899587,-24.994812,0.,-45,0.051500000000000004,37.2,-0.08,24.200000000000003,59.400000000000006,-0.33,0.02
123778,1121082,16.899597,-24.994813,0.,-45,0.051500000000000004,37.2,-0.08,24.200000000000003,59.400000000000006,-0.33,0.02
123778,1121131,16.899595,-24.994813,0.,-45,0.051500000000000004,37.2,-0.08,24.200000000000003,59.400000000000006,-0.33,0.02
123778,1121190,16.899593,-24.994813,0.,-45,0.051500000000000004,37.2,-0.08,24.200000000000003,59.400000000000006,-0.33,0.02
123778,1121210,16.899592,-24.994808,0.,-45,0.051500000000000004,37.2,-0.08,24.200000000000003,59.400000000000006,-0.33,0.02
123778,1121281,16.899592,-24.994817,0.,-45,0.051500000000000004,37.2,-0.08,24.200000000000003,59.400000000000006,-0.33,0.02
123778,1121283,16.899592,-24.994817,0.,-45,0.051500000000000004,37.2,-0.08,24.200000000000003,59.400000000000006,-0.33,0.02
123778,1121342,16.899593,-24.99482,0.,-45,0.051500000000000004,37.2,-0.08,24.200000000000003,59.400000000000006,-0.33,0.02
123778,1121390,16.899597,-24.994822,0.,-45,0.051500000000000004,37.2,-0.08,24.200000000000003,59.400000000000006,-0.33,0.02
123778,1121391,16.899597,-24.994822,0.,-45,0.051500000000000004,37.2,-0.08,24.200000000000003,59.400000000000006,-0.33,0.02
123778,1121736,16.899597,-24.994812,0.,-45,0.051500000000000004,37.2,-0.08,24.200000000000003,59.400000000000006,-0.33,0.02
123778,1122693,16.899588,-24.9948,0.,-45,0.051500000000000004,37.2,-0.08,24.200000000000003,59.400000000000006,-0.33,0.02
123778,1123075,16.89959,-24.994822,0.,-45,0.051500000000000004,37.2,-0.08,24.200000000000003,59.400000000000006,-0.33,0.02
123778,1123653,16.899583,-24.994807,0.,-45,0.051500000000000004,37.2,-0.08,24.200000000000003,59.400000000000006,-0.33,0.02
123778,1124615,16.899597,-24.994813,0.,-45,0.051500000000000004,37.2,-0.08,24.200000000000003,59.400000000000006,-0.33,0.02
123778,1125574,16.899598,-24.994812,0.,-45,0.051500000000000004,37.2,-0.08,24.200000000000003,59.400000000000006,-0.33,0.02
123778,1126243,16.899598,-24.994813,0.,-45,0.051500000000000004,37.2,-0.08,24.200000000000003,59.400000000000006,-0.33,0.02
123778,1126533,16.899605,-24.994813,0.,-45,0.051500000000000004,37.2,-0.08,24.200000000000003,59.400000000000006,-0.33,0.02
123778,1126973,16.899598,-24.994813,0.,-45,0.051500000000000004,37.2,-0.08,24.200000000000003,59.400000000000006,-0.33,0.02
123778,1127162,16.899605,-24.994813,0.,-45,0.051500000000000004,37.2,-0.08,24.200000000000003,59.400000000000006,-0.33,0.02
123778,1127492,16.8996,-24.994812,0.,-45,0.051500000000000004,37.2,-0.08,24.200000000000003,59.400000000000006,-0.33,0.02
123778,1127515,16.8996,-24.994805,0.,-45,0.051500000000000004,37.2,-0.08,24.200000000000003,59.400000000000006,-0.33,0.02
123778,1128232,16.899588,-24.99482,0.,-45,0.051500000000000004,37.2,-0.08,24.200000000000003,59.400000000000006,-0.33,0.02
123778,1128604,16.89959,-24.994822,0.,-45,0.051500000000000004,37.2,-0.08,24.200000000000003,59.300000000000004,-0.34,0.02
123778,1128694,16.899597,-24.994822,0.,-45,0.051500000000000004,37.2,-0.08,24.200000000000003,59.300000000000004,-0.34,0.02
123778,1128753,16.899605,-24.994813,0.,-45,0.051500000000000004,37.2,-0.08,24.200000000000003,59.300000000000004,-0.34,0.02
123778,1129655,16.899587,-24.994827,0.,-45,0.051500000000000004,37.2,-0.08,24.200000000000003,59.300000000000004,-0.34,0.02
123778,1129733,16.899582,-24.994837,0.,-45,0.051500000000000004,37.2,-0.08,24.200000000000003,59.300000000000004,-0.34,0.02
123778,1129843,16.899592,-24.994832,0.,-45,0.051500000000000004,37.2,-0.08,24.200000000000003,59.300000000000004,-0.34,0.02
123778,1130614,16.899577,-24.994812,0.,-45,0.051500000000000004,37.2,-0.08,24.200000000000003,59.300000000000004,-0.34,0.02
123778,1130822,16.899588,-24.99481,0.,-45,0.051500000000000004,37.2,-0.08,24.200000000000003,59.300000000000004,-0.34,0.02
123778,1131022,16.899578,-24.99482,0.,-45,0.051500000000000004,37.2,-0.08,24.200000000000003,59.300000000000004,-0.34,0.02
123778,1131574,16.899595,-24.994813,0.,-45,0.051500000000000004,37.2,-0.08,24.200000000000003,59.300000000000004,-0.34,0.02
123778,1131973,16.899593,-24.994813,0.,-45,0.051500000000000004,37.2,-0.08,24.200000000000003,59.300000000000004,-0.34,0.02
123778,1132483,16.899598,-24.994818,0.,-45,0.051500000000000004,37.2,-0.08,24.200000000000003,59.300000000000004,-0.34,0.02
123778,1132535,16.899595,-24.994822,0.,-45,0.051500000000000004,37.2,-0.08,24.200000000000003,59.300000000000004,-0.34,0.02
123778,1133391,16.899593,-24.99482,0.,-45,0.051500000000000004,37.2,-0.08,24.200000000000003,59.300000000000004,-0.34,0.02
123778,1133494,16.899597,-24.994832,0.,-45,0.051500000000000004,37.2,-0.08,24.200000000000003,59.300000000000004,-0.34,0.02
123778,1133623,16.899587,-24.994818,0.,-45,0.051500000000000004,37.2,-0.08,24.200000000000003,59.300000000000004,-0.34,0.02
123778,1134455,16.899595,-24.994818,0.,-45,0.051500000000000004,37.2,-0.08,24.200000000000003,59.300000000000004,-0.34,0.02
123778,1134592,16.899582,-24.994825,0.,-45,0.051500000000000004,37.2,-0.08,24.200000000000003,59.300000000000004,-0.34,0.02
123778,1134832,16.899588,-24.994822,0.,-45,0.051500000000000004,37.2,-0.08,24.200000000000003,59.300000000000004,-0.34,0.02
123778,1135415,16.899578,-24.994822,0.,-45,0.051500000000000004,37.2,-0.08,24.200000000000003,59.300000000000004,-0.34,0.02
123778,1136375,16.899593,-24.994818,0.,-45,0.051500000000000004,37.2,-0.08,24.200000000000003,59.300000000000004,-0.34,0.02
123778,1137334,16.899588,-24.994825,0.,-45,0.051500000000000004,37.2,-0.08,24.200000000000003,59.300000000000004,-0.34,0.02
123778,1138295,16.899583,-24.994813,0.,-45,0.051500000000000004,37.2,-0.08,24.200000000000003,59.300000000000004,-0.34,0.02
123778,1139254,16.899595,-24.994802,0.,-45,0.051500000000000004,37.2,-0.08,24.200000000000003,59.300000000000004,-0.34,0.02
123778,1140453,16.899575,-24.994817,0.,-45,0.051500000000000004,37.2,-0.08,24.200000000000003,59.2,-0.34,0.02
123778,1141413,16.899588,-24.994823,0.,-45,0.051500000000000004,37.2,-0.08,24.200000000000003,59.2,-0.34,0.02
123778,1142375,16.89958,-24.994842,0.,-45,0.051500000000000004,37.2,-0.08,24.200000000000003,59.2,-0.34,0.02
123778,1143335,16.899592,-24.994818,0.,-45,0.051500000000000004,37.2,-0.08,24.200000000000003,59.2,-0.34,0.01
123778,1144296,16.89961,-24.994813,0.,-45,0.051500000000000004,37.2,-0.08,24.200000000000003,59.2,-0.34,0.01
123778,1145274,16.899595,-24.994825,0.,-45,0.051500000000000004,37.2,-0.08,24.200000000000003,59.2,-0.34,0.01
123778,1146236,16.89959,-24.994828,0.,-45,0.051500000000000004,37.2,-0.08,24.200000000000003,59.2,-0.34,0.01
123778,1147173,16.899612,-24.994827,0.,-45,0.051500000000000004,37.2,-0.08,24.200000000000003,59.2,-0.34,0.01
123778,1148134,16.899597,-24.994833,0.,-45,0.051500000000000004,37.2,-0.08,24.200000000000003,59.2,-0.34,0.01
123778,1149093,16.899593,-24.994823,0.,-45,0.051500000000000004,37.2,-0.08,24.200000000000003,59.2,-0.34,0.01
123778,1150054,16.899597,-24.994837,0.,-45,0.051500000000000004,37.2,-0.08,24.200000000000003,59.2,-0.34,0.01
123778,1151016,16.899603,-24.994838,0.,-45,0.051500000000000004,37.2,-0.08,24.200000000000003,59.2,-0.34,0.01
123778,1152214,16.89961,-24.994827,0.,-45,0.051500000000000004,37.2,-0.08,24.200000000000003,59.1,-0.34,0.01
123778,1153173,16.899617,-24.994838,0.,-45,0.051500000000000004,37.2,-0.08,24.200000000000003,59.1,-0.34,0.01
123778,1154134,16.899592,-24.994817,0.,-45,0.051500000000000004,37.2,-0.08,24.200000000000003,59.1,-0.34,0.01
123778,1155094,16.899593,-24.994807,0.,-45,0.051500000000000004,37.2,-0.07,24.200000000000003,59.1,-0.34,0.01
123778,1156056,16.899603,-24.99482,0.,-45,0.051500000000000004,37.2,-0.07,24.200000000000003,59.1,-0.34,0.01
123778,1157033,16.899613,-24.994798,0.,-45,0.051500000000000004,37.2,-0.07,24.200000000000003,59.1,-0.34,0.01
123778,1157996,16.899597,-24.994798,0.,-45,0.051500000000000004,37.2,-0.07,24.200000000000003,59.1,-0.34,0.01
123778,1158954,16.89963,-24.99481,0.,-45,0.051500000000000004,37.2,-0.07,24.200000000000003,59.1,-0.34,0.01
123778,1159760,16.89962,-24.99482,0.,-45,0.051500000000000004,37.2,-0.07,24.200000000000003,59.1,-0.34,0.01
123778,1159761,16.89962,-24.99482,0.,-45,0.051500000000000004,37.2,-0.07,24.200000000000003,59.1,-0.34,0.01
123778,1159780,16.89962,-24.994825,0.,-45,0.051500000000000004,37.2,-0.07,24.200000000000003,59.1,-0.34,0.01
123778,1159790,16.899618,-24.994827,0.,-45,0.051500000000000004,37.2,-0.07,24.200000000000003,59.1,-0.34,0.01
123778,1159812,16.899618,-24.994825,0.,-45,0.051500000000000004,37.2,-0.07,24.200000000000003,59.1,-0.34,0.01
123778,1159891,16.89962,-24.994827,0.,-45,0.051500000000000004,37.2,-0.07,24.200000000000003,59.1,-0.34,0.01
123778,1159914,16.89962,-24.99483,0.,-45,0.051500000000000004,37.2,-0.07,24.200000000000003,59.1,-0.34,0.01
123778,1159970,16.899618,-24.994833,0.,-45,0.051500000000000004,37.2,-0.07,24.200000000000003,59.1,-0.34,0.01
123778,1159971,16.899618,-24.994833,0.,-45,0.051500000000000004,37.2,-0.07,24.200000000000003,59.1,-0.34,0.01
123778,1160874,16.899623,-24.99483,0.,-45,0.051500000000000004,37.2,-0.07,24.200000000000003,59.1,-0.34,0.01
123778,1161835,16.899617,-24.994822,0.,-45,0.051500000000000004,37.2,-0.07,24.200000000000003,59.1,-0.34,0.01
123778,1162795,16.899603,-24.994815,0.,-45,0.051500000000000004,37.2,-0.07,24.200000000000003,59.,-0.34,0.01
123778,1163976,16.89962,-24.994803,0.,-45,0.051500000000000004,37.2,-0.07,24.200000000000003,59.,-0.34,0.01
123778,1164937,16.899618,-24.994802,0.,-45,0.051500000000000004,37.2,-0.07,24.200000000000003,59.,-0.34,0.01
123778,1165730,16.89962,-24.994778,0.,-45,0.051500000000000004,37.2,-0.07,24.200000000000003,59.,-0.34,0.01
123778,1165731,16.89962,-24.994778,0.,-45,0.051500000000000004,37.2,-0.07,24.200000000000003,59.,-0.34,0.01
123778,1165762,16.899625,-24.994787,0.,-45,0.051500000000000004,37.2,-0.07,24.200000000000003,59.,-0.34,0.01
123778,1165811,16.899618,-24.994795,0.,-45,0.051500000000000004,37.2,-0.07,24.200000000000003,59.,-0.34,0.01
123778,1165821,16.899618,-24.994793,0.,-45,0.051500000000000004,37.2,-0.07,24.200000000000003,59.,-0.34,0.01
123778,1165822,16.899618,-24.994793,0.,-45,0.051500000000000004,37.2,-0.07,24.200000000000003,59.,-0.34,0.01
123778,1165830,16.899617,-24.994792,0.,-45,0.051500000000000004,37.2,-0.07,24.200000000000003,59.,-0.34,0.01
123778,1165831,16.899617,-24.994792,0.,-45,0.051500000000000004,37.2,-0.07,24.200000000000003,59.,-0.34,0.01
123778,1165872,16.899608,-24.994783,0.,-45,0.051500000000000004,37.2,-0.07,24.200000000000003,59.,-0.34,0.01
123778,1165881,16.899608,-24.994782,0.,-45,0.051500000000000004,37.2,-0.07,24.200000000000003,59.,-0.34,0.01
123778,1165882,16.899608,-24.994782,0.,-45,0.051500000000000004,37.2,-0.07,24.200000000000003,59.,-0.34,0.01
123778,1165893,16.89961,-24.994783,0.,-45,0.051500000000000004,37.2,-0.07,24.200000000000003,59.,-0.34,0.01
123778,1166856,16.899628,-24.994818,0.,-45,0.051500000000000004,37.2,-0.07,24.200000000000003,59.,-0.34,0.01
123778,1167814,16.899597,-24.994818,0.,-45,0.051500000000000004,37.2,-0.07,24.200000000000003,59.,-0.34,0.01
123778,1168773,16.899608,-24.994833,0.,-45,0.051500000000000004,37.2,-0.07,24.200000000000003,59.,-0.34,0.01
123778,1169734,16.899588,-24.994818,0.,-45,0.051500000000000004,37.2,-0.07,24.200000000000003,59.,-0.35000000000000003,0.01
123778,1169942,16.899598,-24.99479,0.,-45,0.051500000000000004,37.2,-0.07,24.200000000000003,59.,-0.35000000000000003,0.01
123778,1169955,16.8996,-24.994792,0.,-45,0.051500000000000004,37.2,-0.07,24.200000000000003,59.,-0.35000000000000003,0.01
123778,1170694,16.899617,-24.994817,0.,-45,0.051500000000000004,37.2,-0.07,24.200000000000003,59.,-0.35000000000000003,0.01
123778,1170962,16.899617,-24.994782,0.,-45,0.051500000000000004,37.2,-0.07,24.200000000000003,59.,-0.35000000000000003,0.01
123778,1171204,16.899603,-24.994792,0.,-45,0.051500000000000004,37.2,-0.07,24.200000000000003,59.,-0.35000000000000003,0.01
123778,1171655,16.899607,-24.994787,0.,-45,0.051500000000000004,37.2,-0.07,24.200000000000003,59.,-0.35000000000000003,0.01
123778,1172073,16.899628,-24.994787,0.,-45,0.051500000000000004,37.2,-0.07,24.200000000000003,59.,-0.35000000000000003,0.01
123778,1172264,16.899625,-24.994792,0.,-45,0.051500000000000004,37.2,-0.07,24.200000000000003,59.,-0.35000000000000003,0.01
123778,1172615,16.899627,-24.99479,0.,-45,0.051500000000000004,37.2,-0.07,24.200000000000003,59.,-0.35000000000000003,0.01
123778,1173333,16.899642,-24.994802,0.,-45,0.051500000000000004,37.2,-0.07,24.200000000000003,59.,-0.35000000000000003,0.01
123778,1173575,16.899637,-24.994808,0.,-45,0.051500000000000004,37.2,-0.07,24.200000000000003,59.,-0.35000000000000003,0.01
123778,1173671,16.899642,-24.994803,0.,-45,0.051500000000000004,37.2,-0.07,24.200000000000003,59.,-0.35000000000000003,0.01
123778,1174522,16.899622,-24.994785,0.,-45,0.051500000000000004,37.2,-0.07,24.200000000000003,58.900000000000006,-0.35000000000000003,0.01
123778,1174534,16.899622,-24.994785,0.,-45,0.051500000000000004,37.2,-0.07,24.200000000000003,58.900000000000006,-0.35000000000000003,0.01
123778,1174582,16.899618,-24.994782,0.,-45,0.051500000000000004,37.2,-0.07,24.200000000000003,58.900000000000006,-0.35000000000000003,0.01
123778,1175493,16.899602,-24.994767,0.,-45,0.051500000000000004,37.2,-0.07,24.200000000000003,58.900000000000006,-0.35000000000000003,0.01
123778,1175803,16.89963,-24.99478,0.,-45,0.051500000000000004,37.2,-0.07,24.200000000000003,58.900000000000006,-0.35000000000000003,0.01
123778,1175873,16.899622,-24.994777,0.,-45,0.051500000000000004,37.2,-0.07,24.200000000000003,58.900000000000006,-0.35000000000000003,0.01
123778,1176476,16.899613,-24.994778,0.,-45,0.051500000000000004,37.2,-0.07,24.200000000000003,58.900000000000006,-0.35000000000000003,0.01
123778,1177334,16.89963,-24.994777,0.,-45,0.051500000000000004,37.2,-0.07,24.200000000000003,58.900000000000006,-0.35000000000000003,0.01
123778,1177437,16.89962,-24.994782,0.,-45,0.051500000000000004,37.2,-0.07,24.200000000000003,58.900000000000006,-0.35000000000000003,0.01
123778,1178262,16.899613,-24.994813,0.,-45,0.051500000000000004,37.2,-0.07,24.200000000000003,58.900000000000006,-0.35000000000000003,0.01
123778,1178395,16.899612,-24.994798,0.,-45,0.051500000000000004,37.2,-0.07,24.200000000000003,58.900000000000006,-0.35000000000000003,0.01
123778,1178452,16.899617,-24.994802,0.,-45,0.051500000000000004,37.2,-0.07,24.200000000000003,58.900000000000006,-0.35000000000000003,0.01
123778,1179356,16.89964,-24.994802,0.,-45,0.051500000000000004,37.2,-0.07,24.200000000000003,58.900000000000006,-0.35000000000000003,0.01
123778,1179592,16.899627,-24.994803,0.,-45,0.051500000000000004,37.2,-0.07,24.200000000000003,58.900000000000006,-0.35000000000000003,0.01
123778,1179862,16.89962,-24.994808,0.,-45,0.051500000000000004,37.2,-0.07,24.200000000000003,58.900000000000006,-0.35000000000000003,0.01
123778,1180315,16.899637,-24.994793,0.,-45,0.051500000000000004,37.2,-0.07,24.200000000000003,58.900000000000006,-0.35000000000000003,0.01
123778,1180843,16.899632,-24.994787,0.,-45,0.051500000000000004,37.2,-0.07,24.200000000000003,58.900000000000006,-0.35000000000000003,0.01
123778,1181275,16.899622,-24.994812,0.,-45,0.051500000000000004,37.2,-0.07,24.200000000000003,58.900000000000006,-0.35000000000000003,0.01
123778,1182236,16.899623,-24.994797,0.,-45,0.051500000000000004,37.2,-0.07,24.200000000000003,58.900000000000006,-0.35000000000000003,0.01
123778,1182242,16.899623,-24.994797,0.,-45,0.051500000000000004,37.2,-0.07,24.200000000000003,58.900000000000006,-0.35000000000000003,0.01
123778,1183195,16.899638,-24.99478,0.,-45,0.051500000000000004,37.2,-0.07,24.200000000000003,58.900000000000006,-0.35000000000000003,0.01
123778,1183374,16.899637,-24.99478,0.,-45,0.051500000000000004,37.2,-0.07,24.200000000000003,58.900000000000006,-0.35000000000000003,0.01
123778,1184154,16.89963,-24.994798,0.,-45,0.051500000000000004,37.2,-0.07,24.200000000000003,58.900000000000006,-0.35000000000000003,0.01
123778,1185113,16.899613,-24.994787,0.,-45,0.051500000000000004,37.2,-0.07,24.200000000000003,58.900000000000006,-0.35000000000000003,0.01
123778,1186075,16.899645,-24.994793,0.,-45,0.051500000000000004,37.2,-0.07,24.200000000000003,58.800000000000004,-0.35000000000000003,0.01
123778,1187034,16.899625,-24.994788,0.,-45,0.051500000000000004,37.2,-0.07,24.200000000000003,58.800000000000004,-0.35000000000000003,0.01
123778,1187994,16.89962,-24.994828,0.,-45,0.051500000000000004,37.2,-0.07,24.200000000000003,58.800000000000004,-0.35000000000000003,0.01
123778,1188975,16.899585,-24.994778,0.,-45,0.051500000000000004,37.2,-0.07,24.200000000000003,58.800000000000004,-0.35000000000000003,0.01
123778,1190914,16.89963,-24.994798,0.,-45,0.051500000000000004,37.2,-0.07,24.200000000000003,58.800000000000004,-0.35000000000000003,0.01
123778,1191876,16.899627,-24.994802,0.,-45,0.051500000000000004,37.2,-0.07,24.200000000000003,58.800000000000004,-0.35000000000000003,0.01
123778,1192836,16.89963,-24.99479,0.,-45,0.051500000000000004,37.2,-0.07,24.1,58.800000000000004,-0.35000000000000003,0.01
123778,1193797,16.899622,-24.994823,0.,-45,0.051500000000000004,37.2,-0.07,24.1,58.800000000000004,-0.35000000000000003,0.01
123778,1194756,16.89962,-24.994817,0.,-45,0.051500000000000004,37.2,-0.07,24.1,58.800000000000004,-0.35000000000000003,0.01
123778,1195712,16.899602,-24.994817,0.,-45,0.051500000000000004,37.2,-0.07,24.1,58.800000000000004,-0.35000000000000003,0.01
123778,1196686,16.89961,-24.994825,0.,-45,0.051500000000000004,37.2,-0.07,24.1,58.7,-0.35000000000000003,0.01
123778,1197644,16.899608,-24.994817,0.,-45,0.051500000000000004,37.2,-0.07,24.1,58.7,-0.35000000000000003,0.01
123778,1198617,16.899593,-24.99481,0.,-45,0.051500000000000004,37.2,-0.07,24.1,58.7,-0.35000000000000003,0.01
123778,1199635,16.8996,-24.994805,0.,-45,0.051500000000000004,37.2,-0.07,24.1,58.7,-0.35000000000000003,0.01
123778,1200594,16.899602,-24.99482,0.,-45,0.051500000000000004,37.2,-0.07,24.1,58.7,-0.35000000000000003,0.01
123778,1201554,16.8996,-24.99481,0.,-45,0.051500000000000004,37.2,-0.07,24.1,58.7,-0.35000000000000003,0.01
123778,1202515,16.899602,-24.994818,0.,-45,0.051500000000000004,37.2,-0.07,24.1,58.7,-0.35000000000000003,0.01
123778,1203402,16.8996,-24.994815,0.,-45,0.051500000000000004,37.2,-0.07,24.1,58.7,-0.35000000000000003,0.01
123778,1203474,16.899603,-24.994815,0.,-45,0.051500000000000004,37.2,-0.07,24.1,58.7,-0.35000000000000003,0.01
123778,1203562,16.899597,-24.994795,0.,-45,0.051500000000000004,37.2,-0.07,24.1,58.7,-0.35000000000000003,0.01
123778,1203631,16.899595,-24.994797,0.,-45,0.051500000000000004,37.2,-0.07,24.1,58.7,-0.35000000000000003,0.01
123778,1203690,16.899598,-24.994807,0.,-45,0.051500000000000004,37.2,-0.07,24.1,58.7,-0.35000000000000003,0.01
123778,1203691,16.899598,-24.994807,0.,-45,0.051500000000000004,37.2,-0.07,24.1,58.7,-0.35000000000000003,0.01
123778,1203803,16.899597,-24.994808,0.,-45,0.051500000000000004,37.2,-0.07,24.1,58.7,-0.35000000000000003,0.01
123778,1203822,16.899603,-24.99481,0.,-45,0.051500000000000004,37.2,-0.07,24.1,58.7,-0.35000000000000003,0.01
123778,1203823,16.899603,-24.99481,0.,-45,0.051500000000000004,37.2,-0.07,24.1,58.7,-0.35000000000000003,0.01
123778,1203853,16.899603,-24.99481,0.,-45,0.051500000000000004,37.2,-0.07,24.1,58.7,-0.35000000000000003,0.01
123778,1203862,16.899605,-24.994807,0.,-45,0.051500000000000004,37.2,-0.07,24.1,58.7,-0.35000000000000003,0.
123778,1203863,16.899605,-24.994807,0.,-45,0.051500000000000004,37.2,-0.07,24.1,58.7,-0.35000000000000003,0.
123778,1203882,16.899603,-24.994807,0.,-45,0.051500000000000004,37.2,-0.07,24.1,58.7,-0.35000000000000003,0.
123778,1203901,16.899602,-24.994807,0.,-45,0.051500000000000004,37.2,-0.07,24.1,58.7,-0.35000000000000003,0.
123778,1203922,16.899605,-24.994807,0.,-45,0.051500000000000004,37.2,-0.07,24.1,58.7,-0.35000000000000003,0.
123778,1203923,16.899605,-24.994807,0.,-45,0.051500000000000004,37.2,-0.07,24.1,58.7,-0.35000000000000003,0.
123778,1203931,16.899608,-24.994805,0.,-45,0.051500000000000004,37.2,-0.07,24.1,58.7,-0.35000000000000003,0.
123778,1203962,16.899612,-24.994802,0.,-45,0.051500000000000004,37.2,-0.07,24.1,58.7,-0.35000000000000003,0.
123778,1204435,16.899605,-24.99479,0.,-45,0.051500000000000004,37.2,-0.07,24.1,58.7,-0.35000000000000003,0.
123778,1205394,16.899602,-24.99479,0.,-45,0.051500000000000004,37.2,-0.07,24.1,58.7,-0.35000000000000003,0.
123778,1206355,16.899595,-24.994822,0.,-45,0.051500000000000004,37.2,-0.07,24.1,58.7,-0.35000000000000003,0.
123778,1207314,16.899592,-24.994815,0.,-45,0.051500000000000004,37.2,-0.07,24.1,58.800000000000004,-0.35000000000000003,0.01
123778,1208274,16.899592,-24.994818,0.,-45,0.051500000000000004,37.2,-0.07,24.1,58.900000000000006,-0.35000000000000003,0.01
123778,1209233,16.899588,-24.994815,0.,-45,0.051500000000000004,37.2,-0.07,24.1,59.,-0.35000000000000003,0.01
123778,1209331,16.899597,-24.994807,0.,-45,0.051500000000000004,37.2,-0.07,24.1,59.,-0.35000000000000003,0.01
123778,1209332,16.899597,-24.994807,0.,-45,0.051500000000000004,37.2,-0.07,24.1,59.,-0.35000000000000003,0.01
123778,1209352,16.899597,-24.994798,0.,-45,0.051500000000000004,37.2,-0.07,24.1,59.,-0.35000000000000003,0.01
123778,1209422,16.899588,-24.9948,0.,-45,0.051500000000000004,37.2,-0.07,24.1,59.,-0.35000000000000003,0.01
123778,1209423,16.899588,-24.9948,0.,-45,0.051500000000000004,37.2,-0.07,24.1,59.,-0.35000000000000003,0.01
123778,1209452,16.899587,-24.994808,0.,-45,0.051500000000000004,37.2,-0.07,24.1,59.,-0.35000000000000003,0.01
123778,1209453,16.899587,-24.994808,0.,-45,0.051500000000000004,37.2,-0.07,24.1,59.,-0.35000000000000003,0.01
123778,1209462,16.899587,-24.994812,0.,-45,0.051500000000000004,37.2,-0.07,24.1,59.,-0.35000000000000003,0.01
123778,1209471,16.899587,-24.994813,0.,-45,0.051500000000000004,37.2,-0.07,24.1,59.,-0.35000000000000003,0.01
123778,1209472,16.899587,-24.994813,0.,-45,0.051500000000000004,37.2,-0.07,24.1,59.,-0.35000000000000003,0.01
123778,1209532,16.899582,-24.994822,0.,-45,0.051500000000000004,37.2,-0.07,24.1,59.,-0.35000000000000003,0.01
123778,1210195,16.899587,-24.99481,0.,-45,0.051500000000000004,37.2,-0.07,24.1,59.1,-0.35000000000000003,0.01
123778,1210291,16.899593,-24.994815,0.,-45,0.051500000000000004,37.2,-0.07,24.1,59.1,-0.35000000000000003,0.01
123778,1211156,16.899588,-24.994815,0.,-45,0.051500000000000004,37.2,-0.07,24.1,59.1,-0.35000000000000003,0.01
123778,1211483,16.89959,-24.99482,0.,-45,0.051500000000000004,37.2,-0.07,24.1,59.2,-0.35000000000000003,0.01
123778,1211894,16.899587,-24.994817,0.,-45,0.051500000000000004,37.2,-0.07,24.1,59.2,-0.35000000000000003,0.01
123778,1212022,16.899587,-24.99481,0.,-45,0.051500000000000004,37.2,-0.07,24.1,59.2,-0.35000000000000003,0.01
123778,1212115,16.899587,-24.994817,0.,-45,0.051500000000000004,37.2,-0.07,24.1,59.2,-0.35000000000000003,0.01
123778,1212612,16.8996,-24.994807,0.,-45,0.051500000000000004,37.2,-0.07,24.1,59.300000000000004,-0.35000000000000003,0.01
123778,1212823,16.899607,-24.99481,0.,-45,0.051500000000000004,37.2,-0.07,24.1,59.300000000000004,-0.35000000000000003,0.01
123778,1213076,16.89961,-24.994817,0.,-45,0.051500000000000004,37.2,-0.07,24.1,59.300000000000004,-0.35000000000000003,0.01
123778,1213993,16.899602,-24.994815,0.,-45,0.051500000000000004,37.2,-0.07,24.1,59.400000000000006,-0.35000000000000003,0.01
123778,1214034,16.899602,-24.99482,0.,-45,0.051500000000000004,37.2,-0.07,24.1,59.400000000000006,-0.35000000000000003,0.01
123778,1214073,16.899598,-24.994822,0.,-45,0.051500000000000004,37.2,-0.07,24.1,59.400000000000006,-0.35000000000000003,0.01
123778,1214333,16.89959,-24.994805,0.,-45,0.051500000000000004,37.2,-0.07,24.1,59.400000000000006,-0.35000000000000003,0.01
123778,1214995,16.899588,-24.994808,0.,-45,0.051500000000000004,37.2,-0.07,24.1,59.5,-0.35000000000000003,0.01
123778,1215164,16.899592,-24.994807,0.,-45,0.051500000000000004,37.2,-0.07,24.1,59.5,-0.35000000000000003,0.01
123778,1215442,16.899575,-24.994797,0.,-45,0.051500000000000004,37.2,-0.07,24.1,59.5,-0.35000000000000003,0.01
123778,1215954,16.899588,-24.994833,0.,-45,0.051500000000000004,37.2,-0.07,24.1,59.5,-0.35000000000000003,0.01
123778,1216352,16.899598,-24.994805,0.,-45,0.051500000000000004,37.2,-0.07,24.1,59.6,-0.35000000000000003,0.01
123778,1216513,16.899598,-24.99479,0.,-45,0.051500000000000004,37.2,-0.07,24.1,59.6,-0.35000000000000003,0.01
123778,1216814,16.899592,-24.994802,0.,-45,0.051500000000000004,37.2,-0.07,24.1,59.6,-0.35000000000000003,0.01
123778,1216915,16.899587,-24.994808,0.,-45,0.051500000000000004,37.2,-0.07,24.1,59.6,-0.35000000000000003,0.01
123778,1217573,16.899593,-24.994803,0.,-45,0.051500000000000004,37.2,-0.07,24.1,59.7,-0.35000000000000003,0.01
123778,1217873,16.899587,-24.994817,0.,-45,0.051500000000000004,37.2,-0.07,24.1,59.7,-0.35000000000000003,0.01
123778,1218834,16.899602,-24.994828,0.,-45,0.051500000000000004,37.2,-0.07,24.1,59.800000000000004,-0.35000000000000003,0.01
123778,1218891,16.899613,-24.994827,0.,-45,0.051500000000000004,37.2,-0.07,24.1,59.800000000000004,-0.35000000000000003,0.01
123778,1219092,16.899598,-24.994825,0.,-45,0.051500000000000004,37.2,-0.07,24.1,59.800000000000004,-0.35000000000000003,0.01
123778,1219794,16.899585,-24.994813,0.,-45,0.051500000000000004,37.2,-0.07,24.1,59.900000000000006,-0.35000000000000003,0.01
123778,1220754,16.899585,-24.994828,0.,-45,0.051500000000000004,37.2,-0.07,24.1,59.900000000000006,-0.35000000000000003,0.01
123778,1221716,16.899585,-24.994822,0.,-45,0.051500000000000004,37.2,-0.07,24.1,60.,-0.35000000000000003,0.01
123778,1222794,16.899593,-24.994815,0.,-45,0.051500000000000004,37.2,-0.07,24.1,60.1,-0.35000000000000003,0.01
123778,1223775,16.899588,-24.994817,0.,-45,0.051500000000000004,37.2,-0.07,24.1,60.2,-0.35000000000000003,0.01
123778,1224734,16.899598,-24.994835,0.,-45,0.051500000000000004,37.2,-0.07,24.1,60.300000000000004,-0.35000000000000003,0.01
123778,1225693,16.899592,-24.994813,0.,-45,0.051500000000000004,37.2,-0.07,24.1,60.400000000000006,-0.35000000000000003,0.01
123778,1226655,16.89958,-24.994825,0.,-45,0.051500000000000004,37.2,-0.07,24.1,60.400000000000006,-0.35000000000000003,0.01
123778,1227615,16.89959,-24.994812,0.,-45,0.051500000000000004,37.2,-0.07,24.1,60.5,-0.35000000000000003,0.01
123778,1228575,16.899582,-24.99482,0.,-45,0.051500000000000004,37.2,-0.07,24.1,60.6,-0.35000000000000003,0.01
123778,1229534,16.89959,-24.994818,0.,-45,0.051500000000000004,37.2,-0.07,24.1,60.7,-0.35000000000000003,0.01
123778,1230493,16.899605,-24.994817,0.,-45,0.051500000000000004,37.2,-0.07,24.1,60.800000000000004,-0.35000000000000003,0.01
123778,1231456,16.899585,-24.994817,0.,-45,0.051500000000000004,37.2,-0.07,24.1,60.800000000000004,-0.35000000000000003,0.01
123778,1232414,16.899585,-24.994812,0.,-45,0.051500000000000004,37.2,-0.07,24.1,60.900000000000006,-0.35000000000000003,0.01
123778,1233394,16.899605,-24.994822,0.,-45,0.051500000000000004,37.2,-0.07,24.1,61.,-0.35000000000000003,0.01
123778,1234554,16.899605,-24.994812,0.,-45,0.051500000000000004,37.2,-0.07,24.1,61.1,-0.35000000000000003,0.01
123778,1235514,16.899585,-24.994823,0.,-45,0.051500000000000004,37.2,-0.07,24.1,61.2,-0.35000000000000003,0.01
123778,1236473,16.899607,-24.994828,0.,-45,0.051500000000000004,37.2,-0.07,24.1,61.300000000000004,-0.34,0.01
123778,1237434,16.899602,-24.99482,0.,-45,0.051500000000000004,37.2,-0.07,24.1,61.300000000000004,-0.34,0.01
123778,1238437,16.899605,-24.994823,0.,-45,0.051500000000000004,37.2,-0.07,24.1,61.400000000000006,-0.34,0.01
123778,1239395,16.899608,-24.994827,0.,-45,0.051500000000000004,37.2,-0.07,24.1,61.5,-0.34,0.01
123778,1240374,16.89961,-24.994812,0.,-45,0.051500000000000004,37.2,-0.07,24.1,61.6,-0.34,0.01
123778,1241394,16.899595,-24.99481,0.,-45,0.051500000000000004,37.2,-0.07,24.1,61.7,-0.34,0.01
123778,1242398,16.899597,-24.994807,0.,-45,0.051500000000000004,37.2,-0.07,24.1,61.800000000000004,-0.34,0.01
123778,1243418,16.899597,-24.994807,0.,-45,0.051500000000000004,37.2,-0.07,24.1,61.800000000000004,-0.34,0.01
123778,1244377,16.899603,-24.994808,0.,-45,0.051500000000000004,37.2,-0.07,24.1,61.900000000000006,-0.34,0.01
123778,1245355,16.899623,-24.994825,0.,-45,0.051500000000000004,37.2,-0.07,24.1,62.,-0.34,0.01
123778,1246336,16.899627,-24.99482,0.,-45,0.051500000000000004,37.2,-0.07,24.1,62.1,-0.34,0.01
123778,1247317,16.899628,-24.994818,0.,-45,0.051500000000000004,37.2,-0.07,24.1,62.2,-0.34,0.01
123778,1248020,16.89961,-24.99483,0.,-45,0.051500000000000004,37.2,-0.07,24.1,62.2,-0.34,0.01
123778,1248031,16.899612,-24.99483,0.,-45,0.051500000000000004,37.2,-0.07,24.1,62.2,-0.34,0.01
123778,1248032,16.899612,-24.99483,0.,-45,0.051500000000000004,37.2,-0.07,24.1,62.2,-0.34,0.01
123778,1248052,16.89961,-24.994827,0.,-45,0.051500000000000004,37.2,-0.07,24.1,62.2,-0.34,0.01
123778,1248079,16.89961,-24.994827,0.,-45,0.051500000000000004,37.2,-0.07,24.1,62.2,-0.34,0.01
123778,1248080,16.89961,-24.994827,0.,-45,0.051500000000000004,37.2,-0.07,24.1,62.2,-0.34,0.01
123778,1248111,16.899607,-24.994827,0.,-45,0.051500000000000004,37.2,-0.07,24.1,62.2,-0.34,0.01
123778,1248130,16.899605,-24.994825,0.,-45,0.051500000000000004,37.2,-0.07,24.1,62.2,-0.34,0.01
123778,1248139,16.899603,-24.994823,0.,-45,0.051500000000000004,37.2,-0.07,24.1,62.2,-0.34,0.01
123778,1248149,16.899603,-24.994822,0.,-45,0.051500000000000004,37.2,-0.07,24.1,62.2,-0.34,0.01
123778,1248150,16.899603,-24.994822,0.,-45,0.051500000000000004,37.2,-0.07,24.1,62.2,-0.34,0.01
123778,1248170,16.89961,-24.994817,0.,-45,0.051500000000000004,37.2,-0.07,24.,62.2,-0.34,0.01
123778,1248171,16.89961,-24.994817,0.,-45,0.051500000000000004,37.2,-0.07,24.,62.2,-0.34,0.01
123778,1248190,16.899612,-24.994817,0.,-45,0.051500000000000004,37.2,-0.07,24.,62.2,-0.34,0.01
123778,1248221,16.899608,-24.99482,0.,-45,0.051500000000000004,37.2,-0.07,24.,62.2,-0.34,0.01
123778,1248230,16.899608,-24.994818,0.,-45,0.051500000000000004,37.2,-0.07,24.,62.2,-0.34,0.01
123778,1248231,16.899608,-24.994818,0.,-45,0.051500000000000004,37.2,-0.07,24.,62.2,-0.34,0.01
123778,1248241,16.89961,-24.994817,0.,-45,0.051500000000000004,37.2,-0.07,24.,62.2,-0.34,0.01
123778,1248250,16.89961,-24.994817,0.,-45,0.051500000000000004,37.2,-0.07,24.,62.2,-0.34,0.01
123778,1248302,16.899608,-24.994822,0.,-45,0.051500000000000004,37.2,-0.07,24.,62.2,-0.34,0.01
123778,1248330,16.89961,-24.994827,0.,-45,0.051500000000000004,37.2,-0.07,24.,62.300000000000004,-0.34,0.01
123778,1248351,16.899608,-24.994825,0.,-45,0.051500000000000004,37.2,-0.07,24.,62.300000000000004,-0.34,0.01
123778,1248354,16.899608,-24.994825,0.,-45,0.051500000000000004,37.2,-0.07,24.,62.300000000000004,-0.34,0.01
123778,1248390,16.899598,-24.994823,0.,-45,0.051500000000000004,37.2,-0.07,24.,62.300000000000004,-0.34,0.01
123778,1248422,16.899595,-24.99482,0.,-45,0.051500000000000004,37.2,-0.07,24.,62.300000000000004,-0.34,0.01
123778,1249274,16.899603,-24.994823,0.,-45,0.051500000000000004,37.2,-0.07,24.,62.300000000000004,-0.34,0.01
123778,1251235,16.899617,-24.994825,0.,-45,0.051500000000000004,37.2,-0.07,24.,62.5,-0.34,0.01
123778,1252215,16.899617,-24.994818,0.,-45,0.051500000000000004,37.2,-0.07,24.,62.6,-0.34,0.01
123778,1253220,16.899627,-24.994825,0.,-45,0.051500000000000004,37.2,-0.07,24.,62.7,-0.34,0.01
123778,1253304,16.899625,-24.99482,0.,-45,0.051500000000000004,37.2,-0.07,24.,62.7,-0.34,0.01
123778,1254193,16.899627,-24.994842,0.,-45,0.051500000000000004,37.2,-0.07,24.,62.7,-0.34,0.01
123778,1255195,16.899615,-24.994842,0.,-45,0.051500000000000004,37.2,-0.07,24.,62.800000000000004,-0.34,0.01
123778,1256122,16.899607,-24.994803,0.,-45,0.051500000000000004,37.2,-0.07,24.,62.900000000000006,-0.34,0.01
123778,1256533,16.899617,-24.994823,0.,-45,0.051500000000000004,37.2,-0.07,24.,62.900000000000006,-0.34,0.01
123778,1256732,16.899613,-24.994833,0.,-45,0.051500000000000004,37.2,-0.07,24.,63.,-0.34,0.01
123778,1257074,16.899622,-24.994807,0.,-45,0.051500000000000004,37.2,-0.07,24.,63.,-0.34,0.01
123778,1257712,16.89961,-24.994805,0.,-45,0.051500000000000004,37.2,-0.07,24.,63.,-0.34,0.01
123778,1258063,16.89963,-24.994805,0.,-45,0.051500000000000004,37.2,-0.07,24.,63.1,-0.34,0.01
123778,1258134,16.899627,-24.994813,0.,-45,0.051500000000000004,37.2,-0.07,24.,63.1,-0.34,0.01
123778,1258794,16.899637,-24.994812,0.,-45,0.051500000000000004,37.2,-0.07,24.,63.1,-0.34,0.01
123778,1258962,16.89962,-24.994825,0.,-45,0.051500000000000004,37.2,-0.07,24.,63.1,-0.34,0.01
123778,1259094,16.899623,-24.994813,0.,-45,0.051500000000000004,37.2,-0.07,24.,63.1,-0.34,0.01
123778,1260077,16.899643,-24.994823,0.,-45,0.051500000000000004,37.2,-0.07,24.,63.2,-0.34,0.01
123778,1260154,16.89964,-24.994833,0.,-45,0.051500000000000004,37.2,-0.07,24.,63.2,-0.34,0.01
123778,1260323,16.899635,-24.994812,0.,-45,0.051500000000000004,37.2,-0.07,24.,63.300000000000004,-0.34,0.01
123778,1261095,16.89962,-24.99479,0.,-45,0.051500000000000004,37.2,-0.07,24.,63.300000000000004,-0.34,0.01
123778,1261353,16.899613,-24.994793,0.,-45,0.051500000000000004,37.2,-0.07,24.,63.300000000000004,-0.34,0.01
123778,1261512,16.899622,-24.994788,0.,-45,0.051500000000000004,37.2,-0.07,24.,63.400000000000006,-0.34,0.01
123778,1262074,16.899613,-24.994792,0.,-45,0.051500000000000004,37.2,-0.07,24.,63.400000000000006,-0.34,0.01
123778,1262643,16.899598,-24.994795,0.,-45,0.051500000000000004,37.2,-0.07,24.,63.400000000000006,-0.34,0.01
123778,1262683,16.899613,-24.994787,0.,-45,0.051500000000000004,37.2,-0.07,24.,63.400000000000006,-0.34,0.01
123778,1263053,16.899603,-24.994783,0.,-45,0.051500000000000004,37.2,-0.07,24.,63.5,-0.34,0.01
123778,1263133,16.899612,-24.994792,0.,-45,0.051500000000000004,37.2,-0.07,24.,63.5,-0.34,0.01
123778,1263873,16.899602,-24.99481,0.,-45,0.051500000000000004,37.2,-0.07,24.,63.5,-0.34,0.02
123778,1263995,16.899597,-24.994812,0.,-45,0.051500000000000004,37.2,-0.07,24.,63.6,-0.34,0.02
123778,1265023,16.899607,-24.994807,0.,-45,0.051500000000000004,37.2,-0.07,24.,63.6,-0.34,0.02
123778,1265163,16.899612,-24.994817,0.,-45,0.051500000000000004,37.2,-0.07,24.,63.7,-0.34,0.02
123778,1266036,16.899628,-24.994825,0.,-45,0.051500000000000004,37.2,-0.07,24.,63.7,-0.34,0.02
123778,1266373,16.89963,-24.994823,0.,-45,0.051500000000000004,37.2,-0.07,24.,63.800000000000004,-0.34,0.02
123778,1267014,16.89963,-24.994797,0.,-45,0.051500000000000004,37.2,-0.07,24.,63.800000000000004,-0.34,0.02
123778,1267772,16.899627,-24.994787,0.,-45,0.051500000000000004,37.2,-0.07,24.,63.900000000000006,-0.34,0.02
123778,1267994,16.899635,-24.994777,0.,-45,0.051500000000000004,37.2,-0.07,24.,63.900000000000006,-0.34,0.02
123778,1268954,16.899642,-24.994792,0.,-45,0.051500000000000004,37.2,-0.07,24.,64.,-0.34,0.02
123778,1268992,16.899637,-24.994793,0.,-45,0.051500000000000004,37.2,-0.07,24.,64.,-0.34,0.02
123778,1269955,16.899625,-24.994798,0.,-45,0.051500000000000004,37.2,-0.07,24.,64.10000000000001,-0.33,0.02
123778,1270934,16.899622,-24.99479,0.,-45,0.051500000000000004,37.2,-0.07,24.,64.10000000000001,-0.33,0.02
123778,1271895,16.89962,-24.994785,0.,-45,0.051500000000000004,37.2,-0.07,24.,64.2,-0.33,0.02
123778,1272854,16.899622,-24.994795,0.,-45,0.051500000000000004,37.2,-0.07,24.,64.3,-0.33,0.02
123778,1273813,16.8996,-24.994785,0.,-45,0.051500000000000004,37.2,-0.07,24.,64.4,-0.33,0.02
123778,1274773,16.899595,-24.994825,0.,-45,0.051500000000000004,37.2,-0.07,24.,64.5,-0.33,0.02
123778,1275735,16.89964,-24.994808,0.,-45,0.051500000000000004,37.2,-0.07,24.,64.5,-0.33,0.02
123778,1276714,16.899635,-24.99481,0.,-45,0.051500000000000004,37.2,-0.07,24.,64.60000000000001,-0.33,0.02
123778,1277674,16.899635,-24.9948,0.,-45,0.051500000000000004,37.2,-0.07,24.,64.7,-0.33,0.02
123778,1278635,16.899627,-24.994798,0.,-45,0.051500000000000004,37.2,-0.07,24.,64.8,-0.33,0.02
123778,1279594,16.899635,-24.994813,0.,-45,0.051500000000000004,37.2,-0.07,24.,64.9,-0.33,0.02
123778,1280554,16.899622,-24.994822,0.,-45,0.051500000000000004,37.2,-0.07,24.,64.9,-0.33,0.02
123778,1281613,16.899618,-24.994812,0.,-45,0.051500000000000004,37.2,-0.07,24.,65.,-0.33,0.02
123778,1282574,16.899608,-24.994815,0.,-45,0.051500000000000004,37.2,-0.07,24.,65.10000000000001,-0.33,0.02
123778,1283535,16.899603,-24.994825,0.,-45,0.051500000000000004,37.2,-0.07,24.,65.2,-0.33,0.02
123778,1284495,16.899602,-24.994825,0.,-45,0.051500000000000004,37.2,-0.07,24.,65.3,-0.33,0.02
123778,1285455,16.899613,-24.994815,0.,-45,0.051500000000000004,37.2,-0.07,24.,65.4,-0.33,0.02
123778,1286414,16.899605,-24.994828,0.,-45,0.051500000000000004,37.2,-0.07,24.,65.4,-0.33,0.02
123778,1287375,16.899602,-24.994798,0.,-45,0.051500000000000004,37.2,-0.07,24.,65.5,-0.33,0.02
123778,1288335,16.89961,-24.99481,0.,-45,0.051500000000000004,37.2,-0.07,24.,65.60000000000001,-0.33,0.02
123778,1289295,16.899595,-24.994783,0.,-45,0.051500000000000004,37.2,-0.07,24.,65.7,-0.33,0.02
123778,1290274,16.8996,-24.9948,0.,-45,0.051500000000000004,37.2,-0.07,24.,65.8,-0.33,0.02
123778,1291235,16.899592,-24.994812,0.,-45,0.051500000000000004,37.2,-0.07,24.,65.8,-0.33,0.02
123778,1291971,16.8996,-24.994805,0.,-45,0.051500000000000004,37.2,-0.07,24.,65.9,-0.33,0.02
123778,1291972,16.8996,-24.994805,0.,-45,0.051500000000000004,37.2,-0.07,24.,65.9,-0.33,0.02
123778,1291992,16.899597,-24.994802,0.,-45,0.051500000000000004,37.2,-0.07,24.,65.9,-0.33,0.02
123778,1292012,16.899595,-24.994803,0.,-45,0.051500000000000004,37.2,-0.07,24.,65.9,-0.33,0.02
123778,1292013,16.899595,-24.994803,0.,-45,0.051500000000000004,37.2,-0.07,24.,65.9,-0.33,0.02
123778,1292123,16.8996,-24.994803,0.,-45,0.051500000000000004,37.2,-0.07,24.,65.9,-0.33,0.02
123778,1292161,16.899598,-24.994807,0.,-45,0.051500000000000004,37.2,-0.07,24.,65.9,-0.33,0.02
123778,1292195,16.899597,-24.994807,0.,-45,0.051500000000000004,37.2,-0.07,24.,65.9,-0.33,0.02
123778,1292232,16.899595,-24.994805,0.,-45,0.051500000000000004,37.2,-0.07,24.,65.9,-0.33,0.02
123778,1292292,16.899593,-24.99481,0.,-45,0.051500000000000004,37.2,-0.07,24.,65.9,-0.33,0.02
123778,1292342,16.899593,-24.994808,0.,-45,0.051500000000000004,37.2,-0.07,24.,65.9,-0.33,0.02
123778,1293376,16.899593,-24.994827,0.,-45,0.051500000000000004,37.2,-0.07,24.,66.,-0.33,0.02
123778,1294335,16.899602,-24.994822,0.,-45,0.051500000000000004,37.2,-0.07,24.,66.10000000000001,-0.33,0.02
123778,1295295,16.899585,-24.994833,0.,-45,0.051500000000000004,37.2,-0.07,24.,66.2,-0.33,0.02
123778,1295494,16.899593,-24.994818,0.,-45,0.051500000000000004,37.2,-0.07,24.,66.2,-0.33,0.02
123778,1296183,16.899587,-24.99481,0.,-45,0.051500000000000004,37.2,-0.07,24.,66.2,-0.33,0.02
123778,1296254,16.899582,-24.994815,0.,-45,0.051500000000000004,37.2,-0.07,24.,66.3,-0.33,0.02
123778,1297213,16.899592,-24.99483,0.,-45,0.051500000000000004,37.2,-0.07,23.900000000000002,66.3,-0.33,0.02
123778,1297252,16.899597,-24.99483,0.,-45,0.051500000000000004,37.2,-0.07,23.900000000000002,66.3,-0.33,0.02
123778,1297484,16.899588,-24.994822,0.,-45,0.051500000000000004,37.2,-0.07,23.900000000000002,66.4,-0.33,0.02
123778,1298173,16.899582,-24.994817,0.,-45,0.051500000000000004,37.2,-0.07,23.900000000000002,66.4,-0.33,0.02
123778,1298352,16.8996,-24.994802,0.,-45,0.051500000000000004,37.2,-0.07,23.900000000000002,66.4,-0.33,0.02
123778,1298873,16.899613,-24.99482,0.,-45,0.051500000000000004,37.2,-0.07,23.900000000000002,66.5,-0.33,0.02
123778,1299134,16.899608,-24.994822,0.,-45,0.051500000000000004,37.2,-0.07,23.900000000000002,66.5,-0.33,0.02
123778,1299512,16.899612,-24.994822,0.,-45,0.051500000000000004,37.2,-0.07,23.900000000000002,66.5,-0.33,0.02
123778,1299683,16.89959,-24.994823,0.,-45,0.051500000000000004,37.2,-0.07,23.900000000000002,66.5,-0.33,0.02
123778,1300093,16.899587,-24.994823,0.,-45,0.051500000000000004,37.2,-0.07,23.900000000000002,66.60000000000001,-0.33,0.02
123778,1300694,16.899588,-24.99483,0.,-45,0.051500000000000004,37.2,-0.07,23.900000000000002,66.60000000000001,-0.33,0.02
123778,1300883,16.899593,-24.994827,0.,-45,0.051500000000000004,37.2,-0.07,23.900000000000002,66.60000000000001,-0.33,0.02
123778,1300983,16.899583,-24.994828,0.,-45,0.051500000000000004,37.2,-0.07,23.900000000000002,66.60000000000001,-0.33,0.02
123778,1301054,16.899588,-24.994827,0.,-45,0.051500000000000004,37.2,-0.07,23.900000000000002,66.7,-0.33,0.02
123778,1301253,16.89959,-24.994817,0.,-45,0.051500000000000004,37.2,-0.07,23.900000000000002,66.7,-0.33,0.02
123778,1302014,16.8996,-24.994818,0.,-45,0.051500000000000004,37.2,-0.07,23.900000000000002,66.7,-0.33,0.02
123778,1302203,16.899585,-24.994833,0.,-45,0.051500000000000004,37.2,-0.07,23.900000000000002,66.7,-0.33,0.02
123778,1302976,16.899585,-24.994812,0.,-45,0.051500000000000004,37.2,-0.07,23.900000000000002,66.8,-0.32,0.02
123778,1303243,16.899583,-24.994813,0.,-45,0.051500000000000004,37.2,-0.07,23.900000000000002,66.8,-0.32,0.02
123778,1303543,16.89959,-24.994817,0.,-45,0.051500000000000004,37.2,-0.07,23.900000000000002,66.9,-0.32,0.02
123778,1303933,16.899595,-24.99482,0.,-45,0.051500000000000004,37.2,-0.07,23.900000000000002,66.9,-0.32,0.02
123778,1304573,16.899588,-24.994838,0.,-45,0.051500000000000004,37.2,-0.07,23.900000000000002,66.9,-0.32,0.02
123778,1305136,16.899585,-24.994828,0.,-45,0.051500000000000004,37.2,-0.07,23.900000000000002,67.,-0.32,0.02
123778,1306093,16.899595,-24.994823,0.,-45,0.051500000000000004,37.2,-0.07,23.900000000000002,67.10000000000001,-0.32,0.02
123778,1307055,16.899583,-24.994833,0.,-45,0.051500000000000004,37.2,-0.07,23.900000000000002,67.2,-0.32,0.02
123778,1308014,16.899587,-24.994833,0.,-45,0.051500000000000004,37.2,-0.07,23.900000000000002,67.2,-0.32,0.02
123778,1308973,16.899595,-24.994828,0.,-45,0.051500000000000004,37.2,-0.07,23.900000000000002,67.3,-0.32,0.02
123778,1309935,16.899592,-24.994812,0.,-45,0.051500000000000004,37.2,-0.07,23.900000000000002,67.4,-0.32,0.02
123778,1310893,16.899603,-24.994833,0.,-45,0.051500000000000004,37.2,-0.07,23.900000000000002,67.5,-0.32,0.02
123778,1311853,16.899595,-24.994805,0.,-45,0.051500000000000004,37.2,-0.07,23.900000000000002,67.60000000000001,-0.32,0.02
123778,1312814,16.899582,-24.994833,0.,-45,0.051500000000000004,37.2,-0.07,23.900000000000002,67.60000000000001,-0.32,0.02
123778,1313794,16.89959,-24.994822,0.,-45,0.051500000000000004,37.2,-0.07,23.900000000000002,67.7,-0.32,0.02
123778,1314754,16.899592,-24.99483,0.,-45,0.051500000000000004,37.2,-0.07,23.900000000000002,67.8,-0.32,0.02
123778,1315715,16.899583,-24.994815,0.,-45,0.051500000000000004,37.2,-0.07,23.900000000000002,67.9,-0.32,0.02
123778,1316894,16.899597,-24.994828,0.,-45,0.051500000000000004,37.2,-0.07,23.900000000000002,68.,-0.32,0.02
123778,1317853,16.899585,-24.994822,0.,-45,0.051500000000000004,37.2,-0.07,23.900000000000002,68.10000000000001,-0.32,0.02
123778,1318815,16.899592,-24.99483,0.,-45,0.051500000000000004,37.2,-0.07,23.900000000000002,68.10000000000001,-0.32,0.02
123778,1319815,16.8996,-24.994825,0.,-45,0.051500000000000004,37.2,-0.07,23.900000000000002,68.2,-0.32,0.03
123778,1320773,16.89961,-24.994808,0.,-45,0.051500000000000004,37.2,-0.07,23.900000000000002,68.3,-0.32,0.03
123778,1321732,16.899608,-24.994832,0.,-45,0.051500000000000004,37.2,-0.07,23.900000000000002,68.4,-0.32,0.03
123778,1322753,16.899602,-24.99483,0.,-45,0.051500000000000004,37.2,-0.07,23.900000000000002,68.5,-0.32,0.03
123778,1323714,16.89961,-24.99482,0.,-45,0.051500000000000004,37.2,-0.07,23.900000000000002,68.5,-0.32,0.03
123778,1324694,16.899607,-24.99483,0.,-45,0.051500000000000004,37.2,-0.07,23.900000000000002,68.60000000000001,-0.32,0.03
123778,1325654,16.899613,-24.994822,0.,-45,0.051500000000000004,37.2,-0.07,23.900000000000002,68.7,-0.32,0.03
123778,1326635,16.899605,-24.99481,0.,-45,0.051500000000000004,37.2,-0.07,23.900000000000002,68.8,-0.32,0.03
123778,1327595,16.899602,-24.99481,0.,-45,0.051500000000000004,37.2,-0.07,23.900000000000002,68.9,-0.32,0.03
123778,1328656,16.8996,-24.994822,0.,-45,0.051500000000000004,37.2,-0.07,23.900000000000002,69.,-0.32,0.03
123778,1329635,16.8996,-24.994805,0.,-45,0.051500000000000004,37.2,-0.07,23.900000000000002,69.,-0.32,0.03
123778,1330595,16.899623,-24.994823,0.,-45,0.051500000000000004,37.2,-0.07,23.900000000000002,69.10000000000001,-0.32,0.03
123778,1330720,16.899623,-24.994825,0.,-45,0.051500000000000004,37.2,-0.07,23.900000000000002,69.10000000000001,-0.32,0.03
123778,1330721,16.899623,-24.994825,0.,-45,0.051500000000000004,37.2,-0.07,23.900000000000002,69.10000000000001,-0.32,0.03
123778,1330811,16.899623,-24.994823,0.,-45,0.051500000000000004,37.2,-0.07,23.900000000000002,69.10000000000001,-0.32,0.03
123778,1330812,16.899623,-24.994823,0.,-45,0.051500000000000004,37.2,-0.07,23.900000000000002,69.10000000000001,-0.32,0.03
123778,1330872,16.899623,-24.994822,0.,-45,0.051500000000000004,37.2,-0.07,23.900000000000002,69.10000000000001,-0.32,0.03
123778,1331574,16.899622,-24.994825,0.,-45,0.051500000000000004,37.2,-0.07,23.900000000000002,69.2,-0.32,0.03
123778,1332498,16.899632,-24.994822,0.,-45,0.051500000000000004,37.2,-0.07,23.900000000000002,69.3,-0.32,0.03
123778,1333474,16.89962,-24.994815,0.,-45,0.051500000000000004,37.2,-0.07,23.900000000000002,69.4,-0.32,0.03
123778,1334418,16.899608,-24.994812,0.,-45,0.051500000000000004,37.2,-0.07,23.900000000000002,69.4,-0.32,0.03
123778,1335394,16.899607,-24.994808,0.,-45,0.051500000000000004,37.2,-0.06,23.900000000000002,69.5,-0.32,0.03
123778,1336440,16.89962,-24.99481,0.,-45,0.051500000000000004,37.2,-0.06,23.900000000000002,69.60000000000001,-0.32,0.03
123778,1336536,16.899625,-24.994832,0.,-45,0.051500000000000004,37.2,-0.06,23.900000000000002,69.60000000000001,-0.31,0.03
123778,1336549,16.899623,-24.994828,0.,-45,0.051500000000000004,37.2,-0.06,23.900000000000002,69.60000000000001,-0.31,0.03
123778,1336550,16.899623,-24.994828,0.,-45,0.051500000000000004,37.2,-0.06,23.900000000000002,69.60000000000001,-0.31,0.03
123778,1336569,16.89962,-24.994827,0.,-45,0.051500000000000004,37.2,-0.06,23.900000000000002,69.60000000000001,-0.31,0.03
123778,1336570,16.89962,-24.994827,0.,-45,0.051500000000000004,37.2,-0.06,23.900000000000002,69.60000000000001,-0.31,0.03
123778,1336609,16.899623,-24.994818,0.,-45,0.051500000000000004,37.2,-0.06,23.900000000000002,69.60000000000001,-0.31,0.03
123778,1336610,16.899623,-24.994818,0.,-45,0.051500000000000004,37.2,-0.06,23.900000000000002,69.60000000000001,-0.31,0.03
123778,1336629,16.899625,-24.994813,0.,-45,0.051500000000000004,37.2,-0.06,23.900000000000002,69.60000000000001,-0.31,0.03
123778,1336630,16.899625,-24.994813,0.,-45,0.051500000000000004,37.2,-0.06,23.900000000000002,69.60000000000001,-0.31,0.03
123778,1336690,16.89962,-24.994807,0.,-45,0.051500000000000004,37.2,-0.06,23.900000000000002,69.60000000000001,-0.31,0.03
123778,1336760,16.899625,-24.994807,0.,-45,0.051500000000000004,37.2,-0.06,23.900000000000002,69.60000000000001,-0.31,0.03
123778,1336771,16.899625,-24.994807,0.,-45,0.051500000000000004,37.2,-0.06,23.900000000000002,69.60000000000001,-0.31,0.03
123778,1336791,16.899625,-24.994805,0.,-45,0.051500000000000004,37.2,-0.06,23.900000000000002,69.60000000000001,-0.31,0.03
123778,1336792,16.899625,-24.994805,0.,-45,0.051500000000000004,37.2,-0.06,23.900000000000002,69.60000000000001,-0.31,0.03
123778,1336929,16.89962,-24.994812,0.,-45,0.051500000000000004,37.2,-0.06,23.900000000000002,69.7,-0.31,0.03
123778,1336941,16.899622,-24.994812,0.,-45,0.051500000000000004,37.2,-0.06,23.900000000000002,69.7,-0.31,0.03
123778,1336972,16.89962,-24.994807,0.,-45,0.051500000000000004,37.2,-0.06,23.900000000000002,69.7,-0.31,0.03
123778,1340554,16.899647,-24.994843,0.,-45,0.051500000000000004,37.2,-0.06,23.900000000000002,70.,-0.31,0.03
123778,1341123,16.899633,-24.994838,0.,-45,0.051500000000000004,37.2,-0.06,23.900000000000002,70.,-0.31,0.03
123778,1341654,16.899627,-24.994828,0.,-45,0.051500000000000004,37.2,-0.06,23.900000000000002,70.,-0.31,0.03
123778,1342133,16.899633,-24.994817,0.,-45,0.051500000000000004,37.2,-0.06,23.900000000000002,70.10000000000001,-0.31,0.03
123778,1342203,16.89961,-24.994792,0.,-45,0.051500000000000004,37.2,-0.06,23.900000000000002,70.10000000000001,-0.31,0.03
123778,1342424,16.899597,-24.99481,0.,-45,0.051500000000000004,37.2,-0.06,23.900000000000002,70.10000000000001,-0.31,0.03
123778,1342674,16.899613,-24.99481,0.,-45,0.051500000000000004,37.2,-0.06,23.900000000000002,70.10000000000001,-0.31,0.03
123778,1343193,16.899625,-24.994807,0.,-45,0.051500000000000004,37.2,-0.06,23.900000000000002,70.2,-0.31,0.03
123778,1343523,16.899607,-24.994802,0.,-45,0.051500000000000004,37.2,-0.06,23.900000000000002,70.2,-0.31,0.03
123778,1343896,16.899612,-24.99479,0.,-45,0.051500000000000004,37.2,-0.06,23.900000000000002,70.2,-0.31,0.03
123778,1344403,16.89962,-24.994795,0.,-45,0.051500000000000004,37.2,-0.06,23.900000000000002,70.3,-0.31,0.03
123778,1344773,16.899622,-24.994793,0.,-45,0.051500000000000004,37.2,-0.06,23.900000000000002,70.3,-0.31,0.03
123778,1344876,16.899617,-24.994798,0.,-45,0.051500000000000004,37.2,-0.06,23.900000000000002,70.3,-0.31,0.03
123778,1345712,16.899625,-24.994803,0.,-45,0.051500000000000004,37.2,-0.06,23.8,70.4,-0.31,0.03
123778,1345992,16.899628,-24.994818,0.,-45,0.051500000000000004,37.2,-0.06,23.8,70.4,-0.31,0.03
123778,1346944,16.899618,-24.994792,0.,-45,0.051500000000000004,37.2,-0.06,23.8,70.5,-0.31,0.03
123778,1346993,16.899615,-24.99479,0.,-45,0.051500000000000004,37.2,-0.06,23.8,70.5,-0.31,0.03
123778,1347363,16.899612,-24.994785,0.,-45,0.051500000000000004,37.2,-0.06,23.8,70.5,-0.31,0.03
123778,1348713,16.899603,-24.994795,0.,-45,0.051500000000000004,37.2,-0.06,23.8,70.60000000000001,-0.31,0.03
123778,1349454,16.899617,-24.994783,0.,-45,0.051500000000000004,37.2,-0.06,23.8,70.7,-0.31,0.03
123778,1349734,16.899612,-24.994793,0.,-45,0.051500000000000004,37.2,-0.06,23.8,70.7,-0.31,0.03
123778,1350723,16.899605,-24.994808,0.,-45,0.051500000000000004,37.2,-0.06,23.8,70.8,-0.31,0.03
123778,1350884,16.89961,-24.994805,0.,-45,0.051500000000000004,37.2,-0.06,23.8,70.8,-0.31,0.03
123778,1351914,16.899618,-24.994803,0.,-45,0.051500000000000004,37.2,-0.06,23.8,70.9,-0.31,0.03
123778,1353343,16.89962,-24.994775,0.,-45,0.051500000000000004,37.2,-0.06,23.8,71.,-0.31,0.03
123778,1365985,16.899627,-24.994817,0.,-45,0.051500000000000004,37.1,-0.06,23.8,72.10000000000001,-0.31,0.03
123778,1374531,16.899603,-24.994783,0.,-45,0.051500000000000004,37.1,-0.06,23.8,72.8,-0.3,0.03
123778,1374581,16.899602,-24.994788,0.,-45,0.051500000000000004,37.1,-0.06,23.8,72.8,-0.3,0.03
123778,1374610,16.899597,-24.994785,0.,-45,0.051500000000000004,37.1,-0.06,23.8,72.8,-0.3,0.03
123778,1374730,16.899593,-24.994798,0.,-45,0.051500000000000004,37.1,-0.06,23.8,72.8,-0.3,0.03
123778,1374731,16.899593,-24.994798,0.,-45,0.051500000000000004,37.1,-0.06,23.8,72.8,-0.3,0.03
123778,1379353,16.899592,-24.994827,0.,-45,0.051500000000000004,37.1,-0.06,23.8,73.2,-0.3,0.04
123778,1380200,16.899592,-24.994835,0.,-45,0.051500000000000004,37.1,-0.06,23.8,73.3,-0.3,0.04
123778,1380201,16.899592,-24.994835,0.,-45,0.051500000000000004,37.1,-0.06,23.8,73.3,-0.3,0.04
123778,1380512,16.899605,-24.99481,0.,-45,0.051500000000000004,37.1,-0.06,23.8,73.3,-0.3,0.04
123778,1380562,16.899602,-24.99482,0.,-45,0.051500000000000004,37.1,-0.06,23.8,73.3,-0.3,0.04
123778,1380571,16.899602,-24.99482,0.,-45,0.051500000000000004,37.1,-0.06,23.8,73.3,-0.3,0.04
123778,1380602,16.899597,-24.994813,0.,-45,0.051500000000000004,37.1,-0.06,23.8,73.3,-0.3,0.04
123778,1380631,16.899598,-24.99481,0.,-45,0.051500000000000004,37.1,-0.06,23.8,73.3,-0.3,0.04
123778,1380682,16.899605,-24.994812,0.,-45,0.051500000000000004,37.1,-0.06,23.8,73.3,-0.3,0.04
123778,1381623,16.899602,-24.994815,0.,-45,0.051500000000000004,37.1,-0.06,23.8,73.4,-0.3,0.04
123778,1382394,16.899585,-24.994813,0.,-45,0.051500000000000004,37.1,-0.06,23.8,73.4,-0.3,0.04
123778,1382702,16.899582,-24.994832,0.,-45,0.051500000000000004,37.1,-0.06,23.8,73.5,-0.3,0.04
123778,1382762,16.89959,-24.994823,0.,-45,0.051500000000000004,37.1,-0.06,23.8,73.5,-0.3,0.04
123778,1383192,16.899573,-24.994823,0.,-45,0.051500000000000004,37.1,-0.06,23.8,73.5,-0.3,0.04
123778,1383901,16.899583,-24.994813,0.,-45,0.051500000000000004,37.1,-0.06,23.8,73.60000000000001,-0.3,0.04
123778,1384002,16.899598,-24.994818,0.,-45,0.051500000000000004,37.1,-0.06,23.8,73.60000000000001,-0.3,0.04
123778,1384324,16.899587,-24.994813,0.,-45,0.051500000000000004,37.1,-0.06,23.8,73.60000000000001,-0.3,0.04
123778,1384991,16.899592,-24.994822,0.,-45,0.051500000000000004,37.1,-0.06,23.8,73.7,-0.3,0.04
123778,1385223,16.899602,-24.994823,0.,-45,0.051500000000000004,37.1,-0.06,23.8,73.7,-0.3,0.04
123778,1385474,16.899593,-24.994817,0.,-45,0.051500000000000004,37.1,-0.06,23.8,73.7,-0.3,0.04
123778,1386382,16.899602,-24.994805,0.,-45,0.051500000000000004,37.1,-0.06,23.8,73.8,-0.3,0.04
123778,1386654,16.899592,-24.994822,0.,-45,0.051500000000000004,37.1,-0.06,23.8,73.8,-0.3,0.04
123778,1387492,16.899597,-24.994822,0.,-45,0.051500000000000004,37.1,-0.06,23.8,73.9,-0.3,0.04
123778,1388032,16.899592,-24.994837,0.,-45,0.051500000000000004,37.1,-0.06,23.8,73.9,-0.3,0.04
123778,1388904,16.89959,-24.99481,0.,-45,0.051500000000000004,37.1,-0.06,23.8,74.,-0.3,0.04
123778,1389123,16.899578,-24.994822,0.,-45,0.051500000000000004,37.1,-0.06,23.8,74.,-0.3,0.04
123778,1390124,16.899598,-24.994812,0.,-45,0.051500000000000004,37.1,-0.06,23.8,74.10000000000001,-0.3,0.04
123778,1390364,16.899597,-24.994817,0.,-45,0.051500000000000004,37.1,-0.06,23.8,74.10000000000001,-0.3,0.04
123778,1394885,16.899585,-24.994818,0.,-45,0.051500000000000004,37.1,-0.06,23.700000000000003,74.5,-0.3,0.04
123778,1400684,16.899583,-24.994825,0.,-45,0.051500000000000004,37.1,-0.06,23.700000000000003,75.,-0.3,0.04
123778,1403171,16.899587,-24.994823,0.,-45,0.051500000000000004,37.1,-0.06,23.700000000000003,75.2,-0.3,0.04
123778,1412965,16.899595,-24.994815,0.,-45,0.051500000000000004,37.1,-0.06,23.700000000000003,76.,-0.29,0.04
123778,1419290,16.899623,-24.994822,0.,-45,0.051500000000000004,37.1,-0.06,23.700000000000003,76.5,-0.29,0.04
123778,1419291,16.899623,-24.994822,0.,-45,0.051500000000000004,37.1,-0.06,23.700000000000003,76.5,-0.29,0.04
123778,1425233,16.899617,-24.994797,0.,-45,0.051500000000000004,37.1,-0.06,23.700000000000003,77.,-0.29,0.04
123778,1427751,16.899615,-24.994827,0.,-45,0.051500000000000004,37.1,-0.06,23.700000000000003,77.2,-0.29,0.04
123778,1430995,16.899612,-24.99481,0.,-45,0.051500000000000004,37.1,-0.06,23.700000000000003,77.5,-0.29,0.04
123778,1435132,16.899618,-24.994792,0.,-45,0.051500000000000004,37.1,-0.06,23.700000000000003,77.9,-0.29,0.05
123778,1470600,16.899593,-24.994812,0.,-45,0.051500000000000004,37.1,-0.06,23.6,80.80000000000001,-0.28,0.05
123778,1473292,16.899585,-24.99483,0.,-45,0.051500000000000004,37.1,-0.06,23.6,81.,-0.27,0.05
123778,1473294,16.899585,-24.99483,0.,-45,0.051500000000000004,37.1,-0.06,23.6,81.,-0.27,0.05
123778,1510399,16.89961,-24.994815,0.,-45,0.051500000000000004,37.1,-0.05,23.5,84.10000000000001,-0.26,0.06
123778,1510401,16.89961,-24.994815,0.,-45,0.051500000000000004,37.1,-0.05,23.5,84.10000000000001,-0.26,0.06
123778,1517108,16.898128,-24.997927,3.7,-43,0.0514,37.,-0.05,23.5,84.7,-0.26,0.06
123778,1518163,16.889915,-25.00637,7.7,8,0.0528,37.,-0.05,23.5,84.10000000000001,-0.27,0.06
123778,1518403,16.886685,-25.001637,3.2,5,0.0529,37.,-0.05,23.5,83.7,-0.26,0.06
123778,1520035,16.888538,-24.998522,0.,-46,0.051500000000000004,37.,-0.05,23.5,84.,-0.26,0.06
123778,1522195,16.888555,-24.998525,0.,-46,0.051500000000000004,37.,-0.05,23.5,84.2,-0.26,0.06
123778,1551357,16.88853,-24.99854,0.,-46,0.051500000000000004,37.,-0.05,23.400000000000002,86.5,-0.25,0.06
123778,1551898,16.88853,-24.998533,0.,-46,0.051500000000000004,37.,-0.05,23.400000000000002,86.60000000000001,-0.25,0.07
123778,1553878,16.888528,-24.998527,0.,-46,0.051500000000000004,37.,-0.05,23.400000000000002,86.7,-0.25,0.07
123778,1555499,16.88852,-24.998547,0.,-46,0.051500000000000004,37.,-0.05,23.400000000000002,86.9,-0.25,0.07
123778,1556394,16.888547,-24.998542,0.,-46,0.051500000000000004,37.,-0.05,23.400000000000002,87.,-0.25,0.07
123778,1556581,16.88853,-24.998532,0.,-46,0.051500000000000004,37.,-0.05,23.400000000000002,87.,-0.25,0.07
123778,1601404,16.888545,-24.99855,0.,-46,0.051500000000000004,37.,-0.05,23.3,90.60000000000001,-0.24,0.07
123778,1602481,16.888542,-24.998537,0.,-46,0.051500000000000004,37.,-0.05,23.3,90.7,-0.24,0.07
123778,1602662,16.888553,-24.998542,0.,-46,0.051500000000000004,37.,-0.05,23.3,90.7,-0.24,0.07
123778,1603024,16.88854,-24.998543,0.,-46,0.051500000000000004,37.,-0.05,23.3,90.7,-0.24,0.07
123778,1603396,16.888552,-24.998537,0.,-46,0.051500000000000004,37.,-0.05,23.3,90.80000000000001,-0.24,0.07
123778,1603747,16.88854,-24.998542,0.,-46,0.051500000000000004,37.,-0.05,23.3,90.80000000000001,-0.24,0.07
123778,1603924,16.888542,-24.998548,0.,-46,0.051500000000000004,37.,-0.05,23.3,90.80000000000001,-0.24,0.07
123778,1638122,16.888533,-24.998532,0.,-46,0.051500000000000004,37.,-0.04,23.200000000000003,93.60000000000001,-0.23,0.08
123778,1639382,16.888528,-24.998538,0.,-46,0.051500000000000004,37.,-0.04,23.200000000000003,93.7,-0.23,0.08
123778,1639921,16.888527,-24.998543,0.,-46,0.051500000000000004,37.,-0.04,23.200000000000003,93.7,-0.23,0.08
123778,1640822,16.888528,-24.998547,0.,-46,0.051500000000000004,37.,-0.04,23.200000000000003,93.80000000000001,-0.23,0.08
123778,1641904,16.88855,-24.998542,0.,-46,0.051500000000000004,37.,-0.04,23.200000000000003,93.9,-0.23,0.08
123778,1644604,16.88854,-24.998538,0.,-46,0.051500000000000004,37.,-0.04,23.200000000000003,94.10000000000001,-0.23,0.08
123778,1645504,16.888532,-24.998538,0.,-46,0.051500000000000004,37.,-0.04,23.200000000000003,94.2,-0.23,0.08
123778,1683309,16.888553,-24.998547,0.,-46,0.051500000000000004,36.9,-0.04,23.1,97.2,-0.22,0.09
123778,1684389,16.888565,-24.998537,0.,-46,0.051500000000000004,36.9,-0.04,23.1,97.30000000000001,-0.21,0.09
123778,1684567,16.888568,-24.998547,0.,-46,0.051500000000000004,36.9,-0.04,23.1,97.30000000000001,-0.21,0.09
123778,1686728,16.888557,-24.998558,0.,-46,0.051500000000000004,36.9,-0.04,23.1,97.5,-0.21,0.09
123778,1686904,16.888555,-24.99853,0.,-46,0.051500000000000004,36.9,-0.04,23.1,97.5,-0.21,0.09
123778,1702209,16.888548,-24.998522,0.,-46,0.051500000000000004,36.9,-0.04,23.1,98.7,-0.21,0.09
123778,1704026,16.88854,-24.998537,0.,-46,0.051500000000000004,36.9,-0.04,23.1,98.9,-0.21,0.09
123778,1705452,16.888537,-24.998543,0.,-46,0.051500000000000004,36.9,-0.04,23.1,99.,-0.21,0.09
123778,1706376,16.893553,-25.008783,7.4,12,0.0528,36.9,-0.04,23.1,100.30000000000001,-0.21,0.09
123778,1707336,16.903982,-25.0424,9.1,-8,0.054,36.9,-0.03,23.1,104.30000000000001,-0.22,0.08
123778,1708394,16.881305,-25.082907,9.7,-46,0.0531,36.9,-0.03,23.,100.9,-0.25,0.07
123778,1709296,16.8579,-25.117782,9.7,-8,0.0541,36.9,-0.03,23.,104.,-0.26,0.05
123778,1710215,16.834323,-25.148278,8.3,-29,0.0539,36.9,-0.03,23.,110.2,-0.27,0.04
123778,1711155,16.812033,-25.174878,7.8,-363,0.054200000000000005,37.,-0.03,23.1,116.9,-0.27,0.02
123778,1712103,16.789798,-25.201698,8.1,-266,0.054200000000000005,37.,-0.02,23.3,121.2,-0.26,0.
123778,1713059,16.765478,-25.231773,8.4,-154,0.054200000000000005,37.1,-0.02,23.700000000000003,117.9,-0.22,-0.01
123778,1713977,16.743163,-25.261695,8.5,-686,0.0546,37.2,-0.02,24.,115.2,-0.2,-0.03
123778,1714916,16.72052,-25.29185,8.5,-570,0.0543,37.300000000000004,-0.02,24.400000000000002,111.80000000000001,-0.17,-0.04
123778,1715875,16.696823,-25.321803,8.2,-479,0.054200000000000005,37.300000000000004,-0.02,24.400000000000002,106.9,-0.17,-0.05
123778,1716814,16.67377,-25.350912,8.3,-693,0.0545,37.300000000000004,-0.02,24.5,103.7,-0.17,-0.06
123778,1717716,16.651128,-25.37844,8.4,-804,0.0558,37.300000000000004,-0.01,24.5,103.10000000000001,-0.17,-0.06
123778,1718676,16.62678,-25.408982,8.6,-749,0.0557,37.300000000000004,-0.01,24.400000000000002,107.60000000000001,-0.17,-0.07
123778,1719623,16.602773,-25.439553,8.8,-869,0.0553,37.2,-0.01,24.400000000000002,114.80000000000001,-0.16,-0.08
123778,1720304,16.585088,-25.461468,8.5,-814,0.0543,37.2,-0.02,24.400000000000002,118.30000000000001,-0.16,-0.08
123778,1720556,16.578397,-25.469608,9.,-961,0.0531,37.2,-0.02,24.400000000000002,119.5,-0.16,-0.08
123778,1721114,16.5637,-25.487615,8.3,-940,0.0534,37.2,-0.02,24.400000000000002,121.80000000000001,-0.15,-0.09
123778,1721475,16.55472,-25.498437,8.4,-927,0.0536,37.2,-0.02,24.400000000000002,122.80000000000001,-0.15,-0.09
123778,1722061,16.53981,-25.516282,8.3,-994,0.0541,37.2,-0.02,24.400000000000002,124.10000000000001,-0.14,-0.1
123778,1722193,16.536515,-25.520105,8.2,-992,0.054,37.2,-0.02,24.400000000000002,124.4,-0.14,-0.1
123778,1722313,16.533457,-25.523545,7.9,-990,0.0538,37.2,-0.02,24.400000000000002,124.60000000000001,-0.14,-0.1
123778,1722417,16.53112,-25.526278,7.7,-988,0.0536,37.2,-0.02,24.400000000000002,124.80000000000001,-0.13,-0.1
123778,1722494,16.529148,-25.528535,8.,-987,0.053500000000000006,37.2,-0.02,24.400000000000002,124.9,-0.13,-0.1
123778,1722502,16.528925,-25.52879,8.,-987,0.053500000000000006,37.2,-0.02,24.400000000000002,124.9,-0.13,-0.1
123778,1722522,16.528412,-25.529333,7.9,-986,0.053500000000000006,37.2,-0.02,24.400000000000002,125.,-0.13,-0.1
123778,1722523,16.528412,-25.529333,7.9,-986,0.053500000000000006,37.2,-0.02,24.400000000000002,125.,-0.13,-0.1
123778,1722562,16.527418,-25.53046,8.,-986,0.0534,37.2,-0.02,24.400000000000002,125.,-0.13,-0.1
123778,1722682,16.524372,-25.533835,7.8,-983,0.0533,37.2,-0.02,24.400000000000002,125.30000000000001,-0.13,-0.1
123778,1722924,16.518423,-25.540362,7.7,-978,0.053000000000000005,37.2,-0.02,24.400000000000002,125.80000000000001,-0.13,-0.11
123778,1723334,16.508363,-25.55143,7.8,-968,0.054400000000000004,37.2,-0.02,24.400000000000002,126.7,-0.12,-0.11
123778,1723502,16.504348,-25.555917,7.3,-964,0.054200000000000005,37.2,-0.02,24.400000000000002,127.10000000000001,-0.12,-0.11
123778,1723922,16.494558,-25.566977,7.7,-1010,0.054400000000000004,37.2,-0.02,24.400000000000002,128.1,-0.11,-0.12
123778,1724112,16.490013,-25.571885,7.4,-1007,0.0545,37.2,-0.02,24.400000000000002,128.6,-0.11,-0.12
123778,1724279,16.486143,-25.576005,7.5,-1005,0.0546,37.2,-0.02,24.400000000000002,129.1,-0.11,-0.12
123778,1725014,16.468283,-25.59577,7.7,-1046,0.0546,37.2,-0.02,24.400000000000002,131.6,-0.1,-0.13
123778,1725074,16.466813,-25.597445,7.9,-1045,0.0545,37.2,-0.02,24.400000000000002,131.8,-0.1,-0.13
123778,1725236,16.462875,-25.601842,7.8,-1043,0.054400000000000004,37.2,-0.02,24.400000000000002,132.5,-0.1,-0.13
123778,1725433,16.457945,-25.607217,7.8,-1041,0.0555,37.2,-0.02,24.400000000000002,133.20000000000002,-0.1,-0.13
123778,1726054,16.442967,-25.623362,7.1,-1032,0.0555,37.2,-0.02,24.400000000000002,135.20000000000002,-0.09,-0.13
123778,1726180,16.440118,-25.62634,7.4,-1030,0.0553,37.2,-0.02,24.400000000000002,135.6,-0.09,-0.13
123778,1726453,16.433443,-25.633802,7.5,-1025,0.0553,37.2,-0.02,24.400000000000002,136.5,-0.09,-0.13
123778,1726723,16.427077,-25.640838,7.6,-1019,0.055400000000000005,37.2,-0.02,24.400000000000002,137.3,-0.09,-0.13
123778,1727136,16.417648,-25.65186,7.7,-1010,0.055600000000000004,37.2,-0.02,24.400000000000002,138.3,-0.09,-0.14
123778,1727434,16.410822,-25.660238,7.6,-1053,0.0555,37.2,-0.02,24.400000000000002,139.1,-0.09,-0.14
123778,1727613,16.406895,-25.665128,7.3,-1052,0.0555,37.2,-0.02,24.400000000000002,139.5,-0.09,-0.14
123778,1727912,16.400182,-25.673037,7.5,-1074,0.055400000000000005,37.2,-0.02,24.400000000000002,140.1,-0.08,-0.14
123778,1727913,16.400182,-25.673037,7.5,-1074,0.055400000000000005,37.2,-0.02,24.400000000000002,140.1,-0.08,-0.14
123778,1727984,16.398375,-25.675172,7.3,-1073,0.055400000000000005,37.2,-0.02,24.400000000000002,140.1,-0.08,-0.14
123778,1728024,16.397455,-25.67624,7.4,-1073,0.055400000000000005,37.2,-0.02,24.400000000000002,140.1,-0.08,-0.14
123778,1728034,16.397222,-25.676505,7.4,-1073,0.055400000000000005,37.2,-0.02,24.400000000000002,140.1,-0.08,-0.14
123778,1728042,16.397222,-25.676505,7.4,-1073,0.055400000000000005,37.2,-0.02,24.400000000000002,140.1,-0.08,-0.14
123778,1728052,16.396977,-25.676758,7.4,-1073,0.055400000000000005,37.2,-0.02,24.400000000000002,140.1,-0.08,-0.14
123778,1728063,16.396977,-25.676758,7.4,-1073,0.055400000000000005,37.2,-0.02,24.400000000000002,140.1,-0.08,-0.14
123778,1728113,16.395415,-25.678598,7.3,-1072,0.055400000000000005,37.2,-0.02,24.400000000000002,140.1,-0.08,-0.14
123778,1728121,16.395415,-25.678598,7.3,-1072,0.055400000000000005,37.2,-0.02,24.400000000000002,140.1,-0.08,-0.14
123778,1728154,16.394453,-25.67962,7.3,-1072,0.055400000000000005,37.2,-0.02,24.400000000000002,140.1,-0.08,-0.14
123778,1728162,16.394453,-25.67962,7.3,-1072,0.055400000000000005,37.2,-0.02,24.400000000000002,140.1,-0.08,-0.14
123778,1728181,16.394013,-25.680117,7.2,-1072,0.055400000000000005,37.2,-0.02,24.400000000000002,140.1,-0.08,-0.14
123778,1728233,16.392708,-25.681675,7.3,-1072,0.055400000000000005,37.2,-0.02,24.400000000000002,140.,-0.08,-0.14
123778,1728241,16.392708,-25.681675,7.3,-1072,0.055400000000000005,37.2,-0.02,24.400000000000002,140.,-0.08,-0.14
123778,1728244,16.39244,-25.681967,7.4,-1072,0.055400000000000005,37.2,-0.02,24.400000000000002,140.,-0.08,-0.14
123778,1728252,16.39244,-25.681967,7.4,-1072,0.055400000000000005,37.2,-0.02,24.400000000000002,140.,-0.08,-0.14
123778,1728263,16.392003,-25.682453,7.3,-1071,0.055400000000000005,37.2,-0.02,24.400000000000002,139.9,-0.08,-0.14
123778,1728271,16.392003,-25.682453,7.3,-1071,0.055400000000000005,37.2,-0.02,24.400000000000002,139.9,-0.08,-0.14
123778,1728304,16.391052,-25.683518,7.3,-1071,0.055400000000000005,37.2,-0.02,24.400000000000002,139.9,-0.08,-0.14
123778,1728312,16.391052,-25.683518,7.3,-1071,0.055400000000000005,37.2,-0.02,24.400000000000002,139.9,-0.08,-0.14
123778,1728603,16.384358,-25.69115,7.5,-1069,0.0555,37.2,-0.02,24.400000000000002,139.5,-0.08,-0.14
123778,1728774,16.380467,-25.695865,7.4,-1068,0.055600000000000004,37.2,-0.02,24.400000000000002,139.4,-0.08,-0.14
123778,1728833,16.379137,-25.697553,7.6,-1068,0.055600000000000004,37.2,-0.02,24.400000000000002,139.4,-0.08,-0.14
123778,1729755,16.357992,-25.72387,7.8,-1061,0.055400000000000005,37.2,-0.02,24.400000000000002,139.9,-0.08,-0.15
123778,1730023,16.35177,-25.731478,7.6,-1059,0.055400000000000005,37.2,-0.02,24.400000000000002,140.5,-0.08,-0.15
123778,1730233,16.346973,-25.737243,7.5,-1057,0.055400000000000005,37.2,-0.02,24.400000000000002,141.,-0.08,-0.15
123778,1730708,16.33655,-25.74991,7.4,-1053,0.055600000000000004,37.2,-0.02,24.400000000000002,142.6,-0.08,-0.15
123778,1733195,16.284318,-25.820665,7.1,-1084,0.0538,37.2,-0.02,24.400000000000002,153.9,-0.09,-0.16
123778,1734464,16.25677,-25.855225,7.3,-1092,0.0538,37.2,-0.02,24.5,156.60000000000002,-0.09,-0.17
123778,1761118,15.65138,-26.661177,7.6,-1153,0.0592,37.1,-0.06,24.200000000000003,135.70000000000002,-0.11,-0.12
123778,1761122,15.651292,-26.66129,7.6,-1153,0.0592,37.1,-0.06,24.200000000000003,135.8,-0.11,-0.12
123778,1766821,15.504047,-26.837895,8.7,-1188,0.0582,37.1,-0.05,24.700000000000003,120.5,-0.04,-0.1
123778,1766840,15.50359,-26.838523,8.6,-1188,0.058300000000000005,37.1,-0.05,24.700000000000003,120.5,-0.04,-0.1
123778,1767031,15.498977,-26.844908,8.6,-1194,0.0524,37.1,-0.05,24.700000000000003,119.7,-0.04,-0.11
123778,1767051,15.498477,-26.845607,8.6,-1194,0.052500000000000005,37.1,-0.05,24.700000000000003,119.60000000000001,-0.04,-0.11
123778,1767100,15.497272,-26.847225,8.7,-1193,0.0526,37.1,-0.05,24.700000000000003,119.4,-0.04,-0.11
123778,1767131,15.496547,-26.848227,8.7,-1193,0.052700000000000004,37.1,-0.05,24.700000000000003,119.30000000000001,-0.04,-0.11
123778,1767235,15.494028,-26.851737,8.5,-1193,0.053000000000000005,37.1,-0.05,24.700000000000003,118.9,-0.04,-0.11
123778,1767295,15.492618,-26.853697,8.7,-1193,0.053200000000000004,37.1,-0.05,24.700000000000003,118.60000000000001,-0.04,-0.11
123778,1767413,15.489828,-26.857755,8.9,-1193,0.0536,37.1,-0.05,24.700000000000003,118.10000000000001,-0.04,-0.11
123778,1768623,15.460953,-26.898888,8.8,-1192,0.052700000000000004,37.1,-0.05,24.8,112.4,-0.03,-0.12
123778,1768863,15.455277,-26.907198,8.9,-1192,0.0524,37.1,-0.04,24.8,111.4,-0.03,-0.12
123778,1769982,15.42843,-26.946768,9.4,-1196,0.0523,37.1,-0.04,24.8,110.4,-0.03,-0.12
123778,1771134,15.399768,-26.98836,9.3,-1199,0.0546,37.1,-0.04,24.8,112.60000000000001,-0.04,-0.12
123778,1771522,15.39004,-27.002568,9.7,-1200,0.054,37.1,-0.04,24.8,113.5,-0.04,-0.12
123778,1772262,15.371162,-27.02963,9.5,-1200,0.055600000000000004,37.1,-0.04,24.8,115.4,-0.05,-0.12
123778,1772613,15.362002,-27.04258,9.6,-1200,0.054400000000000004,37.1,-0.04,24.700000000000003,116.60000000000001,-0.06,-0.12
123778,1773502,15.337602,-27.07366,9.2,-1200,0.0551,37.1,-0.04,24.700000000000003,122.,-0.08,-0.12
123778,1773951,15.327438,-27.089808,9.6,-1201,0.056100000000000004,37.1,-0.04,24.700000000000003,125.5,-0.09,-0.11
123778,1774853,15.312347,-27.120107,9.3,-1201,0.052500000000000005,37.1,-0.04,24.700000000000003,132.6,-0.11,-0.11
123778,1775073,15.305933,-27.127117,9.,-1201,0.0541,37.1,-0.03,24.700000000000003,135.9,-0.11,-0.11
123778,1775497,15.293518,-27.14036,8.8,-1201,0.0545,37.1,-0.03,24.6,141.4,-0.12,-0.11
123778,1776103,15.276217,-27.158798,8.8,-1201,0.0524,37.1,-0.03,24.6,145.9,-0.14,-0.1
123778,1776412,15.267607,-27.168445,8.9,-1202,0.048600000000000004,37.1,-0.03,24.6,144.8,-0.14,-0.11
123778,1777402,15.238778,-27.19934,9.,-1202,0.048,37.1,-0.03,24.6,138.9,-0.16,-0.11
123778,1777533,15.235017,-27.203327,8.8,-1202,0.047900000000000005,37.1,-0.03,24.6,137.9,-0.16,-0.11
123778,1778663,15.205572,-27.240145,9.1,-1202,0.0444,37.1,-0.03,24.5,134.1,-0.19,-0.1
123778,1779064,15.195412,-27.254008,9.1,-1204,0.043500000000000004,37.1,-0.03,24.5,135.1,-0.19,-0.1
123778,1780073,15.169918,-27.288048,8.9,-1203,0.0437,37.1,-0.03,24.5,135.70000000000002,-0.19,-0.11
123778,1806703,14.482773,-28.156437,8.7,-1273,0.046900000000000004,36.9,-0.03,24.6,120.,-0.1,-0.08
123778,1807922,14.4527,-28.194933,8.6,-1279,0.0415,36.9,-0.02,24.700000000000003,118.7,-0.09,-0.09
123778,1808172,14.446608,-28.202838,8.5,-1278,0.0415,36.9,-0.02,24.700000000000003,118.5,-0.09,-0.09
123778,1808384,14.441355,-28.20952,8.4,-1277,0.0398,36.9,-0.02,24.700000000000003,118.2,-0.09,-0.09
123778,1809163,14.422368,-28.233978,8.6,-1275,0.041600000000000005,37.,-0.02,24.8,117.4,-0.09,-0.09
123778,1809446,14.41541,-28.242947,8.4,-1283,0.0375,37.,-0.02,24.8,117.10000000000001,-0.09,-0.09
123778,1809753,14.408257,-28.252848,8.5,-1291,0.038200000000000005,37.,-0.02,24.8,116.9,-0.09,-0.09
123778,1810531,14.389903,-28.278765,8.7,-1289,0.0337,37.,-0.02,24.8,116.60000000000001,-0.08,-0.09
123778,1810532,14.389903,-28.278765,8.7,-1289,0.0337,37.,-0.02,24.8,116.60000000000001,-0.08,-0.09
123778,1810546,14.389612,-28.27916,8.6,-1289,0.033600000000000005,37.,-0.02,24.8,116.60000000000001,-0.08,-0.09
123778,1810562,14.389148,-28.279725,8.6,-1289,0.0335,37.,-0.02,24.8,116.60000000000001,-0.08,-0.09
123778,1810579,14.388787,-28.28026,8.5,-1289,0.0334,37.,-0.02,24.8,116.60000000000001,-0.08,-0.09
123778,1810580,14.388723,-28.280362,8.5,-1289,0.0334,37.,-0.02,24.8,116.60000000000001,-0.08,-0.09
123778,1810612,14.38804,-28.281378,8.7,-1289,0.0332,37.,-0.02,24.8,116.60000000000001,-0.08,-0.09
123778,1810714,14.385592,-28.284678,8.7,-1288,0.0325,37.,-0.02,24.8,116.60000000000001,-0.08,-0.09
123778,1810723,14.385355,-28.285017,8.8,-1288,0.0324,37.,-0.02,24.8,116.5,-0.08,-0.09
123778,1810731,14.385143,-28.285323,8.7,-1288,0.0323,37.,-0.02,24.8,116.5,-0.08,-0.09
123778,1810732,14.385143,-28.285323,8.7,-1288,0.0323,37.,-0.02,24.8,116.5,-0.08,-0.09
123778,1810752,14.384652,-28.286035,8.7,-1288,0.032100000000000004,37.,-0.02,24.8,116.5,-0.08,-0.09
123778,1810783,14.383907,-28.287022,8.8,-1288,0.0318,37.,-0.02,24.8,116.5,-0.08,-0.09
123778,1810983,14.379068,-28.293648,8.7,-1288,0.038700000000000005,37.,-0.02,24.8,116.5,-0.08,-0.09
123778,1810984,14.379068,-28.293648,8.7,-1288,0.038700000000000005,37.,-0.02,24.8,116.5,-0.08,-0.09
123778,1810991,14.378845,-28.293938,8.7,-1287,0.038700000000000005,37.,-0.02,24.8,116.5,-0.08,-0.09
123778,1811062,14.377162,-28.296275,8.5,-1287,0.038,37.,-0.02,24.8,116.5,-0.08,-0.09
123778,1811071,14.376968,-28.296532,8.5,-1287,0.0379,37.,-0.02,24.8,116.5,-0.08,-0.09
123778,1811122,14.375727,-28.298233,8.6,-1287,0.0375,37.,-0.02,24.8,116.5,-0.08,-0.09
123778,1811131,14.375547,-28.298503,8.6,-1287,0.0374,37.,-0.02,24.8,116.5,-0.08,-0.09
123778,1811752,14.36067,-28.318708,8.5,-1285,0.0395,37.,-0.02,24.8,116.5,-0.08,-0.09
123778,1812070,14.353177,-28.328948,8.4,-1284,0.0396,37.,-0.02,24.8,116.60000000000001,-0.08,-0.09
123778,1812384,14.345927,-28.339055,8.5,-1292,0.039,37.,-0.02,24.8,116.80000000000001,-0.08,-0.09
123778,1812993,14.33189,-28.35861,8.5,-1298,0.0407,37.,-0.02,24.8,117.5,-0.07,-0.08
123778,1814283,14.301268,-28.399425,8.4,-1295,0.0412,37.,-0.02,24.900000000000002,119.10000000000001,-0.07,-0.08
123778,1815503,14.27242,-28.438327,8.2,-1299,0.042,37.,-0.02,24.8,118.4,-0.07,-0.06
123778,1816862,14.238928,-28.480038,8.6,-1302,0.0446,37.,-0.02,24.8,116.2,-0.07,-0.05
123778,1817604,14.221225,-28.503218,8.2,-1310,0.0441,37.,-0.02,24.8,121.10000000000001,-0.08,-0.04
123778,1849323,13.422955,-29.48661,8.8,-1406,0.048600000000000004,37.1,-0.01,25.6,123.2,-0.2,-0.01
123778,1849433,13.420245,-29.490158,8.6,-1406,0.0488,37.1,-0.01,25.6,123.10000000000001,-0.21,-0.01
123778,1849463,13.419507,-29.491113,8.5,-1406,0.0489,37.1,-0.01,25.6,123.,-0.21,-0.01
123778,1850544,13.392752,-29.525378,8.6,-1398,0.0458,37.1,-0.01,25.6,121.7,-0.21,-0.01
123778,1851954,13.357193,-29.570723,8.7,-1399,0.038700000000000005,37.1,-0.01,25.5,116.5,-0.21,0.
123778,1853014,13.32933,-29.605428,8.7,-1399,0.0388,37.1,-0.01,25.5,114.5,-0.22,0.
123778,1854134,13.299845,-29.640787,8.6,-1398,0.038400000000000004,37.1,-0.01,25.5,114.9,-0.22,0.01
123778,1854322,13.294755,-29.646477,8.7,-1398,0.0391,37.1,-0.01,25.5,115.10000000000001,-0.22,0.01
123778,1855111,13.273593,-29.67071,8.5,-1400,0.0368,37.1,-0.01,25.5,117.10000000000001,-0.22,0.01
123778,1855112,13.273593,-29.67071,8.5,-1400,0.0368,37.1,-0.01,25.5,117.10000000000001,-0.22,0.01
123778,1855131,13.273085,-29.671275,8.5,-1400,0.0369,37.1,-0.01,25.5,117.2,-0.22,0.01
123778,1855132,13.273085,-29.671275,8.5,-1400,0.0369,37.1,-0.01,25.5,117.2,-0.22,0.01
123778,1855191,13.27148,-29.673095,8.6,-1400,0.037000000000000005,37.1,-0.01,25.5,117.4,-0.22,0.01
123778,1855220,13.270673,-29.674002,8.6,-1400,0.0371,37.1,-0.01,25.5,117.5,-0.22,0.01
123778,1855280,13.269078,-29.675855,8.8,-1400,0.037200000000000004,37.1,-0.01,25.5,117.80000000000001,-0.22,0.01
123778,1855281,13.269078,-29.675855,8.8,-1400,0.037200000000000004,37.1,-0.01,25.5,117.80000000000001,-0.22,0.01
123778,1855291,13.268783,-29.676198,8.7,-1400,0.037200000000000004,37.1,-0.01,25.5,117.9,-0.21,0.01
123778,1855292,13.268783,-29.676198,8.7,-1400,0.037200000000000004,37.1,-0.01,25.5,117.9,-0.21,0.01
123778,1855302,13.268522,-29.676515,8.7,-1400,0.037200000000000004,37.1,-0.01,25.5,117.9,-0.21,0.01
123778,1855311,13.268283,-29.676802,8.7,-1400,0.037200000000000004,37.1,-0.01,25.5,118.,-0.21,0.01
123778,1855320,13.268038,-29.677082,8.7,-1400,0.0373,37.1,-0.01,25.5,118.,-0.21,0.01
123778,1855321,13.268038,-29.677082,8.7,-1400,0.0373,37.1,-0.01,25.5,118.,-0.21,0.01
123778,1855332,13.26771,-29.677445,8.8,-1400,0.0373,37.1,-0.01,25.5,118.,-0.21,0.01
123778,1855340,13.267465,-29.67772,8.8,-1400,0.0373,37.1,-0.01,25.5,118.10000000000001,-0.21,0.01
123778,1855341,13.267465,-29.67772,8.8,-1400,0.0373,37.1,-0.01,25.5,118.10000000000001,-0.21,0.01
123778,1855351,13.267162,-29.678053,8.8,-1400,0.0373,37.1,-0.01,25.5,118.10000000000001,-0.21,0.01
123778,1855354,13.267162,-29.678053,8.8,-1400,0.0373,37.1,-0.01,25.5,118.10000000000001,-0.21,0.01
123778,1855371,13.266638,-29.678635,8.7,-1400,0.0373,37.1,-0.01,25.5,118.2,-0.21,0.01
123778,1855392,13.26608,-29.679298,8.7,-1400,0.0374,37.1,-0.01,25.5,118.30000000000001,-0.21,0.01
123778,1855401,13.265852,-29.679587,8.7,-1400,0.0374,37.1,-0.01,25.5,118.4,-0.21,0.01
123778,1855431,13.26507,-29.680505,8.5,-1400,0.0374,37.1,-0.01,25.5,118.5,-0.21,0.01
123778,1855491,13.263453,-29.68232,8.7,-1400,0.0375,37.1,-0.01,25.5,118.80000000000001,-0.21,0.01
123778,1855541,13.262158,-29.68383,8.7,-1400,0.0375,37.1,-0.01,25.5,119.10000000000001,-0.21,0.01
123778,1855622,13.260043,-29.686345,8.7,-1400,0.0375,37.1,-0.01,25.5,119.5,-0.21,0.01
123778,1855652,13.259213,-29.687308,8.7,-1400,0.0375,37.1,-0.01,25.5,119.7,-0.21,0.01
123778,1855681,13.25846,-29.688215,8.7,-1400,0.0375,37.1,-0.01,25.5,119.9,-0.21,0.01
123778,1855721,13.257402,-29.689403,8.7,-1400,0.0375,37.1,-0.01,25.5,120.10000000000001,-0.21,0.01
123778,1856714,13.230955,-29.720012,8.8,-1402,0.0379,37.,-0.01,25.400000000000002,124.7,-0.2,0.02
123778,1857114,13.220512,-29.732468,8.6,-1402,0.037200000000000004,37.,-0.01,25.400000000000002,126.2,-0.2,0.02
123778,1857800,13.203215,-29.753775,8.3,-1404,0.0398,37.,-0.01,25.400000000000002,128.5,-0.19,0.02
123778,1858212,13.193107,-29.766282,8.4,-1403,0.0391,37.,-0.01,25.400000000000002,129.,-0.19,0.02
123778,1858964,13.174548,-29.789327,8.2,-1403,0.0371,37.1,0.,25.400000000000002,129.,-0.18,0.02
123778,1859303,13.166063,-29.799627,8.3,-1404,0.038900000000000004,37.1,0.,25.400000000000002,129.,-0.18,0.02
123778,1859642,13.157418,-29.810138,8.7,-1404,0.0392,37.1,0.,25.5,128.9,-0.18,0.02
123778,1860432,13.137267,-29.834235,8.3,-1404,0.038900000000000004,37.1,0.,25.5,128.5,-0.17,0.03
123778,1860863,13.126487,-29.847568,8.5,-1404,0.039,37.1,0.,25.5,127.9,-0.17,0.03
123778,1861699,13.105737,-29.873728,8.7,-1404,0.0392,37.1,0.,25.5,125.30000000000001,-0.17,0.03
123778,1861992,13.09813,-29.883023,8.6,-1404,0.041600000000000005,37.1,0.,25.6,124.10000000000001,-0.18,0.03
123778,1862863,13.075803,-29.910985,8.8,-1404,0.041800000000000004,37.1,0.,25.6,119.9,-0.18,0.04
123778,1864236,13.040273,-29.954945,8.6,-1403,0.0398,37.1,0.01,25.700000000000003,111.9,-0.19,0.06
123778,1864543,13.032237,-29.964737,8.8,-1403,0.0392,37.1,0.01,25.700000000000003,110.60000000000001,-0.19,0.06
123778,1867063,12.963415,-30.044755,9.1,-1401,0.0397,37.1,0.02,25.700000000000003,108.9,-0.2,0.11
123778,1889733,12.351112,-30.756707,8.6,-1446,0.045200000000000004,36.800000000000004,0.02,25.900000000000002,114.10000000000001,-0.19,-0.22
123778,1891112,12.314895,-30.79959,8.7,-1469,0.044000000000000004,36.800000000000004,0.02,26.,119.4,-0.19,-0.25
123778,1891743,12.298288,-30.819307,8.6,-1460,0.0436,36.800000000000004,0.02,26.,119.7,-0.19,-0.26
123778,1892206,12.286528,-30.833497,8.7,-1494,0.046,36.800000000000004,0.02,26.,119.9,-0.19,-0.27
123778,1892391,12.281603,-30.839255,8.7,-1491,0.045700000000000005,36.800000000000004,0.02,26.,120.,-0.19,-0.27
123778,1893361,12.255512,-30.869933,8.9,-1477,0.0443,36.800000000000004,0.01,26.,121.2,-0.19,-0.29
123778,1893362,12.255512,-30.869933,8.9,-1477,0.0443,36.800000000000004,0.01,26.,121.2,-0.19,-0.29
123778,1893412,12.254163,-30.871543,9.,-1476,0.0442,36.800000000000004,0.01,26.,121.2,-0.19,-0.29
123778,1894063,12.236707,-30.892408,8.9,-1498,0.0497,36.800000000000004,0.01,26.1,123.7,-0.19,-0.3
123778,1894753,12.2184,-30.914675,9.,-1496,0.0476,36.800000000000004,0.01,26.1,125.2,-0.18,-0.3
123778,1894964,12.212843,-30.921455,8.9,-1503,0.0516,36.800000000000004,0.,26.1,125.4,-0.18,-0.3
123778,1895499,12.198635,-30.938557,9.,-1502,0.050800000000000005,36.9,0.,26.1,125.60000000000001,-0.17,-0.29
123778,1895942,12.18663,-30.95282,8.8,-1500,0.051500000000000004,36.9,0.,26.1,125.30000000000001,-0.16,-0.29
123778,1896152,12.180853,-30.959575,9.2,-1500,0.049,36.9,0.,26.1,125.,-0.16,-0.29
123778,1896490,12.171468,-30.970535,9.,-1499,0.050100000000000006,36.9,0.,26.1,124.30000000000001,-0.16,-0.28
123778,1897263,12.150347,-30.995823,9.1,-1505,0.0487,36.9,0.,26.1,124.7,-0.14,-0.25
123778,1897682,12.138987,-31.009602,9.2,-1507,0.0494,36.9,0.,26.200000000000003,126.2,-0.14,-0.24
123778,1898534,12.116593,-31.03751,8.7,-1506,0.0489,36.9,0.,26.200000000000003,129.9,-0.13,-0.21
123778,1898908,12.106933,-31.049673,9.,-1505,0.048,36.9,0.,26.200000000000003,131.3,-0.12,-0.2
123778,1898909,12.106933,-31.049673,9.,-1505,0.048,36.9,0.,26.200000000000003,131.3,-0.12,-0.2
123778,1898973,12.105253,-31.051835,9.,-1505,0.048,36.9,0.,26.200000000000003,131.5,-0.12,-0.2
123778,1899091,12.102175,-31.055738,8.9,-1505,0.048100000000000004,36.9,0.,26.200000000000003,131.9,-0.12,-0.19
123778,1899092,12.102175,-31.055738,8.9,-1505,0.048100000000000004,36.9,0.,26.200000000000003,131.9,-0.12,-0.19
123778,1899123,12.101313,-31.056747,8.9,-1505,0.048100000000000004,36.9,0.,26.200000000000003,132.,-0.12,-0.19
123778,1899145,12.100702,-31.057435,9.,-1505,0.048100000000000004,36.9,0.,26.200000000000003,132.1,-0.12,-0.19
123778,1899152,12.10055,-31.057637,8.9,-1505,0.048100000000000004,36.9,0.,26.200000000000003,132.1,-0.12,-0.19
123778,1899164,12.100253,-31.05804,8.8,-1505,0.048100000000000004,36.9,0.,26.200000000000003,132.20000000000002,-0.12,-0.19
123778,1899172,12.100045,-31.058302,8.9,-1505,0.048100000000000004,36.9,0.,26.200000000000003,132.20000000000002,-0.12,-0.19
123778,1899185,12.099655,-31.058733,8.9,-1505,0.048100000000000004,36.9,0.,26.200000000000003,132.20000000000002,-0.12,-0.19
123778,1899212,12.09899,-31.059617,9.1,-1506,0.048100000000000004,36.9,0.,26.200000000000003,132.3,-0.12,-0.19
123778,1899233,12.098412,-31.06036,9.,-1506,0.048100000000000004,36.9,0.,26.200000000000003,132.4,-0.12,-0.19
123778,1899272,12.097392,-31.061585,9.,-1506,0.0482,36.9,0.,26.200000000000003,132.5,-0.12,-0.19
123778,1899283,12.097085,-31.061977,8.9,-1506,0.0482,36.9,0.,26.200000000000003,132.6,-0.12,-0.19
123778,1899353,12.095265,-31.064268,8.9,-1506,0.0482,36.9,0.,26.200000000000003,132.8,-0.12,-0.19
123778,1899382,12.094518,-31.065228,9.,-1506,0.0482,36.9,0.,26.200000000000003,132.9,-0.12,-0.19
123778,1899452,12.092682,-31.067528,9.1,-1506,0.0483,36.9,0.,26.200000000000003,133.20000000000002,-0.12,-0.19
123778,1899502,12.0913,-31.069213,9.2,-1506,0.0483,36.9,0.,26.200000000000003,133.4,-0.12,-0.18
123778,1899562,12.089745,-31.071145,8.6,-1506,0.048400000000000006,36.9,0.,26.200000000000003,133.6,-0.12,-0.18
123778,1899613,12.088462,-31.072768,8.8,-1506,0.048400000000000006,36.9,0.,26.200000000000003,133.70000000000002,-0.11,-0.18
123778,1899783,12.083893,-31.07829,9.2,-1506,0.048600000000000004,36.9,0.,26.200000000000003,134.4,-0.11,-0.18
123778,1901043,12.050637,-31.119228,9.1,-1499,0.0487,36.9,0.,26.3,132.5,-0.09,-0.15
123778,1902373,12.015502,-31.161833,8.8,-1507,0.0521,37.,0.,26.3,133.6,-0.07,-0.12
123778,1906474,11.907042,-31.292527,8.7,-1432,0.0453,36.9,0.01,26.400000000000002,118.5,-0.01,-0.02
123778,1937282,11.079162,-32.284945,8.7,-1424,0.050100000000000006,36.6,0.12,27.,114.,-0.24,-0.11
123778,1937641,11.06912,-32.296292,8.7,-1421,0.052700000000000004,36.6,0.12,27.,114.,-0.24,-0.13
123778,1937742,11.066357,-32.299418,9.,-1421,0.0524,36.6,0.12,27.,114.,-0.24,-0.13
123778,1937812,11.064345,-32.301642,9.,-1420,0.0522,36.6,0.12,27.,114.10000000000001,-0.25,-0.14
123778,1937821,11.0641,-32.301927,9.,-1420,0.0522,36.6,0.12,27.,114.10000000000001,-0.25,-0.14
123778,1937822,11.0641,-32.301927,9.,-1420,0.0522,36.6,0.12,27.,114.10000000000001,-0.25,-0.14
123778,1937881,11.062553,-32.303773,8.5,-1419,0.052000000000000005,36.6,0.12,27.,114.2,-0.25,-0.14
123778,1937882,11.062553,-32.303773,8.5,-1419,0.052000000000000005,36.6,0.12,27.,114.2,-0.25,-0.14
123778,1937932,11.061177,-32.305315,8.7,-1419,0.0519,36.6,0.12,27.,114.2,-0.25,-0.14
123778,1937941,11.060928,-32.305593,8.8,-1419,0.051800000000000006,36.6,0.12,27.,114.2,-0.25,-0.14
123778,1937942,11.060928,-32.305593,8.8,-1419,0.051800000000000006,36.6,0.12,27.,114.2,-0.25,-0.14
123778,1937961,11.060373,-32.306213,8.9,-1419,0.051800000000000006,36.6,0.12,27.,114.30000000000001,-0.25,-0.14
123778,1938022,11.05874,-32.308142,9.,-1418,0.0516,36.6,0.12,27.,114.30000000000001,-0.25,-0.15
123778,1938103,11.056603,-32.310718,8.8,-1418,0.051300000000000005,36.6,0.12,27.,114.5,-0.25,-0.15
123778,1938142,11.05554,-32.311937,8.8,-1417,0.0512,36.6,0.12,27.,114.5,-0.25,-0.15
123778,1938962,11.033187,-32.337263,8.8,-1429,0.054400000000000004,36.6,0.12,27.,114.80000000000001,-0.26,-0.19
123778,1939673,11.013088,-32.359507,9.2,-1426,0.0536,36.6,0.12,27.,114.10000000000001,-0.26,-0.22
123778,1940953,10.975865,-32.401235,9.4,-1434,0.055200000000000006,36.6,0.12,27.,110.4,-0.27,-0.28
123778,1941073,10.972372,-32.405075,9.3,-1433,0.055,36.6,0.12,27.,110.60000000000001,-0.27,-0.28
123778,1941353,10.964032,-32.414092,9.2,-1430,0.0546,36.6,0.12,27.,111.10000000000001,-0.27,-0.29
123778,1942193,10.940412,-32.442203,9.3,-1445,0.057,36.6,0.12,27.,114.5,-0.26,-0.3
123778,1942673,10.928263,-32.459058,9.4,-1441,0.058,36.6,0.11,27.,117.30000000000001,-0.25,-0.31
123778,1943503,10.902055,-32.478148,8.9,-1457,0.057800000000000004,36.6,0.11,27.,123.5,-0.24,-0.31
123778,1943621,10.897972,-32.480842,8.8,-1457,0.057800000000000004,36.6,0.11,27.,124.5,-0.24,-0.3
123778,1943629,10.897698,-32.481015,8.8,-1457,0.057800000000000004,36.6,0.11,26.900000000000002,124.60000000000001,-0.24,-0.3
123778,1943630,10.897698,-32.481015,8.8,-1457,0.057800000000000004,36.6,0.11,26.900000000000002,124.60000000000001,-0.24,-0.3
123778,1943651,10.89698,-32.481472,8.7,-1456,0.057800000000000004,36.6,0.11,26.900000000000002,124.80000000000001,-0.24,-0.3
123778,1943682,10.89596,-32.482183,8.6,-1456,0.057800000000000004,36.6,0.11,26.900000000000002,125.,-0.23,-0.3
123778,1943695,10.895507,-32.482433,8.5,-1456,0.057800000000000004,36.6,0.11,26.900000000000002,125.10000000000001,-0.23,-0.3
123778,1943733,10.89423,-32.483318,8.6,-1456,0.057800000000000004,36.6,0.11,26.900000000000002,125.4,-0.23,-0.3
123778,1943734,10.89423,-32.483318,8.6,-1456,0.057800000000000004,36.6,0.11,26.900000000000002,125.4,-0.23,-0.3
123778,1943741,10.893952,-32.483485,8.6,-1456,0.057800000000000004,36.6,0.11,26.900000000000002,125.5,-0.23,-0.3
123778,1943742,10.893952,-32.483485,8.6,-1456,0.057800000000000004,36.6,0.11,26.900000000000002,125.5,-0.23,-0.3
123778,1943758,10.893382,-32.483805,8.8,-1456,0.057800000000000004,36.6,0.11,26.900000000000002,125.60000000000001,-0.23,-0.3
123778,1943759,10.893382,-32.483805,8.8,-1456,0.057800000000000004,36.6,0.11,26.900000000000002,125.60000000000001,-0.23,-0.3
123778,1943766,10.893073,-32.484007,8.8,-1456,0.057800000000000004,36.6,0.11,26.900000000000002,125.7,-0.23,-0.3
123778,1943767,10.893073,-32.484007,8.8,-1456,0.057800000000000004,36.6,0.11,26.900000000000002,125.7,-0.23,-0.3
123778,1943781,10.892605,-32.484338,8.8,-1456,0.057800000000000004,36.6,0.11,26.900000000000002,125.80000000000001,-0.23,-0.3
123778,1943841,10.890535,-32.485718,8.9,-1455,0.0579,36.6,0.11,26.900000000000002,126.30000000000001,-0.23,-0.3
123778,1943911,10.888127,-32.4873,8.9,-1455,0.0579,36.6,0.11,26.900000000000002,126.9,-0.23,-0.3
123778,1944754,10.859168,-32.506442,8.9,-1478,0.0587,36.6,0.11,26.900000000000002,132.1,-0.2,-0.28
123778,1945173,10.845135,-32.516082,8.6,-1474,0.0587,36.6,0.11,26.900000000000002,134.1,-0.18,-0.27
123778,1945984,10.81773,-32.534213,9.1,-1490,0.058100000000000006,36.6,0.1,26.8,137.8,-0.15,-0.25
123778,1946303,10.806427,-32.54163,9.1,-1489,0.058,36.6,0.1,26.8,139.1,-0.13,-0.24
123778,1947293,10.77237,-32.564545,8.9,-1485,0.058,36.7,0.1,26.8,140.3,-0.09,-0.2
123778,1947653,10.760495,-32.572708,8.6,-1484,0.0579,36.7,0.1,26.8,140.,-0.07,-0.18
123778,1947905,10.752208,-32.57839,8.7,-1483,0.057800000000000004,36.7,0.1,26.8,139.9,-0.06,-0.16
123778,1948563,10.730268,-32.593147,8.6,-1475,0.058800000000000005,36.7,0.1,26.8,140.6,-0.04,-0.12
123778,1948934,10.717507,-32.60153,8.9,-1481,0.0585,36.7,0.1,26.8,141.20000000000002,-0.02,-0.1
123778,1949967,10.682605,-32.624812,8.7,-1494,0.0591,36.7,0.1,26.8,141.3,0.03,-0.03
123778,1953524,10.562693,-32.710198,8.8,-1306,0.056100000000000004,36.6,0.12,26.900000000000002,142.1,0.13,0.15
123778,1974203,10.402663,-32.821478,6.9,-1170,0.0687,36.4,0.14,26.8,147.3,0.06,0.18
123778,1975843,10.445255,-32.792608,6.7,-1211,0.0689,36.5,0.13,26.8,141.,0.09,0.19
123778,1975982,10.448992,-32.790033,7.,-1208,0.0601,36.5,0.13,26.8,140.70000000000002,0.09,0.19
123778,1976582,10.464708,-32.779028,6.9,-1196,0.0591,36.5,0.13,26.8,139.8,0.1,0.18
123778,1976642,10.466328,-32.777883,7.2,-1195,0.0591,36.5,0.13,26.8,139.70000000000002,0.1,0.18
123778,1978042,10.50323,-32.752535,6.6,-1263,0.0585,36.5,0.13,26.900000000000002,141.1,0.11,0.17
123778,1978352,10.511653,-32.746855,7.2,-1316,0.056400000000000006,36.5,0.12,26.900000000000002,141.6,0.11,0.17
123778,1979003,10.528375,-32.734988,6.2,-1316,0.0568,36.5,0.12,26.900000000000002,142.5,0.12,0.16
123778,1979334,10.536757,-32.728765,6.5,-1315,0.057300000000000004,36.6,0.12,26.900000000000002,143.,0.12,0.16
123778,1980323,10.558202,-32.712577,5.6,-1307,0.056,36.6,0.12,26.900000000000002,143.6,0.12,0.14
123778,1980712,10.565398,-32.707105,4.6,-1303,0.054,36.6,0.12,26.900000000000002,143.6,0.11,0.13
123778,1981003,10.570205,-32.703648,4.9,-1300,0.0539,36.6,0.12,26.900000000000002,143.6,0.11,0.13
123778,1981632,10.582348,-32.694755,5.1,-1292,0.053700000000000005,36.6,0.12,26.900000000000002,143.6,0.11,0.11
123778,1981672,10.583127,-32.694188,4.7,-1292,0.053700000000000005,36.6,0.12,26.900000000000002,143.6,0.1,0.11
123778,1981682,10.583303,-32.694055,4.8,-1291,0.053700000000000005,36.6,0.12,26.900000000000002,143.6,0.1,0.11
123778,1981762,10.584975,-32.69288,5.7,-1360,0.0575,36.6,0.12,26.900000000000002,143.6,0.1,0.11
123778,1981763,10.584975,-32.69288,5.7,-1360,0.0575,36.6,0.12,26.900000000000002,143.6,0.1,0.11
123778,1981842,10.58672,-32.691693,5.4,-1359,0.0574,36.6,0.12,26.900000000000002,143.6,0.1,0.11
123778,1981862,10.587108,-32.691413,5.4,-1359,0.057300000000000004,36.6,0.12,26.900000000000002,143.6,0.1,0.11
123778,1981922,10.588368,-32.690532,5.4,-1358,0.0572,36.6,0.12,26.900000000000002,143.6,0.1,0.1
123778,1981931,10.588547,-32.690407,5.2,-1357,0.0572,36.6,0.12,26.900000000000002,143.6,0.1,0.1
123778,1981952,10.58897,-32.690117,5.3,-1357,0.0572,36.6,0.12,26.900000000000002,143.6,0.1,0.1
123778,1981982,10.589605,-32.68969,5.4,-1357,0.057100000000000005,36.6,0.12,26.900000000000002,143.6,0.1,0.1
123778,1982063,10.591097,-32.68869,5.,-1355,0.057,36.6,0.12,26.900000000000002,143.6,0.1,0.1
123778,1982109,10.591985,-32.688073,5.1,-1355,0.056900000000000006,36.6,0.12,26.900000000000002,143.6,0.1,0.1
123778,1982161,10.593058,-32.687423,5.3,-1354,0.0568,36.6,0.11,26.900000000000002,143.6,0.1,0.1
123778,1982214,10.594158,-32.686707,5.4,-1353,0.0567,36.6,0.11,26.900000000000002,143.6,0.1,0.1
123778,1982843,10.60716,-32.678255,4.9,-1344,0.0551,36.6,0.11,26.900000000000002,143.6,0.09,0.08
123778,1983254,10.61574,-32.672667,5.4,-1339,0.0538,36.6,0.11,26.900000000000002,143.6,0.09,0.07
123778,1983434,10.619467,-32.670272,5.5,-1336,0.053200000000000004,36.6,0.11,26.900000000000002,143.6,0.09,0.06
123778,1984071,10.633858,-32.661638,5.6,-1469,0.0599,36.7,0.11,26.900000000000002,143.6,0.08,0.04
123778,1984753,10.648902,-32.652875,5.4,-1448,0.059500000000000004,36.7,0.11,26.900000000000002,143.5,0.07,0.02
123778,1985483,10.665183,-32.64353,5.,-1423,0.058800000000000005,36.7,0.11,26.8,143.5,0.05,0.
123778,1985804,10.672218,-32.639738,5.3,-1496,0.0596,36.7,0.11,26.8,143.5,0.04,-0.01
123778,1987341,10.707368,-32.618438,5.8,-1487,0.059300000000000005,36.7,0.1,26.8,143.3,0.,-0.07
123778,1987380,10.708293,-32.617857,6.,-1487,0.0594,36.7,0.1,26.8,143.3,0.,-0.07
123778,1987390,10.708533,-32.617707,6.1,-1487,0.058,36.7,0.1,26.8,143.3,0.,-0.07
123778,1987491,10.710862,-32.616188,6.1,-1486,0.058100000000000006,36.7,0.1,26.8,143.3,0.,-0.08
123778,1987592,10.713223,-32.614735,5.9,-1485,0.058100000000000006,36.7,0.1,26.8,143.3,-0.01,-0.08
123778,1987601,10.713433,-32.614597,5.9,-1485,0.058100000000000006,36.7,0.1,26.8,143.3,-0.01,-0.08
123778,1987832,10.718815,-32.61138,6.1,-1483,0.0582,36.7,0.1,26.8,143.3,-0.01,-0.09
123778,1989854,10.758475,-32.588693,4.,-1496,0.057800000000000004,36.7,0.1,26.8,141.4,-0.05,-0.16
123778,1995424,10.791277,-32.569248,3.9,-1483,0.058100000000000006,36.7,0.1,26.8,142.,-0.09,-0.21
123778,2020487,10.343218,-32.925363,6.8,-1272,0.0699,36.4,0.15,26.700000000000003,155.3,0.03,0.12
123778,2020593,10.343,-32.925938,4.3,-1272,0.0699,36.4,0.15,26.700000000000003,155.3,0.03,0.12
123778,2021583,10.319575,-32.948078,8.2,-1383,0.0704,36.4,0.15,26.700000000000003,154.20000000000002,0.02,0.12
123778,2022770,10.293537,-32.967295,8.6,-1352,0.0734,36.4,0.15,26.700000000000003,151.1,0.01,0.11
123778,2024003,10.266032,-32.98287,2.4,-1304,0.07490000000000001,36.4,0.15,26.700000000000003,148.4,0.01,0.11
123778,2024534,10.251052,-32.987942,3.,-1276,0.0751,36.4,0.16,26.700000000000003,147.3,0.,0.1
123778,2025300,10.235005,-32.999968,6.8,-1391,0.0755,36.4,0.16,26.700000000000003,146.20000000000002,0.,0.1
123778,2025456,10.231078,-33.003322,5.5,-1317,0.0753,36.4,0.16,26.700000000000003,146.,-0.01,0.1
123778,2025757,10.22731,-33.006442,2.1,-1324,0.0755,36.4,0.16,26.700000000000003,145.8,-0.01,0.1
123778,2025988,10.22243,-33.011192,7.2,-1333,0.0756,36.5,0.16,26.700000000000003,145.6,-0.01,0.1
123778,2025989,10.22243,-33.011192,7.2,-1333,0.0756,36.5,0.16,26.700000000000003,145.6,-0.01,0.1
123778,2026008,10.22188,-33.011585,7.3,-1334,0.0756,36.5,0.16,26.700000000000003,145.6,-0.01,0.1
123778,2026009,10.22188,-33.011585,7.3,-1334,0.0756,36.5,0.16,26.700000000000003,145.6,-0.01,0.1
123778,2026078,10.220033,-33.012988,6.6,-1337,0.0756,36.5,0.16,26.700000000000003,145.5,-0.01,0.1
123778,2026091,10.219733,-33.013257,6.6,-1338,0.0756,36.5,0.16,26.700000000000003,145.5,-0.01,0.1
123778,2026092,10.219733,-33.013257,6.6,-1338,0.0756,36.5,0.16,26.700000000000003,145.5,-0.01,0.1
123778,2026127,10.21883,-33.013892,6.2,-1339,0.0757,36.5,0.16,26.700000000000003,145.5,-0.01,0.1
123778,2026140,10.218622,-33.014165,6.1,-1340,0.0757,36.5,0.16,26.700000000000003,145.4,-0.01,0.1
123778,2026144,10.218517,-33.014228,5.6,-1340,0.0757,36.5,0.16,26.700000000000003,145.4,-0.01,0.1
123778,2026145,10.218517,-33.014228,5.6,-1340,0.0757,36.5,0.16,26.700000000000003,145.4,-0.01,0.1
123778,2026167,10.218248,-33.01406,2.1,-1340,0.0757,36.5,0.16,26.700000000000003,145.4,-0.01,0.1
123778,2026168,10.218248,-33.01406,2.1,-1340,0.0757,36.5,0.16,26.700000000000003,145.4,-0.01,0.1
123778,2026173,10.218273,-33.013998,1.7,-1340,0.0757,36.5,0.16,26.700000000000003,145.4,-0.01,0.1
123778,2026200,10.218522,-33.013918,1.5,-1340,0.0757,36.5,0.16,26.700000000000003,145.4,-0.01,0.1
123778,2026278,10.21892,-33.01456,2.6,-1340,0.0756,36.5,0.16,26.700000000000003,145.5,-0.01,0.1
123778,2026286,10.218903,-33.014642,2.4,-1340,0.0756,36.5,0.16,26.700000000000003,145.4,-0.01,0.1
123778,2026293,10.218848,-33.014733,2.4,-1340,0.0756,36.5,0.16,26.700000000000003,145.4,-0.01,0.1
123778,2026303,10.218748,-33.014823,3.,-1340,0.0756,36.5,0.16,26.700000000000003,145.4,-0.01,0.1
123778,2026304,10.218748,-33.014823,3.,-1340,0.0756,36.5,0.16,26.700000000000003,145.4,-0.01,0.1
123778,2026337,10.218308,-33.015247,3.6,-1341,0.0756,36.5,0.16,26.700000000000003,145.4,-0.01,0.1
123778,2026338,10.218308,-33.015247,3.6,-1341,0.0756,36.5,0.16,26.700000000000003,145.4,-0.01,0.1
123778,2026381,10.21779,-33.015832,4.6,-1342,0.0756,36.5,0.16,26.700000000000003,145.4,-0.01,0.1
123778,2026384,10.217728,-33.015872,4.7,-1342,0.0756,36.5,0.16,26.700000000000003,145.4,-0.01,0.1
123778,2026386,10.217728,-33.015872,4.7,-1342,0.0756,36.5,0.16,26.700000000000003,145.4,-0.01,0.1
123778,2026447,10.216207,-33.016732,5.7,-1344,0.0757,36.5,0.16,26.700000000000003,145.3,-0.01,0.1
123778,2026448,10.216207,-33.016732,5.7,-1344,0.0757,36.5,0.16,26.700000000000003,145.3,-0.01,0.1
123778,2026485,10.215523,-33.016778,3.5,-1345,0.0757,36.5,0.16,26.700000000000003,145.3,-0.01,0.1
123778,2026521,10.214817,-33.01699,5.3,-1345,0.0757,36.5,0.16,26.700000000000003,145.3,-0.01,0.1
123778,2026561,10.213687,-33.017658,7.3,-1347,0.0757,36.5,0.16,26.700000000000003,145.3,-0.01,0.09
123778,2026567,10.21346,-33.017773,7.5,-1347,0.0757,36.5,0.16,26.700000000000003,145.20000000000002,-0.01,0.09
123778,2026590,10.21271,-33.018128,8.,-1348,0.0758,36.5,0.16,26.700000000000003,145.20000000000002,-0.01,0.09
123778,2026595,10.212533,-33.0182,8.1,-1348,0.0758,36.5,0.16,26.700000000000003,145.20000000000002,-0.01,0.09
123778,2026604,10.212173,-33.01832,8.1,-1349,0.0758,36.5,0.16,26.700000000000003,145.20000000000002,-0.01,0.09
123778,2026803,10.205737,-33.022403,8.4,-1357,0.0732,36.5,0.16,26.8,145.,-0.01,0.09
123778,2027696,10.197957,-33.0292,3.8,-1367,0.07390000000000001,36.5,0.16,26.8,144.70000000000002,-0.02,0.09
123778,2027887,10.195748,-33.028762,3.3,-1369,0.07390000000000001,36.5,0.16,26.8,144.6,-0.02,0.09
123778,2029004,10.167077,-33.029285,6.9,-1391,0.0747,36.5,0.16,26.8,143.9,-0.03,0.09
123778,2029303,10.16266,-33.027352,2.9,-1293,0.0707,36.5,0.16,26.8,143.8,-0.03,0.09
123778,2030233,10.151023,-33.045477,6.8,-1302,0.0713,36.5,0.16,26.8,143.9,-0.03,0.09
123778,2030481,10.149908,-33.054337,8.6,-1304,0.0713,36.5,0.16,26.8,144.1,-0.03,0.08
123778,2031554,10.142668,-33.097533,8.6,-1288,0.0733,36.5,0.16,26.8,144.9,-0.03,0.07
123778,2031594,10.14241,-33.09917,8.5,-1288,0.0732,36.5,0.16,26.8,145.,-0.03,0.07
123778,2032101,10.13882,-33.119553,8.6,-1282,0.0717,36.5,0.16,26.8,145.3,-0.03,0.06
123778,2032812,10.134432,-33.147742,8.6,-1275,0.0736,36.5,0.16,26.8,145.,-0.03,0.05
123778,2033164,10.132317,-33.161683,8.6,-1272,0.07100000000000001,36.5,0.16,26.8,144.8,-0.03,0.05
123778,2035413,10.116637,-33.25121,8.6,-1337,0.0785,36.5,0.16,26.8,143.1,-0.03,0.04
123778,2035744,10.11434,-33.264332,8.4,-1343,0.0756,36.5,0.16,26.8,142.70000000000002,-0.03,0.04
123778,2036714,10.107913,-33.302642,8.7,-1368,0.0713,36.5,0.16,26.8,142.5,-0.04,0.04
123778,2060923,10.100833,-33.587862,6.7,-1287,0.065,36.6,0.16,26.900000000000002,120.60000000000001,-0.09,0.02
123778,2061624,10.104738,-33.566982,6.2,-1267,0.0714,36.6,0.16,26.900000000000002,127.9,-0.09,0.02
123778,2062133,10.10833,-33.552508,6.3,-1267,0.06910000000000001,36.6,0.16,26.8,133.5,-0.08,0.03
123778,2062253,10.109223,-33.549157,6.1,-1266,0.06860000000000001,36.6,0.16,26.8,134.9,-0.08,0.03
123778,2063852,10.122205,-33.504028,6.2,-1259,0.0682,36.6,0.16,26.8,147.8,-0.06,0.04
123778,2064063,10.123985,-33.498105,6.1,-1258,0.0743,36.6,0.16,26.8,147.6,-0.06,0.04
123778,2064692,10.128815,-33.48101,6.,-1258,0.0684,36.6,0.16,26.8,146.4,-0.06,0.04
123778,2064733,10.129123,-33.479933,6.,-1258,0.06860000000000001,36.6,0.16,26.8,146.3,-0.06,0.04
123778,2065062,10.13148,-33.470855,6.2,-1258,0.0704,36.6,0.16,26.8,145.4,-0.05,0.04
123778,2066274,10.138267,-33.43807,5.7,-1258,0.0669,36.6,0.16,26.8,141.1,-0.04,0.05
123778,2066573,10.140042,-33.43011,5.5,-1258,0.068,36.6,0.16,26.8,141.4,-0.04,0.05
123778,2067393,10.14541,-33.408935,5.8,-1292,0.06570000000000001,36.6,0.16,26.8,142.4,-0.04,0.05
123778,2067633,10.146955,-33.402842,5.6,-1289,0.06570000000000001,36.6,0.16,26.8,142.70000000000002,-0.03,0.05
123778,2068491,10.152223,-33.383023,5.2,-1280,0.0663,36.6,0.16,26.8,143.8,-0.03,0.05
123778,2069892,10.160823,-33.350273,5.,-1265,0.065,36.6,0.16,26.8,145.1,-0.02,0.05
123778,2069922,10.16099,-33.349562,5.2,-1265,0.0649,36.6,0.16,26.8,145.1,-0.02,0.05
123778,2070021,10.161505,-33.34713,5.3,-1264,0.0646,36.6,0.16,26.8,145.,-0.02,0.05
123778,2070022,10.161505,-33.34713,5.3,-1264,0.0646,36.6,0.16,26.8,145.,-0.02,0.05
123778,2070061,10.161702,-33.346137,5.3,-1263,0.0645,36.6,0.16,26.8,145.,-0.02,0.05
123778,2070072,10.161762,-33.345897,5.3,-1263,0.0645,36.6,0.16,26.8,145.,-0.02,0.05
123778,2070091,10.161868,-33.34544,5.3,-1263,0.0645,36.6,0.16,26.8,144.9,-0.02,0.05
123778,2070103,10.161913,-33.345172,5.3,-1263,0.0644,36.6,0.16,26.8,144.9,-0.02,0.05
123778,2070121,10.162008,-33.344677,5.4,-1263,0.0644,36.6,0.16,26.8,144.9,-0.02,0.05
123778,2070161,10.162195,-33.343715,5.2,-1263,0.06430000000000001,36.6,0.16,26.8,144.9,-0.02,0.05
123778,2070181,10.162307,-33.343237,5.2,-1262,0.06420000000000001,36.6,0.16,26.8,144.9,-0.02,0.05
123778,2070182,10.162307,-33.343237,5.2,-1262,0.06420000000000001,36.6,0.16,26.8,144.9,-0.02,0.05
123778,2070201,10.16241,-33.342768,5.,-1262,0.06420000000000001,36.6,0.16,26.8,144.8,-0.02,0.05
123778,2070222,10.162502,-33.342307,5.1,-1262,0.0641,36.6,0.16,26.8,144.8,-0.02,0.05
123778,2070241,10.162592,-33.341835,5.1,-1262,0.0641,36.6,0.16,26.8,144.8,-0.02,0.05
123778,2070362,10.163222,-33.33904,5.,-1261,0.06380000000000001,36.6,0.16,26.8,144.70000000000002,-0.02,0.05
123778,2070373,10.16327,-33.338817,4.9,-1261,0.06380000000000001,36.6,0.16,26.8,144.70000000000002,-0.02,0.05
123778,2070382,10.163322,-33.338592,4.9,-1261,0.06380000000000001,36.6,0.16,26.8,144.70000000000002,-0.02,0.05
123778,2070422,10.163557,-33.337685,5.,-1260,0.0637,36.6,0.16,26.8,144.70000000000002,-0.02,0.05
123778,2070452,10.163722,-33.337002,5.,-1260,0.0636,36.6,0.16,26.8,144.6,-0.02,0.05
123778,2070502,10.163962,-33.335893,4.9,-1259,0.0635,36.6,0.16,26.8,144.6,-0.02,0.05
123778,2070894,10.166032,-33.326732,5.1,-1392,0.0695,36.5,0.16,26.8,144.3,-0.01,0.05
123778,2072283,10.173665,-33.293775,5.2,-1386,0.0685,36.5,0.16,26.8,143.20000000000002,-0.01,0.05
123778,2073582,10.18169,-33.262145,5.6,-1391,0.0666,36.5,0.16,26.8,143.5,0.,0.05
123778,2078903,10.206258,-33.138272,4.4,-1353,0.0684,36.5,0.16,26.8,145.8,0.,0.05
123778,2105997,10.162582,-33.66484,2.5,-1390,0.0637,36.6,0.17,26.900000000000002,112.,-0.1,0.02
123778,2106123,10.162865,-33.66647,3.8,-1390,0.0639,36.6,0.17,26.900000000000002,112.10000000000001,-0.1,0.02
123778,2107174,10.159785,-33.696373,5.4,-1388,0.063,36.6,0.17,26.900000000000002,112.7,-0.12,0.
123778,2108426,10.158027,-33.732087,7.8,-1392,0.0649,36.6,0.17,26.900000000000002,112.30000000000001,-0.13,-0.02
123778,2108755,10.15717,-33.739442,5.8,-1393,0.06470000000000001,36.6,0.17,26.900000000000002,112.30000000000001,-0.13,-0.02
123778,2108852,10.156663,-33.743042,8.3,-1394,0.0645,36.6,0.17,26.900000000000002,112.30000000000001,-0.13,-0.02
123778,2110138,10.148698,-33.773618,2.4,-1360,0.0654,36.6,0.17,26.900000000000002,114.60000000000001,-0.15,-0.04
123778,2110777,10.146368,-33.781152,2.8,-1363,0.0651,36.6,0.17,26.900000000000002,115.80000000000001,-0.15,-0.05
123778,2111246,10.141727,-33.795473,7.7,-1370,0.06520000000000001,36.6,0.17,26.8,118.2,-0.16,-0.05
123778,2112113,10.137963,-33.808505,7.6,-1375,0.0649,36.6,0.17,26.8,120.5,-0.16,-0.06
123778,2112514,10.134622,-33.822662,7.5,-1380,0.0645,36.6,0.17,26.8,123.,-0.17,-0.07
123778,2113452,10.128068,-33.842665,7.4,-1326,0.0632,36.6,0.17,26.8,126.5,-0.17,-0.08
123778,2113672,10.12283,-33.847683,7.9,-1330,0.06620000000000001,36.6,0.17,26.8,127.,-0.18,-0.08
123778,2114420,10.09751,-33.855497,8.4,-1345,0.0641,36.6,0.17,26.8,130.70000000000002,-0.19,-0.09
123778,2114421,10.09751,-33.855497,8.4,-1345,0.0641,36.6,0.17,26.8,130.70000000000002,-0.19,-0.09
123778,2114461,10.095978,-33.855812,8.5,-1346,0.064,36.6,0.17,26.8,130.9,-0.19,-0.09
123778,2114492,10.094767,-33.856033,8.5,-1347,0.064,36.6,0.17,26.8,131.1,-0.19,-0.09
123778,2114501,10.094417,-33.856112,8.5,-1347,0.0639,36.6,0.17,26.8,131.20000000000002,-0.19,-0.09
123778,2114531,10.093262,-33.85637,8.5,-1347,0.0639,36.6,0.17,26.8,131.3,-0.19,-0.09
123778,2114532,10.093262,-33.85637,8.5,-1347,0.0639,36.6,0.17,26.8,131.3,-0.19,-0.09
123778,2114551,10.09249,-33.856535,8.5,-1348,0.0639,36.6,0.17,26.8,131.4,-0.19,-0.09
123778,2114563,10.0921,-33.856618,8.5,-1348,0.06380000000000001,36.6,0.17,26.8,131.5,-0.19,-0.09
123778,2114610,10.090142,-33.857025,8.6,-1349,0.06380000000000001,36.6,0.17,26.8,131.8,-0.19,-0.09
123778,2114611,10.090142,-33.857025,8.6,-1349,0.06380000000000001,36.6,0.17,26.8,131.8,-0.19,-0.09
123778,2114641,10.08897,-33.857262,8.5,-1350,0.0637,36.6,0.17,26.8,132.,-0.19,-0.09
123778,2114671,10.087785,-33.85747,8.6,-1350,0.0637,36.6,0.17,26.8,132.1,-0.19,-0.09
123778,2114692,10.086963,-33.85765,8.6,-1351,0.0636,36.6,0.17,26.8,132.3,-0.19,-0.09
123778,2114851,10.080865,-33.858897,8.4,-1285,0.0659,36.6,0.17,26.8,133.1,-0.19,-0.09
123778,2114852,10.080865,-33.858897,8.4,-1285,0.0659,36.6,0.17,26.8,133.1,-0.19,-0.09
123778,2114963,10.076628,-33.85978,8.4,-1287,0.0656,36.6,0.17,26.8,133.1,-0.2,-0.1
123778,2115043,10.073558,-33.860463,8.4,-1288,0.0654,36.6,0.17,26.8,133.1,-0.2,-0.1
123778,2115103,10.071258,-33.860935,8.4,-1289,0.06520000000000001,36.6,0.17,26.8,133.,-0.2,-0.1
123778,2115123,10.070527,-33.861075,8.5,-1290,0.0651,36.6,0.17,26.8,133.,-0.2,-0.1
123778,2115972,10.03822,-33.867653,8.2,-1304,0.0621,36.6,0.17,26.8,132.,-0.21,-0.1
123778,2117222,9.990035,-33.87684,8.4,-1265,0.060700000000000004,36.6,0.17,26.700000000000003,133.20000000000002,-0.23,-0.11
123778,2117473,9.98042,-33.878397,8.4,-1267,0.061000000000000006,36.6,0.17,26.700000000000003,135.3,-0.23,-0.11
123778,2119882,9.887517,-33.892893,8.4,-1234,0.0635,36.5,0.16,26.700000000000003,145.8,-0.25,-0.12
123778,2119992,9.883392,-33.893567,8.,-1234,0.0632,36.5,0.16,26.700000000000003,145.5,-0.25,-0.13
123778,2120395,9.868163,-33.89623,8.3,-1233,0.0671,36.5,0.16,26.700000000000003,144.4,-0.25,-0.13
123778,2121314,9.83873,-33.90616,7.5,-1239,0.0635,36.5,0.16,26.700000000000003,145.1,-0.26,-0.13
123778,2121333,9.838592,-33.906843,7.8,-1240,0.0635,36.5,0.16,26.700000000000003,145.3,-0.26,-0.13
123778,2125675,9.810702,-34.066792,8.1,-1235,0.06760000000000001,36.5,0.15,26.6,130.8,-0.27,-0.19
123778,2145353,9.709562,-34.64456,0.5,-1240,0.0597,36.5,0.11,26.3,152.3,-0.21,-0.25
123778,2146594,9.710515,-34.644703,0.4,-1240,0.0597,36.5,0.11,26.400000000000002,152.3,-0.21,-0.25
123778,2146604,9.710525,-34.644708,0.3,-1240,0.0597,36.5,0.11,26.400000000000002,152.3,-0.21,-0.25
123778,2147724,9.71182,-34.645027,0.3,-1240,0.059800000000000006,36.5,0.11,26.400000000000002,152.20000000000002,-0.21,-0.25
123778,2147933,9.712065,-34.644973,0.5,-1240,0.059800000000000006,36.5,0.11,26.400000000000002,152.20000000000002,-0.21,-0.25
123778,2148357,9.712708,-34.64471,0.4,-1240,0.0599,36.5,0.11,26.400000000000002,152.3,-0.21,-0.25
123778,2149252,9.714437,-34.643352,0.5,-1240,0.0601,36.5,0.11,26.400000000000002,152.6,-0.21,-0.25
123778,2150226,9.71516,-34.642472,0.3,-1240,0.0603,36.5,0.11,26.400000000000002,152.8,-0.21,-0.26
123778,2150520,9.715425,-34.64208,0.4,-1240,0.0603,36.5,0.11,26.400000000000002,152.9,-0.21,-0.26
123778,2150793,9.715907,-34.641728,0.4,-1240,0.0604,36.5,0.11,26.400000000000002,153.,-0.21,-0.26
123778,2151414,9.716747,-34.640628,0.4,-1240,0.0606,36.5,0.11,26.400000000000002,153.3,-0.21,-0.26
123778,2151643,9.716983,-34.640293,0.4,-1240,0.0606,36.5,0.11,26.400000000000002,153.3,-0.21,-0.26
123778,2151970,9.716967,-34.639428,0.9,-1240,0.060700000000000004,36.5,0.11,26.400000000000002,153.60000000000002,-0.21,-0.26
123778,2152233,9.716885,-34.638307,0.7,-1240,0.0608,36.5,0.11,26.400000000000002,154.,-0.21,-0.26
123778,2152814,9.716625,-34.636427,0.7,-1241,0.061000000000000006,36.5,0.11,26.400000000000002,154.8,-0.21,-0.26
123778,2153229,9.716668,-34.634807,0.5,-1241,0.061200000000000004,36.5,0.11,26.400000000000002,155.4,-0.22,-0.27
123778,2153960,9.716555,-34.632602,0.4,-1241,0.0614,36.5,0.11,26.400000000000002,156.20000000000002,-0.22,-0.27
123778,2154459,9.716688,-34.631157,0.7,-1241,0.0616,36.5,0.11,26.400000000000002,156.8,-0.22,-0.27
123778,2155177,9.71645,-34.629103,0.8,-1241,0.0618,36.5,0.11,26.400000000000002,157.5,-0.22,-0.27
123778,2156493,9.71793,-34.624427,0.7,-1242,0.055400000000000005,36.5,0.11,26.400000000000002,159.3,-0.22,-0.28
123778,2157810,9.71919,-34.620422,0.8,-1242,0.0563,36.5,0.11,26.400000000000002,160.9,-0.22,-0.28
123778,2158371,9.719362,-34.618648,0.5,-1242,0.0567,36.5,0.11,26.400000000000002,161.60000000000002,-0.22,-0.28
123778,2158411,9.71943,-34.618603,0.5,-1242,0.0567,36.5,0.11,26.400000000000002,161.60000000000002,-0.22,-0.28
123778,2158421,9.719447,-34.618597,0.4,-1242,0.0567,36.5,0.11,26.400000000000002,161.60000000000002,-0.22,-0.28
123778,2158511,9.719582,-34.618525,0.3,-1242,0.0567,36.5,0.11,26.400000000000002,161.70000000000002,-0.22,-0.28
123778,2158581,9.719652,-34.618473,0.4,-1242,0.0567,36.5,0.11,26.400000000000002,161.70000000000002,-0.22,-0.28
123778,2158640,9.719703,-34.618387,0.5,-1242,0.0568,36.5,0.11,26.400000000000002,161.70000000000002,-0.22,-0.28
123778,2158641,9.719703,-34.618387,0.5,-1242,0.0568,36.5,0.11,26.400000000000002,161.70000000000002,-0.22,-0.28
123778,2158647,9.719707,-34.618372,0.4,-1242,0.0568,36.5,0.11,26.400000000000002,161.70000000000002,-0.22,-0.28
123778,2158670,9.719725,-34.618327,0.5,-1242,0.0568,36.5,0.11,26.400000000000002,161.70000000000002,-0.22,-0.28
123778,2158697,9.71974,-34.618275,0.4,-1242,0.0568,36.5,0.11,26.400000000000002,161.8,-0.22,-0.28
123778,2158698,9.71974,-34.618275,0.4,-1242,0.0568,36.5,0.11,26.400000000000002,161.8,-0.22,-0.28
123778,2158701,9.719743,-34.618268,0.5,-1242,0.0568,36.5,0.11,26.400000000000002,161.8,-0.22,-0.28
123778,2158910,9.719887,-34.617763,0.6,-1242,0.056900000000000006,36.5,0.11,26.400000000000002,162.,-0.22,-0.28
123778,2162164,9.7233,-34.61096,0.4,-1243,0.0584,36.5,0.12,26.400000000000002,164.70000000000002,-0.23,-0.29
123778,2167644,9.70084,-34.583317,8.1,-1245,0.0659,36.5,0.12,26.400000000000002,175.10000000000002,-0.24,-0.32
123778,2190456,9.768433,-34.038982,2.1,-1240,0.0623,36.5,0.16,26.6,137.6,-0.28,-0.16
123778,2191583,9.773202,-34.012928,7.2,-1239,0.060000000000000005,36.5,0.16,26.6,138.3,-0.28,-0.15
123778,2192014,9.771415,-34.00179,6.4,-1240,0.058800000000000005,36.5,0.16,26.6,138.70000000000002,-0.28,-0.14
123778,2192690,9.772415,-33.988873,6.3,-1225,0.062200000000000005,36.5,0.16,26.6,140.5,-0.28,-0.14
123778,2193138,9.771198,-33.978982,5.,-1227,0.0616,36.5,0.16,26.6,142.,-0.28,-0.13
123778,2193906,9.77477,-33.965468,6.2,-1232,0.0604,36.5,0.16,26.6,144.1,-0.28,-0.13
123778,2194223,9.769787,-33.956778,6.7,-1233,0.0646,36.5,0.16,26.6,145.4,-0.28,-0.12
123778,2195147,9.771573,-33.940222,3.1,-1239,0.06380000000000001,36.5,0.16,26.6,148.,-0.28,-0.12
123778,2195483,9.777698,-33.932198,6.6,-1241,0.06330000000000001,36.5,0.17,26.6,149.1,-0.28,-0.11
123778,2196484,9.750237,-33.92573,7.5,-1243,0.0635,36.5,0.16,26.6,145.20000000000002,-0.28,-0.11
123778,2196594,9.746348,-33.925028,7.7,-1246,0.062,36.5,0.16,26.6,143.3,-0.28,-0.11
123778,2196892,9.73546,-33.922855,8.4,-1246,0.0618,36.5,0.16,26.6,137.70000000000002,-0.28,-0.11
123778,2197022,9.730398,-33.921768,8.4,-1246,0.0616,36.5,0.16,26.6,134.9,-0.29,-0.11
123778,2197041,9.729677,-33.92159,8.4,-1246,0.0616,36.5,0.16,26.6,134.5,-0.29,-0.11
123778,2197051,9.729295,-33.921505,8.3,-1246,0.0616,36.5,0.16,26.6,134.3,-0.29,-0.11
123778,2197081,9.728115,-33.921253,8.3,-1246,0.0616,36.5,0.16,26.6,133.70000000000002,-0.29,-0.11
123778,2197082,9.728115,-33.921253,8.3,-1246,0.0616,36.5,0.16,26.6,133.70000000000002,-0.29,-0.11
123778,2197171,9.72469,-33.920503,8.5,-1246,0.061500000000000006,36.5,0.16,26.6,131.70000000000002,-0.29,-0.11
123778,2197231,9.722397,-33.919972,8.4,-1246,0.0614,36.5,0.16,26.6,130.4,-0.29,-0.11
123778,2197261,9.721213,-33.919675,8.5,-1246,0.0614,36.5,0.16,26.6,129.70000000000002,-0.29,-0.11
123778,2197262,9.721213,-33.919675,8.5,-1246,0.0614,36.5,0.16,26.6,129.70000000000002,-0.29,-0.11
123778,2197291,9.72008,-33.919447,8.5,-1246,0.0613,36.5,0.16,26.6,129.1,-0.29,-0.11
123778,2197321,9.718888,-33.91915,8.6,-1246,0.0613,36.5,0.16,26.6,128.4,-0.29,-0.11
123778,2197341,9.718127,-33.918968,8.4,-1246,0.061200000000000004,36.5,0.16,26.6,128.,-0.29,-0.11
123778,2197342,9.718127,-33.918968,8.4,-1246,0.061200000000000004,36.5,0.16,26.6,128.,-0.29,-0.11
123778,2197694,9.704665,-33.915803,8.7,-1198,0.0608,36.5,0.16,26.6,120.80000000000001,-0.29,-0.11
123778,2197884,9.69709,-33.914148,8.7,-1191,0.0606,36.5,0.16,26.6,117.,-0.29,-0.11
123778,2198214,9.683847,-33.911225,8.9,-1180,0.060200000000000004,36.5,0.16,26.6,110.9,-0.29,-0.11
123778,2198973,9.672887,-33.892915,8.5,-1187,0.060000000000000005,36.4,0.16,26.6,114.9,-0.29,-0.1
123778,2199164,9.673052,-33.885258,8.6,-1195,0.060200000000000004,36.4,0.16,26.6,116.30000000000001,-0.29,-0.1
123778,2200154,9.67549,-33.84626,8.5,-1234,0.0567,36.4,0.16,26.6,123.5,-0.29,-0.09
123778,2200604,9.677147,-33.828555,8.4,-1144,0.057300000000000004,36.4,0.16,26.6,122.9,-0.29,-0.09
123778,2201353,9.680055,-33.799467,8.2,-1182,0.055200000000000006,36.5,0.16,26.6,117.80000000000001,-0.28,-0.08
123778,2201753,9.68162,-33.784215,8.2,-1202,0.0592,36.5,0.16,26.6,115.30000000000001,-0.28,-0.07
123778,2202693,9.685623,-33.748683,8.1,-1153,0.0623,36.5,0.17,26.6,112.80000000000001,-0.28,-0.06
123778,2202802,9.686308,-33.743768,8.1,-1159,0.061900000000000004,36.5,0.17,26.6,113.4,-0.28,-0.06
123778,2202830,9.686452,-33.742673,8.1,-1160,0.061900000000000004,36.5,0.17,26.6,113.5,-0.27,-0.06
123778,2202831,9.686452,-33.742673,8.1,-1160,0.061900000000000004,36.5,0.17,26.6,113.5,-0.27,-0.06
123778,2202861,9.686625,-33.741517,8.1,-1161,0.0618,36.5,0.17,26.6,113.60000000000001,-0.27,-0.06
123778,2202862,9.686625,-33.741517,8.1,-1161,0.0618,36.5,0.17,26.6,113.60000000000001,-0.27,-0.06
123778,2202870,9.686683,-33.741145,8.,-1162,0.0618,36.5,0.17,26.6,113.7,-0.27,-0.06
123778,2202930,9.687005,-33.738908,8.,-1164,0.0616,36.5,0.17,26.6,113.9,-0.27,-0.06
123778,2202970,9.68722,-33.737427,8.,-1166,0.061500000000000006,36.5,0.17,26.6,114.10000000000001,-0.27,-0.06
123778,2202971,9.68722,-33.737427,8.,-1166,0.061500000000000006,36.5,0.17,26.6,114.10000000000001,-0.27,-0.06
123778,2203011,9.687425,-33.735903,7.9,-1167,0.0614,36.5,0.17,26.6,114.30000000000001,-0.27,-0.06
123778,2203012,9.687425,-33.735903,7.9,-1167,0.0614,36.5,0.17,26.6,114.30000000000001,-0.27,-0.06
123778,2203030,9.687522,-33.735203,7.9,-1168,0.0614,36.5,0.17,26.6,114.30000000000001,-0.27,-0.06
123778,2203031,9.687522,-33.735203,7.9,-1168,0.0614,36.5,0.17,26.6,114.30000000000001,-0.27,-0.06
123778,2203051,9.687637,-33.734427,7.9,-1169,0.0613,36.5,0.17,26.6,114.4,-0.27,-0.06
123778,2203052,9.687637,-33.734427,7.9,-1169,0.0613,36.5,0.17,26.6,114.4,-0.27,-0.06
123778,2203071,9.687735,-33.733682,8.,-1170,0.0613,36.5,0.17,26.6,114.5,-0.27,-0.06
123778,2203072,9.687735,-33.733682,8.,-1170,0.0613,36.5,0.17,26.6,114.5,-0.27,-0.06
123778,2203083,9.687687,-33.734093,8.,-1169,0.0613,36.5,0.17,26.6,114.5,-0.27,-0.06
123778,2203090,9.687817,-33.732972,8.,-1171,0.061200000000000004,36.5,0.17,26.6,114.60000000000001,-0.27,-0.06
123778,2203092,9.687817,-33.732972,8.,-1171,0.061200000000000004,36.5,0.17,26.6,114.60000000000001,-0.27,-0.06
123778,2203131,9.68806,-33.731455,8.,-1172,0.0611,36.5,0.17,26.6,114.80000000000001,-0.27,-0.06
123778,2203132,9.68806,-33.731455,8.,-1172,0.0611,36.5,0.17,26.6,114.80000000000001,-0.27,-0.06
123778,2203214,9.688333,-33.729242,8.,-1175,0.061000000000000006,36.5,0.17,26.6,115.,-0.27,-0.06
123778,2203243,9.688575,-33.727372,8.,-1177,0.0609,36.5,0.17,26.6,115.2,-0.27,-0.06
123778,2203362,9.68916,-33.72286,8.1,-1182,0.0606,36.5,0.17,26.6,115.7,-0.27,-0.05
123778,2204363,9.693868,-33.685812,8.3,-1224,0.0626,36.5,0.17,26.700000000000003,120.,-0.26,-0.04
123778,2204504,9.69462,-33.680348,8.3,-1231,0.0623,36.5,0.17,26.700000000000003,120.60000000000001,-0.26,-0.04
123778,2208984,9.713505,-33.509035,8.1,-1245,0.0645,36.5,0.17,26.700000000000003,141.9,-0.24,0.01
123778,2229773,9.731852,-33.145215,0.8,-1247,0.0708,36.5,0.17,26.8,151.,-0.23,0.09
123778,2232044,9.725182,-33.145537,0.7,-1247,0.07050000000000001,36.5,0.17,26.8,151.,-0.23,0.09
123778,2232053,9.725153,-33.145542,0.7,-1247,0.07050000000000001,36.5,0.17,26.8,151.,-0.23,0.09
123778,2233283,9.721093,-33.14693,1.,-1247,0.0703,36.5,0.17,26.8,150.9,-0.23,0.09
123778,2233563,9.720117,-33.147248,0.9,-1247,0.0703,36.5,0.17,26.8,150.9,-0.23,0.09
123778,2233830,9.719012,-33.147665,1.1,-1247,0.0703,36.5,0.17,26.8,150.8,-0.23,0.09
123778,2234545,9.716435,-33.14872,0.7,-1247,0.0702,36.5,0.17,26.8,150.8,-0.23,0.09
123778,2234753,9.71582,-33.149065,0.9,-1247,0.0702,36.5,0.17,26.8,150.8,-0.23,0.09
123778,2235053,9.714828,-33.149578,0.7,-1247,0.0702,36.5,0.17,26.8,150.8,-0.23,0.09
123778,2235914,9.711863,-33.150538,0.8,-1247,0.0702,36.5,0.17,26.8,150.8,-0.23,0.09
123778,2236293,9.710607,-33.151245,0.8,-1248,0.0702,36.5,0.17,26.8,150.8,-0.23,0.09
123778,2236652,9.709307,-33.151835,0.8,-1248,0.0702,36.5,0.17,26.8,150.70000000000002,-0.23,0.09
123778,2237004,9.70817,-33.152392,0.9,-1248,0.0708,36.5,0.17,26.8,150.70000000000002,-0.23,0.09
123778,2237353,9.706847,-33.153142,1.1,-1248,0.0707,36.5,0.17,26.8,150.70000000000002,-0.23,0.09
123778,2237663,9.705645,-33.153895,0.9,-1248,0.0707,36.5,0.17,26.8,150.70000000000002,-0.23,0.09
123778,2238413,9.70284,-33.155203,0.7,-1248,0.07050000000000001,36.5,0.17,26.8,150.70000000000002,-0.23,0.09
123778,2238763,9.701797,-33.15562,0.7,-1248,0.07050000000000001,36.5,0.17,26.8,150.70000000000002,-0.23,0.09
123778,2239583,9.699685,-33.156175,0.6,-1248,0.0703,36.5,0.17,26.8,150.70000000000002,-0.23,0.09
123778,2240883,9.695595,-33.157635,0.8,-1248,0.07010000000000001,36.5,0.17,26.8,150.8,-0.24,0.09
123778,2241203,9.694693,-33.158037,0.7,-1248,0.07,36.5,0.17,26.8,150.8,-0.24,0.09
123778,2242223,9.691495,-33.159203,0.6,-1248,0.0698,36.5,0.17,26.8,150.8,-0.24,0.09
123778,2242553,9.690465,-33.159637,0.8,-1248,0.0697,36.5,0.17,26.8,150.8,-0.24,0.09
123778,2243433,9.687683,-33.160957,0.6,-1248,0.0695,36.5,0.17,26.8,150.9,-0.24,0.09
123778,2246703,9.67702,-33.16526,0.6,-1249,0.06860000000000001,36.5,0.17,26.8,151.1,-0.24,0.09
123778,2246773,9.67683,-33.16531,0.7,-1249,0.0685,36.5,0.17,26.8,151.1,-0.24,0.09
123778,2246822,9.67669,-33.16536,0.7,-1249,0.0685,36.5,0.17,26.8,151.20000000000002,-0.24,0.09
123778,2247053,9.675942,-33.165638,0.7,-1249,0.0685,36.5,0.17,26.8,151.20000000000002,-0.24,0.09
123778,2247173,9.675548,-33.16581,0.7,-1249,0.0684,36.5,0.17,26.8,151.20000000000002,-0.24,0.09
123778,2251085,9.666513,-33.173453,0.7,-1252,0.06810000000000001,36.5,0.17,26.8,151.8,-0.24,0.09
123778,2275969,9.638115,-33.756295,2.2,-1249,0.0548,36.4,0.17,26.6,127.7,-0.29,-0.04
123778,2277115,9.649262,-33.772657,0.8,-1248,0.054900000000000004,36.4,0.17,26.6,124.7,-0.29,-0.04
123778,2278390,9.656432,-33.79948,3.9,-1248,0.0533,36.4,0.17,26.6,123.2,-0.3,-0.05
123778,2278804,9.654988,-33.810175,4.8,-1247,0.0538,36.4,0.17,26.6,123.7,-0.3,-0.05
123778,2279473,9.650893,-33.828602,8.7,-1247,0.0546,36.4,0.17,26.6,124.80000000000001,-0.3,-0.06
123778,2280013,9.64805,-33.838942,8.6,-1249,0.055200000000000006,36.4,0.17,26.6,125.4,-0.3,-0.06
123778,2280863,9.644752,-33.854378,7.,-1249,0.056,36.4,0.17,26.6,125.60000000000001,-0.31,-0.06
123778,2281164,9.64278,-33.86132,8.4,-1248,0.0562,36.4,0.17,26.6,125.9,-0.31,-0.07
123778,2281953,9.637062,-33.878767,8.1,-1248,0.057800000000000004,36.4,0.17,26.6,127.4,-0.31,-0.07
123778,2282439,9.628737,-33.894792,6.6,-1247,0.0582,36.4,0.17,26.6,130.5,-0.31,-0.07
123778,2283265,9.619383,-33.90649,2.9,-1247,0.059500000000000004,36.4,0.17,26.700000000000003,134.70000000000002,-0.31,-0.08
123778,2283613,9.61589,-33.910205,4.4,-1247,0.0594,36.4,0.17,26.700000000000003,136.5,-0.31,-0.08
123778,2284454,9.60984,-33.925125,4.9,-1249,0.060000000000000005,36.4,0.17,26.700000000000003,140.1,-0.32,-0.08
123778,2284883,9.61007,-33.934387,6.6,-1249,0.060700000000000004,36.4,0.17,26.700000000000003,140.20000000000002,-0.32,-0.08
123778,2285332,9.610543,-33.93914,1.6,-1248,0.0611,36.4,0.17,26.700000000000003,140.1,-0.32,-0.09
123778,2285358,9.610315,-33.939242,2.3,-1248,0.0611,36.4,0.17,26.700000000000003,140.20000000000002,-0.32,-0.09
123778,2285359,9.610315,-33.939242,2.3,-1248,0.0611,36.4,0.17,26.700000000000003,140.20000000000002,-0.32,-0.09
123778,2285367,9.610208,-33.939303,2.6,-1248,0.0611,36.4,0.17,26.700000000000003,140.3,-0.32,-0.09
123778,2285368,9.610208,-33.939303,2.6,-1248,0.0611,36.4,0.17,26.700000000000003,140.3,-0.32,-0.09
123778,2285375,9.610112,-33.939363,2.8,-1248,0.0611,36.4,0.17,26.700000000000003,140.3,-0.32,-0.09
123778,2285429,9.609448,-33.939867,3.3,-1248,0.0611,36.4,0.17,26.700000000000003,140.5,-0.32,-0.09
123778,2285430,9.609448,-33.939867,3.3,-1248,0.0611,36.4,0.17,26.700000000000003,140.5,-0.32,-0.09
123778,2285437,9.609355,-33.939955,3.3,-1248,0.0611,36.4,0.17,26.700000000000003,140.5,-0.32,-0.09
123778,2285438,9.609355,-33.939955,3.3,-1248,0.0611,36.4,0.17,26.700000000000003,140.5,-0.32,-0.09
123778,2285441,9.609312,-33.939997,3.3,-1248,0.0611,36.4,0.17,26.700000000000003,140.6,-0.32,-0.09
123778,2285448,9.609242,-33.940078,3.3,-1248,0.0611,36.4,0.17,26.700000000000003,140.6,-0.32,-0.09
123778,2285449,9.609242,-33.940078,3.3,-1248,0.0611,36.4,0.17,26.700000000000003,140.6,-0.32,-0.09
123778,2285458,9.609152,-33.940192,3.,-1248,0.0611,36.4,0.17,26.700000000000003,140.6,-0.32,-0.09
123778,2285459,9.609152,-33.940192,3.,-1248,0.0611,36.4,0.17,26.700000000000003,140.6,-0.32,-0.09
123778,2285482,9.608972,-33.940463,3.1,-1248,0.0611,36.4,0.17,26.700000000000003,140.70000000000002,-0.32,-0.09
123778,2285488,9.608915,-33.940552,3.2,-1248,0.0611,36.4,0.17,26.700000000000003,140.70000000000002,-0.32,-0.09
123778,2285494,9.608868,-33.940632,3.3,-1248,0.0611,36.4,0.17,26.700000000000003,140.70000000000002,-0.32,-0.09
123778,2285495,9.608868,-33.940632,3.3,-1248,0.0611,36.4,0.17,26.700000000000003,140.70000000000002,-0.32,-0.09
123778,2285561,9.60797,-33.942053,6.5,-1248,0.0611,36.4,0.17,26.700000000000003,141.,-0.32,-0.09
123778,2285564,9.607918,-33.94213,6.5,-1248,0.0611,36.4,0.17,26.700000000000003,141.,-0.32,-0.09
123778,2285565,9.607918,-33.94213,6.5,-1248,0.0611,36.4,0.17,26.700000000000003,141.,-0.32,-0.09
123778,2285572,9.60781,-33.942307,6.4,-1248,0.0611,36.4,0.17,26.700000000000003,141.1,-0.32,-0.09
123778,2285608,9.607323,-33.943023,4.4,-1248,0.061200000000000004,36.4,0.17,26.700000000000003,141.20000000000002,-0.32,-0.09
123778,2285618,9.607195,-33.943117,4.,-1248,0.061200000000000004,36.4,0.17,26.700000000000003,141.20000000000002,-0.32,-0.09
123778,2285627,9.607032,-33.943163,3.6,-1248,0.0611,36.4,0.17,26.700000000000003,141.3,-0.32,-0.09
123778,2285635,9.606908,-33.943127,3.1,-1248,0.0611,36.4,0.17,26.700000000000003,141.3,-0.32,-0.09
123778,2285636,9.606908,-33.943127,3.1,-1248,0.0611,36.4,0.17,26.700000000000003,141.3,-0.32,-0.09
123778,2285653,9.606883,-33.942857,2.2,-1248,0.0611,36.4,0.17,26.700000000000003,141.3,-0.32,-0.09
123778,2285664,9.607043,-33.942778,2.6,-1248,0.0611,36.4,0.17,26.700000000000003,141.3,-0.32,-0.09
123778,2285667,9.607098,-33.942778,2.6,-1248,0.0611,36.4,0.17,26.700000000000003,141.3,-0.32,-0.09
123778,2285668,9.607098,-33.942778,2.6,-1248,0.0611,36.4,0.17,26.700000000000003,141.3,-0.32,-0.09
123778,2285674,9.6072,-33.94281,2.8,-1248,0.0611,36.4,0.17,26.700000000000003,141.20000000000002,-0.32,-0.09
123778,2285678,9.607255,-33.942848,2.8,-1248,0.0611,36.4,0.17,26.700000000000003,141.20000000000002,-0.32,-0.09
123778,2285681,9.607297,-33.942878,2.8,-1248,0.0611,36.4,0.17,26.700000000000003,141.20000000000002,-0.32,-0.09
123778,2285685,9.607333,-33.942927,2.7,-1248,0.0611,36.4,0.17,26.700000000000003,141.20000000000002,-0.32,-0.09
123778,2285688,9.607372,-33.942975,2.8,-1248,0.061200000000000004,36.4,0.17,26.700000000000003,141.20000000000002,-0.32,-0.09
123778,2285689,9.607372,-33.942975,2.8,-1248,0.061200000000000004,36.4,0.17,26.700000000000003,141.20000000000002,-0.32,-0.09
123778,2285695,9.607405,-33.943047,2.7,-1248,0.061200000000000004,36.4,0.17,26.700000000000003,141.20000000000002,-0.32,-0.09
123778,2285699,9.607425,-33.943095,2.5,-1248,0.061200000000000004,36.4,0.17,26.700000000000003,141.20000000000002,-0.32,-0.09
123778,2285724,9.607457,-33.943362,2.1,-1248,0.061200000000000004,36.4,0.17,26.700000000000003,141.20000000000002,-0.32,-0.09
123778,2285725,9.607457,-33.943362,2.1,-1248,0.061200000000000004,36.4,0.17,26.700000000000003,141.20000000000002,-0.32,-0.09
123778,2285729,9.607455,-33.943405,2.,-1248,0.061200000000000004,36.4,0.17,26.700000000000003,141.20000000000002,-0.32,-0.09
123778,2285733,9.607455,-33.943432,2.,-1248,0.061200000000000004,36.4,0.17,26.700000000000003,141.20000000000002,-0.32,-0.09
123778,2285734,9.607455,-33.943448,2.,-1248,0.061200000000000004,36.4,0.17,26.700000000000003,141.20000000000002,-0.32,-0.09
123778,2285738,9.607453,-33.943472,1.9,-1248,0.061200000000000004,36.4,0.17,26.700000000000003,141.20000000000002,-0.32,-0.09
123778,2285741,9.607453,-33.943497,1.9,-1248,0.061200000000000004,36.4,0.17,26.700000000000003,141.20000000000002,-0.32,-0.09
123778,2285746,9.607453,-33.943538,1.8,-1248,0.061200000000000004,36.4,0.17,26.700000000000003,141.20000000000002,-0.32,-0.09
123778,2285748,9.60745,-33.943553,1.8,-1248,0.061200000000000004,36.4,0.17,26.700000000000003,141.20000000000002,-0.32,-0.09
123778,2285783,9.607417,-33.943858,1.7,-1248,0.061200000000000004,36.4,0.17,26.700000000000003,141.20000000000002,-0.32,-0.09
123778,2285828,9.607328,-33.944242,2.3,-1248,0.061200000000000004,36.4,0.17,26.700000000000003,141.20000000000002,-0.32,-0.09
123778,2285843,9.607278,-33.944462,3.2,-1248,0.0613,36.4,0.17,26.700000000000003,141.20000000000002,-0.32,-0.09
123778,2285859,9.607217,-33.94483,4.7,-1248,0.0613,36.4,0.17,26.700000000000003,141.20000000000002,-0.32,-0.09
123778,2285909,9.607113,-33.946082,5.4,-1248,0.0614,36.4,0.17,26.700000000000003,141.3,-0.32,-0.09
123778,2285918,9.607133,-33.946353,5.6,-1248,0.0614,36.4,0.17,26.700000000000003,141.3,-0.32,-0.09
123778,2285925,9.607145,-33.946523,5.8,-1248,0.0614,36.4,0.17,26.700000000000003,141.3,-0.32,-0.09
123778,2285941,9.607195,-33.946995,6.2,-1248,0.0614,36.4,0.17,26.700000000000003,141.20000000000002,-0.32,-0.09
123778,2286029,9.607822,-33.949872,7.5,-1248,0.061700000000000005,36.4,0.17,26.700000000000003,141.1,-0.32,-0.09
123778,2286165,9.608695,-33.952735,2.9,-1248,0.062,36.4,0.17,26.700000000000003,140.9,-0.32,-0.09
123778,2287026,9.603367,-33.964985,4.,-1248,0.0616,36.4,0.17,26.700000000000003,141.8,-0.32,-0.1
123778,2287635,9.602683,-33.974375,8.,-1248,0.0625,36.4,0.17,26.700000000000003,141.6,-0.32,-0.1
123778,2288203,9.598872,-33.985513,8.2,-1247,0.06330000000000001,36.4,0.17,26.700000000000003,140.9,-0.32,-0.1
123778,2288753,9.594325,-34.00549,8.5,-1249,0.063,36.4,0.17,26.700000000000003,137.1,-0.32,-0.11
123778,2289573,9.588043,-34.037788,8.7,-1248,0.0663,36.4,0.17,26.700000000000003,128.9,-0.31,-0.13
123778,2290063,9.584883,-34.057272,8.6,-1247,0.0653,36.4,0.17,26.700000000000003,124.60000000000001,-0.31,-0.14
123778,2291033,9.579182,-34.095472,8.4,-1253,0.0584,36.4,0.17,26.8,117.,-0.31,-0.17
123778,2291371,9.577132,-34.108833,8.5,-1252,0.060700000000000004,36.4,0.17,26.8,114.30000000000001,-0.31,-0.18
123778,2291372,9.577132,-34.108833,8.5,-1252,0.060700000000000004,36.4,0.17,26.8,114.30000000000001,-0.31,-0.18
123778,2291402,9.576948,-34.110032,8.7,-1252,0.061000000000000006,36.4,0.17,26.8,114.,-0.31,-0.18
123778,2291451,9.57662,-34.112018,8.5,-1252,0.0613,36.4,0.17,26.8,113.7,-0.31,-0.18
123778,2291501,9.57629,-34.113982,8.5,-1252,0.061700000000000005,36.4,0.17,26.8,113.30000000000001,-0.31,-0.18
123778,2291521,9.576162,-34.11477,8.5,-1252,0.0618,36.4,0.17,26.8,113.10000000000001,-0.31,-0.18
123778,2291522,9.576162,-34.11477,8.5,-1252,0.0618,36.4,0.17,26.8,113.10000000000001,-0.31,-0.18
123778,2291531,9.576095,-34.115168,8.6,-1252,0.061900000000000004,36.4,0.17,26.8,113.,-0.31,-0.18
123778,2291533,9.576095,-34.115168,8.6,-1252,0.061900000000000004,36.4,0.17,26.8,113.,-0.31,-0.18
123778,2291622,9.575473,-34.118733,8.6,-1252,0.0625,36.4,0.17,26.8,112.4,-0.31,-0.18
123778,2292525,9.568312,-34.154747,8.8,-1249,0.0625,36.4,0.17,26.8,105.9,-0.32,-0.21
123778,2297965,9.527238,-34.366138,8.1,-1249,0.0626,36.4,0.16,26.6,110.60000000000001,-0.35000000000000003,-0.28
123778,2316384,9.476525,-34.820647,1.2,-1245,0.0669,36.5,0.14,26.3,145.70000000000002,-0.2,-0.11
123778,2317673,9.482992,-34.8201,0.9,-1245,0.06760000000000001,36.5,0.14,26.3,146.20000000000002,-0.2,-0.11
123778,2318344,9.486387,-34.819793,1.1,-1246,0.0679,36.5,0.14,26.3,146.4,-0.2,-0.11
123778,2319334,9.491667,-34.819123,1.1,-1246,0.0683,36.5,0.14,26.3,146.8,-0.2,-0.11
123778,2319443,9.492202,-34.819072,0.9,-1246,0.0684,36.5,0.14,26.3,146.8,-0.2,-0.11
123778,2319463,9.492305,-34.819065,1.1,-1246,0.0684,36.5,0.14,26.3,146.8,-0.2,-0.11
123778,2320103,9.495252,-34.818573,1.1,-1246,0.06860000000000001,36.5,0.14,26.3,147.,-0.21,-0.12
123778,2320464,9.496992,-34.818428,1.,-1246,0.0687,36.5,0.14,26.3,147.20000000000002,-0.21,-0.12
123778,2320804,9.498747,-34.818303,1.1,-1246,0.0689,36.5,0.14,26.3,147.3,-0.21,-0.12
123778,2321381,9.501292,-34.81793,0.7,-1251,0.06760000000000001,36.5,0.14,26.3,147.5,-0.21,-0.12
123778,2321710,9.502502,-34.817715,1.,-1251,0.06770000000000001,36.5,0.14,26.3,147.5,-0.21,-0.12
123778,2321932,9.503363,-34.817597,0.7,-1251,0.0678,36.5,0.14,26.3,147.6,-0.21,-0.12
123778,2322583,9.506067,-34.817203,0.8,-1251,0.0679,36.5,0.14,26.3,147.8,-0.21,-0.12
123778,2323054,9.507795,-34.816902,0.9,-1252,0.06810000000000001,36.5,0.14,26.3,147.9,-0.21,-0.12
123778,2323302,9.508835,-34.816813,0.9,-1252,0.0682,36.5,0.14,26.3,148.,-0.21,-0.12
123778,2323943,9.511317,-34.81607,0.7,-1252,0.0683,36.5,0.14,26.3,148.1,-0.21,-0.12
123778,2324334,9.51274,-34.815575,0.9,-1252,0.0685,36.5,0.14,26.3,148.20000000000002,-0.21,-0.12
123778,2325293,9.51666,-34.814028,1.1,-1252,0.0688,36.5,0.14,26.3,148.4,-0.21,-0.12
123778,2325883,9.518682,-34.812822,0.8,-1252,0.069,36.5,0.14,26.3,148.5,-0.21,-0.13
123778,2326483,9.520635,-34.811522,0.9,-1252,0.06910000000000001,36.5,0.14,26.3,148.5,-0.21,-0.13
123778,2328114,9.526282,-34.808793,0.8,-1252,0.0698,36.5,0.15,26.3,148.6,-0.21,-0.13
123778,2329231,9.529557,-34.807425,0.8,-1252,0.0702,36.5,0.15,26.3,148.6,-0.22,-0.13
123778,2329232,9.529557,-34.807425,0.8,-1252,0.0702,36.5,0.15,26.3,148.6,-0.22,-0.13
123778,2329281,9.52972,-34.807318,0.8,-1252,0.0702,36.5,0.15,26.3,148.6,-0.22,-0.13
123778,2329382,9.530068,-34.807128,0.7,-1252,0.0702,36.5,0.15,26.3,148.6,-0.22,-0.13
123778,2329383,9.530068,-34.807128,0.7,-1252,0.0702,36.5,0.15,26.3,148.6,-0.22,-0.13
123778,2329402,9.530123,-34.807093,0.7,-1252,0.0702,36.5,0.15,26.3,148.6,-0.22,-0.13
123778,2329420,9.530182,-34.807053,0.8,-1252,0.0702,36.5,0.15,26.3,148.6,-0.22,-0.13
123778,2329421,9.530182,-34.807053,0.8,-1252,0.0702,36.5,0.15,26.3,148.6,-0.22,-0.13
123778,2329430,9.530207,-34.807037,0.8,-1252,0.0702,36.5,0.15,26.3,148.6,-0.22,-0.13
123778,2329431,9.530207,-34.807037,0.8,-1252,0.0702,36.5,0.15,26.3,148.6,-0.22,-0.13
123778,2329521,9.530493,-34.806893,0.8,-1252,0.0703,36.5,0.15,26.3,148.6,-0.22,-0.13
123778,2329522,9.530493,-34.806893,0.8,-1252,0.0703,36.5,0.15,26.3,148.6,-0.22,-0.13
123778,2329532,9.530532,-34.806878,0.8,-1252,0.0703,36.5,0.15,26.3,148.6,-0.22,-0.13
123778,2329573,9.530687,-34.806818,1.,-1252,0.0703,36.5,0.15,26.3,148.6,-0.22,-0.13
123778,2329633,9.530915,-34.806728,0.8,-1252,0.0703,36.5,0.15,26.3,148.6,-0.22,-0.13
123778,2329641,9.530948,-34.806717,0.8,-1252,0.0703,36.5,0.15,26.3,148.6,-0.22,-0.13
123778,2329642,9.530948,-34.806717,0.8,-1252,0.0703,36.5,0.15,26.3,148.6,-0.22,-0.13
123778,2329692,9.531112,-34.80666,0.8,-1252,0.0704,36.5,0.15,26.3,148.6,-0.22,-0.13
123778,2329693,9.531112,-34.80666,0.8,-1252,0.0704,36.5,0.15,26.3,148.6,-0.22,-0.13
123778,2329713,9.531177,-34.806635,0.7,-1252,0.0704,36.5,0.15,26.3,148.6,-0.22,-0.13
123778,2329832,9.531508,-34.806488,0.6,-1252,0.0704,36.5,0.15,26.3,148.6,-0.22,-0.13
123778,2329833,9.531508,-34.806488,0.6,-1252,0.0704,36.5,0.15,26.3,148.6,-0.22,-0.13
123778,2334603,9.5481,-34.80096,0.7,-1251,0.06860000000000001,36.5,0.15,26.3,148.8,-0.22,-0.14
123778,2335161,9.549983,-34.800207,0.7,-1251,0.06860000000000001,36.5,0.15,26.400000000000002,148.8,-0.22,-0.14
123778,2335241,9.550223,-34.80006,0.8,-1251,0.06860000000000001,36.5,0.15,26.400000000000002,148.8,-0.22,-0.14
123778,2335242,9.550223,-34.80006,0.8,-1251,0.06860000000000001,36.5,0.15,26.400000000000002,148.8,-0.22,-0.14
123778,2340100,9.507903,-34.797185,1.7,-1250,0.0673,36.5,0.15,26.3,147.3,-0.23,-0.13
123778,2361501,9.682133,-34.321327,8.9,-1242,0.0668,36.4,0.18,26.700000000000003,107.10000000000001,-0.37,-0.28
123778,2362634,9.699137,-34.296733,8.9,-1240,0.066,36.4,0.18,26.700000000000003,107.4,-0.36,-0.27
123778,2362949,9.703332,-34.289258,6.4,-1241,0.067,36.4,0.18,26.700000000000003,107.7,-0.36,-0.26
123778,2363875,9.710688,-34.265337,3.2,-1244,0.06570000000000001,36.4,0.18,26.700000000000003,108.7,-0.35000000000000003,-0.25
123778,2364392,9.712128,-34.254753,7.4,-1246,0.0664,36.4,0.18,26.700000000000003,109.2,-0.35000000000000003,-0.24
123778,2365093,9.714715,-34.232855,3.8,-1244,0.065,36.4,0.18,26.700000000000003,110.7,-0.35000000000000003,-0.23
123778,2365477,9.714873,-34.224258,8.9,-1244,0.0653,36.4,0.18,26.700000000000003,111.60000000000001,-0.35000000000000003,-0.23
123778,2366345,9.716308,-34.19529,9.,-1245,0.0641,36.4,0.18,26.700000000000003,114.4,-0.34,-0.21
123778,2366814,9.717245,-34.177807,2.5,-1245,0.064,36.4,0.18,26.6,116.10000000000001,-0.34,-0.2
123778,2367521,9.718468,-34.158967,8.9,-1238,0.0634,36.4,0.18,26.6,118.10000000000001,-0.34,-0.19
123778,2368081,9.719168,-34.144235,8.6,-1239,0.0626,36.4,0.18,26.6,122.60000000000001,-0.33,-0.17
123778,2368102,9.719163,-34.143467,8.6,-1239,0.0625,36.4,0.18,26.6,122.9,-0.33,-0.17
123778,2368104,9.719152,-34.143307,8.6,-1239,0.0625,36.4,0.18,26.6,122.9,-0.33,-0.17
123778,2368127,9.71908,-34.142343,8.6,-1239,0.0625,36.4,0.18,26.6,123.2,-0.33,-0.17
123778,2368128,9.71908,-34.142343,8.6,-1239,0.0625,36.4,0.18,26.6,123.2,-0.33,-0.17
123778,2368161,9.719127,-34.141057,8.5,-1239,0.062400000000000004,36.4,0.18,26.6,123.60000000000001,-0.33,-0.17
123778,2368177,9.719077,-34.140385,8.5,-1239,0.062400000000000004,36.4,0.18,26.6,123.80000000000001,-0.33,-0.17
123778,2368273,9.718835,-34.136787,7.8,-1240,0.0621,36.4,0.18,26.6,125.,-0.33,-0.17
123778,2368274,9.718835,-34.136787,7.8,-1240,0.0621,36.4,0.18,26.6,125.,-0.33,-0.17
123778,2368414,9.71839,-34.13114,8.7,-1240,0.0618,36.4,0.18,26.6,126.7,-0.33,-0.17
123778,2368714,9.717615,-34.123682,8.,-1241,0.061700000000000005,36.4,0.18,26.6,129.,-0.33,-0.16
123778,2369001,9.716403,-34.117143,7.9,-1242,0.0613,36.4,0.18,26.6,131.,-0.33,-0.16
123778,2369318,9.714332,-34.108617,1.9,-1242,0.0609,36.4,0.18,26.6,133.4,-0.33,-0.15
123778,2370086,9.708455,-34.092657,5.9,-1243,0.060000000000000005,36.4,0.18,26.6,137.20000000000002,-0.33,-0.14
123778,2370200,9.707803,-34.0895,3.6,-1244,0.0645,36.4,0.18,26.6,138.,-0.33,-0.14
123778,2370482,9.704527,-34.082317,8.8,-1238,0.059800000000000006,36.4,0.18,26.6,139.3,-0.33,-0.13
123778,2371294,9.697152,-34.064093,1.6,-1240,0.0629,36.4,0.18,26.6,141.4,-0.33,-0.12
123778,2372554,9.665218,-34.055308,8.4,-1244,0.0665,36.4,0.18,26.6,139.20000000000002,-0.33,-0.12
123778,2372893,9.651767,-34.05497,8.7,-1244,0.0668,36.4,0.18,26.6,138.,-0.33,-0.12
123778,2373741,9.617798,-34.054202,8.6,-1246,0.064,36.4,0.18,26.700000000000003,134.9,-0.33,-0.12
123778,2373771,9.616603,-34.054187,8.6,-1246,0.0641,36.4,0.18,26.700000000000003,134.8,-0.33,-0.12
123778,2373830,9.614207,-34.05416,8.7,-1246,0.0641,36.4,0.18,26.700000000000003,134.6,-0.33,-0.12
123778,2373832,9.614207,-34.05416,8.7,-1246,0.0641,36.4,0.18,26.700000000000003,134.6,-0.33,-0.12
123778,2373833,9.614207,-34.05416,8.7,-1246,0.0641,36.4,0.18,26.700000000000003,134.6,-0.33,-0.12
123778,2373869,9.612638,-34.054157,8.6,-1246,0.06420000000000001,36.4,0.18,26.700000000000003,134.4,-0.33,-0.12
123778,2373871,9.612638,-34.054157,8.6,-1246,0.06420000000000001,36.4,0.18,26.700000000000003,134.4,-0.33,-0.12
123778,2373890,9.611797,-34.054148,8.6,-1246,0.06420000000000001,36.4,0.18,26.700000000000003,134.3,-0.33,-0.12
123778,2373891,9.611797,-34.054148,8.6,-1246,0.06420000000000001,36.4,0.18,26.700000000000003,134.3,-0.33,-0.12
123778,2373930,9.610243,-34.054113,8.5,-1246,0.06430000000000001,36.4,0.18,26.700000000000003,134.20000000000002,-0.33,-0.12
123778,2373950,9.609417,-34.0541,8.5,-1246,0.06430000000000001,36.4,0.18,26.700000000000003,134.1,-0.33,-0.12
123778,2373952,9.609417,-34.0541,8.5,-1246,0.06430000000000001,36.4,0.18,26.700000000000003,134.1,-0.33,-0.12
123778,2373960,9.609065,-34.054103,8.4,-1246,0.06430000000000001,36.4,0.18,26.700000000000003,134.1,-0.33,-0.12
123778,2373961,9.609065,-34.054103,8.4,-1246,0.06430000000000001,36.4,0.18,26.700000000000003,134.1,-0.33,-0.12
123778,2373989,9.607887,-34.054092,8.5,-1246,0.06430000000000001,36.4,0.18,26.700000000000003,134.,-0.33,-0.12
123778,2373990,9.607887,-34.054092,8.5,-1246,0.06430000000000001,36.4,0.18,26.700000000000003,134.,-0.33,-0.12
123778,2374130,9.602467,-34.05402,8.2,-1246,0.0645,36.4,0.18,26.700000000000003,133.5,-0.34,-0.12
123778,2374302,9.595968,-34.0539,8.3,-1247,0.06470000000000001,36.4,0.18,26.700000000000003,132.,-0.33,-0.12
123778,2374342,9.59443,-34.053908,8.2,-1247,0.06470000000000001,36.4,0.18,26.700000000000003,131.5,-0.33,-0.12
123778,2374412,9.591705,-34.053883,8.4,-1247,0.0648,36.4,0.18,26.700000000000003,130.6,-0.33,-0.12
123778,2375398,9.553567,-34.053935,8.,-1250,0.059500000000000004,36.4,0.18,26.8,118.4,-0.33,-0.12
123778,2376632,9.505923,-34.053652,8.6,-1249,0.058800000000000005,36.4,0.18,26.8,106.80000000000001,-0.32,-0.12
123778,2381365,9.371152,-34.110377,7.6,-1246,0.0575,36.300000000000004,0.18,26.8,97.30000000000001,-0.35000000000000003,-0.17
123778,2401192,9.223963,-34.761988,7.8,-1125,0.0614,36.4,0.16,26.3,124.10000000000001,-0.24,-0.04
123778,2402193,9.226987,-34.725367,7.9,-1134,0.060700000000000004,36.5,0.16,26.400000000000002,123.4,-0.25,-0.05
123778,2403294,9.230697,-34.685072,7.7,-1131,0.06520000000000001,36.5,0.16,26.400000000000002,127.30000000000001,-0.26,-0.05
123778,2403544,9.231632,-34.675943,7.7,-1130,0.0623,36.5,0.16,26.5,128.3,-0.26,-0.05
123778,2403853,9.233072,-34.664733,7.9,-1148,0.0814,36.5,0.16,26.5,129.5,-0.26,-0.05
123778,2404523,9.236092,-34.64034,7.7,-1149,0.0698,36.5,0.16,26.5,132.,-0.27,-0.05
123778,2404733,9.236885,-34.632848,7.8,-1149,0.0663,36.5,0.16,26.5,132.9,-0.27,-0.06
123778,2404953,9.237648,-34.624928,7.7,-1149,0.079,36.5,0.16,26.5,133.8,-0.27,-0.06
123778,2405883,9.241365,-34.591413,8.,-1148,0.0666,36.5,0.16,26.5,137.9,-0.28,-0.07
123778,2406213,9.242813,-34.579172,8.,-1149,0.0659,36.5,0.16,26.5,139.5,-0.29,-0.07
123778,2406483,9.243912,-34.569295,7.8,-1153,0.0649,36.5,0.17,26.5,140.70000000000002,-0.29,-0.08
123778,2407123,9.246853,-34.545853,7.9,-1162,0.062400000000000004,36.4,0.17,26.5,135.4,-0.3,-0.09
123778,2407482,9.248655,-34.532373,8.1,-1167,0.0621,36.4,0.17,26.5,129.1,-0.3,-0.09
123778,2407632,9.249395,-34.526773,8.1,-1169,0.062,36.4,0.17,26.5,126.5,-0.3,-0.1
123778,2408493,9.25337,-34.494523,8.,-1157,0.0614,36.4,0.17,26.5,111.30000000000001,-0.31,-0.11
123778,2408772,9.255002,-34.484445,7.6,-1157,0.0613,36.4,0.17,26.6,106.4,-0.32,-0.12
123778,2409713,9.259828,-34.451213,7.4,-1155,0.0623,36.4,0.17,26.6,100.9,-0.33,-0.15
123778,2410943,9.264505,-34.408203,7.4,-1185,0.062,36.4,0.17,26.6,95.5,-0.35000000000000003,-0.19
123778,2411103,9.26489,-34.402637,7.6,-1183,0.062,36.4,0.17,26.6,94.80000000000001,-0.35000000000000003,-0.19
123778,2412044,9.265118,-34.375952,5.5,-1176,0.061900000000000004,36.4,0.17,26.6,94.2,-0.36,-0.22
123778,2413583,9.265182,-34.336652,5.4,-1166,0.06330000000000001,36.4,0.17,26.6,93.7,-0.38,-0.25
123778,2417852,9.26392,-34.226708,5.7,-1237,0.0597,36.4,0.18,26.700000000000003,124.7,-0.4,-0.28
123778,2417941,9.263967,-34.224287,5.8,-1237,0.0596,36.4,0.18,26.700000000000003,124.7,-0.4,-0.27
123778,2417991,9.263962,-34.222922,5.7,-1236,0.059500000000000004,36.4,0.18,26.700000000000003,124.7,-0.4,-0.27
123778,2418001,9.26398,-34.222655,5.7,-1236,0.059500000000000004,36.4,0.18,26.700000000000003,124.7,-0.4,-0.27
123778,2418061,9.263997,-34.221022,5.9,-1236,0.0594,36.4,0.18,26.700000000000003,124.7,-0.4,-0.27
123778,2418083,9.26403,-34.220435,5.7,-1236,0.0594,36.4,0.18,26.700000000000003,124.7,-0.4,-0.27
123778,2418121,9.264025,-34.219408,5.8,-1236,0.059300000000000005,36.4,0.18,26.700000000000003,124.7,-0.4,-0.27
123778,2418132,9.264025,-34.219137,5.8,-1236,0.059300000000000005,36.4,0.18,26.700000000000003,124.7,-0.4,-0.27
123778,2423205,9.262435,-34.080025,5.5,-1249,0.056,36.300000000000004,0.19,26.8,106.30000000000001,-0.36,-0.15
123778,2428997,9.281672,-34.001912,8.2,-1247,0.0538,36.300000000000004,0.19,26.900000000000002,106.10000000000001,-0.32,-0.07
123778,2447176,9.183137,-34.439932,8.1,-1156,0.0616,36.4,0.16,26.6,105.10000000000001,-0.31,-0.13
123778,2447626,9.18199,-34.449632,2.8,-1155,0.0614,36.4,0.16,26.6,105.60000000000001,-0.31,-0.12
123778,2448315,9.181353,-34.464147,3.2,-1154,0.061500000000000006,36.4,0.16,26.6,106.4,-0.3,-0.11
123778,2449516,9.179602,-34.487067,1.5,-1153,0.0613,36.4,0.16,26.5,110.,-0.3,-0.09
123778,2449861,9.179092,-34.494412,8.3,-1153,0.061200000000000004,36.4,0.16,26.5,112.7,-0.29,-0.09
123778,2450700,9.178417,-34.517155,7.9,-1172,0.061500000000000006,36.5,0.16,26.5,121.10000000000001,-0.29,-0.08
123778,2451036,9.178337,-34.525083,6.2,-1168,0.0616,36.5,0.16,26.5,124.,-0.28,-0.07
123778,2451931,9.178847,-34.54037,6.8,-1161,0.061700000000000005,36.5,0.16,26.5,129.6,-0.28,-0.06
123778,2452236,9.178745,-34.547183,3.3,-1157,0.0621,36.5,0.16,26.5,132.1,-0.28,-0.06
123778,2453186,9.17754,-34.574238,3.8,-1144,0.061900000000000004,36.5,0.16,26.5,135.9,-0.27,-0.05
123778,2453713,9.17552,-34.584875,8.5,-1175,0.061900000000000004,36.5,0.16,26.5,135.20000000000002,-0.27,-0.04
123778,2454324,9.173052,-34.598488,6.4,-1171,0.0621,36.5,0.15,26.5,134.5,-0.26,-0.04
123778,2454666,9.171317,-34.603565,3.3,-1170,0.0621,36.5,0.15,26.5,134.20000000000002,-0.26,-0.04
123778,2455604,9.167597,-34.61852,5.,-1166,0.062,36.5,0.15,26.5,133.5,-0.26,-0.03
123778,2455664,9.167295,-34.620303,7.1,-1165,0.061900000000000004,36.5,0.15,26.5,133.4,-0.26,-0.03
123778,2456033,9.165903,-34.63448,8.3,-1147,0.0592,36.5,0.15,26.5,132.8,-0.25,-0.02
123778,2456321,9.164873,-34.640215,5.5,-1147,0.0592,36.5,0.15,26.5,132.6,-0.25,-0.02
123778,2456330,9.164778,-34.640472,6.1,-1147,0.0592,36.5,0.15,26.5,132.5,-0.25,-0.02
123778,2456368,9.16452,-34.641618,6.4,-1147,0.0592,36.5,0.15,26.5,132.3,-0.25,-0.02
123778,2456482,9.16344,-34.645323,7.1,-1147,0.059300000000000005,36.5,0.15,26.400000000000002,131.6,-0.25,-0.02
123778,2456531,9.163043,-34.644927,1.9,-1147,0.0592,36.5,0.15,26.400000000000002,131.70000000000002,-0.25,-0.02
123778,2456535,9.163088,-34.644918,1.6,-1147,0.0592,36.5,0.15,26.400000000000002,131.70000000000002,-0.25,-0.02
123778,2456536,9.163088,-34.644918,1.6,-1147,0.0592,36.5,0.15,26.400000000000002,131.70000000000002,-0.25,-0.02
123778,2456537,9.163107,-34.64492,1.5,-1147,0.0592,36.5,0.15,26.400000000000002,131.70000000000002,-0.25,-0.02
123778,2456568,9.163262,-34.64533,3.8,-1147,0.0592,36.5,0.15,26.400000000000002,131.6,-0.25,-0.02
123778,2456569,9.163262,-34.64533,3.8,-1147,0.0592,36.5,0.15,26.400000000000002,131.6,-0.25,-0.02
123778,2456577,9.163235,-34.645545,4.8,-1147,0.0592,36.5,0.15,26.400000000000002,131.6,-0.25,-0.02
123778,2456578,9.163235,-34.645545,4.8,-1147,0.0592,36.5,0.15,26.400000000000002,131.6,-0.25,-0.02
123778,2456585,9.163193,-34.645823,5.8,-1147,0.059300000000000005,36.5,0.15,26.400000000000002,131.6,-0.25,-0.02
123778,2456681,9.162483,-34.6495,8.6,-1147,0.059300000000000005,36.5,0.15,26.400000000000002,130.9,-0.25,-0.02
123778,2456770,9.16191,-34.653048,8.5,-1147,0.0594,36.5,0.15,26.400000000000002,130.20000000000002,-0.24,-0.02
123778,2456774,9.161885,-34.653165,8.5,-1147,0.0594,36.5,0.15,26.400000000000002,130.20000000000002,-0.24,-0.02
123778,2456796,9.161417,-34.653563,5.4,-1147,0.0594,36.5,0.15,26.400000000000002,130.1,-0.24,-0.02
123778,2456825,9.161228,-34.653095,2.3,-1147,0.0594,36.5,0.15,26.400000000000002,130.20000000000002,-0.24,-0.02
123778,2456875,9.161458,-34.653597,3.2,-1147,0.0594,36.5,0.15,26.400000000000002,130.1,-0.24,-0.02
123778,2456876,9.161458,-34.653597,3.2,-1147,0.0594,36.5,0.15,26.400000000000002,130.1,-0.24,-0.02
123778,2456879,9.161452,-34.653635,3.4,-1147,0.0594,36.5,0.15,26.400000000000002,130.1,-0.24,-0.02
123778,2457373,9.158018,-34.665962,2.,-1148,0.060000000000000005,36.5,0.15,26.400000000000002,127.80000000000001,-0.24,-0.01
123778,2458132,9.158522,-34.680898,6.2,-1136,0.0604,36.5,0.15,26.400000000000002,125.,-0.24,-0.01
123778,2459592,9.161863,-34.703185,8.3,-1133,0.0608,36.5,0.15,26.400000000000002,120.9,-0.23,-0.01
123778,2459901,9.163143,-34.715165,8.3,-1131,0.0613,36.5,0.15,26.400000000000002,118.80000000000001,-0.23,0.
123778,2460814,9.16741,-34.750323,8.4,-1126,0.062400000000000004,36.5,0.15,26.3,120.5,-0.22,0.01
123778,2461093,9.168973,-34.761215,8.4,-1127,0.0618,36.5,0.15,26.3,121.4,-0.22,0.01
123778,2462200,9.176673,-34.804287,8.4,-1130,0.062400000000000004,36.5,0.15,26.200000000000003,124.30000000000001,-0.21,0.03
123778,2462300,9.17752,-34.808122,8.4,-1131,0.062400000000000004,36.5,0.15,26.200000000000003,124.7,-0.21,0.03
123778,2462301,9.17752,-34.808122,8.4,-1131,0.062400000000000004,36.5,0.15,26.200000000000003,124.7,-0.21,0.03
123778,2462360,9.178107,-34.810417,8.5,-1131,0.062400000000000004,36.5,0.15,26.200000000000003,125.,-0.2,0.03
123778,2462370,9.178202,-34.8108,8.4,-1131,0.062400000000000004,36.5,0.15,26.200000000000003,125.,-0.2,0.03
123778,2462371,9.178202,-34.8108,8.4,-1131,0.062400000000000004,36.5,0.15,26.200000000000003,125.,-0.2,0.03
123778,2462380,9.17829,-34.81119,8.5,-1131,0.062400000000000004,36.5,0.15,26.200000000000003,125.10000000000001,-0.2,0.03
123778,2462411,9.17855,-34.812355,8.5,-1131,0.062400000000000004,36.5,0.15,26.200000000000003,125.2,-0.2,0.03
123778,2462420,9.178658,-34.812738,8.5,-1131,0.062400000000000004,36.5,0.15,26.200000000000003,125.30000000000001,-0.2,0.03
123778,2462421,9.178658,-34.812738,8.5,-1131,0.062400000000000004,36.5,0.15,26.200000000000003,125.30000000000001,-0.2,0.03
123778,2462431,9.17876,-34.813123,8.5,-1131,0.062400000000000004,36.5,0.15,26.200000000000003,125.30000000000001,-0.2,0.03
123778,2462471,9.179125,-34.814662,8.4,-1131,0.062400000000000004,36.5,0.15,26.200000000000003,125.5,-0.2,0.03
123778,2462490,9.179298,-34.815423,8.4,-1132,0.0623,36.5,0.15,26.200000000000003,125.60000000000001,-0.2,0.03
123778,2462491,9.179298,-34.815423,8.4,-1132,0.0623,36.5,0.15,26.200000000000003,125.60000000000001,-0.2,0.03
123778,2462524,9.179612,-34.816665,7.7,-1132,0.0623,36.5,0.15,26.200000000000003,125.7,-0.2,0.03
123778,2462525,9.179612,-34.816665,7.7,-1132,0.0623,36.5,0.15,26.200000000000003,125.7,-0.2,0.03
123778,2462527,9.179628,-34.816763,7.5,-1132,0.0623,36.5,0.15,26.200000000000003,125.7,-0.2,0.03
123778,2462528,9.179628,-34.816763,7.5,-1132,0.0623,36.5,0.15,26.200000000000003,125.7,-0.2,0.03
123778,2462534,9.179638,-34.816982,7.,-1132,0.0623,36.5,0.15,26.200000000000003,125.7,-0.2,0.03
123778,2462538,9.179623,-34.8171,6.7,-1132,0.0623,36.5,0.15,26.200000000000003,125.80000000000001,-0.2,0.03
123778,2462540,9.17961,-34.817157,6.5,-1132,0.0623,36.5,0.15,26.200000000000003,125.80000000000001,-0.2,0.03
123778,2462541,9.17961,-34.817157,6.5,-1132,0.0623,36.5,0.15,26.200000000000003,125.80000000000001,-0.2,0.03
123778,2462550,9.17951,-34.81741,6.,-1132,0.0623,36.5,0.15,26.200000000000003,125.80000000000001,-0.2,0.03
123778,2462551,9.17951,-34.81741,6.,-1132,0.0623,36.5,0.15,26.200000000000003,125.80000000000001,-0.2,0.03
123778,2462564,9.179308,-34.817743,5.6,-1132,0.0623,36.5,0.15,26.200000000000003,125.9,-0.2,0.03
123778,2462566,9.179298,-34.817767,5.6,-1132,0.0623,36.5,0.15,26.200000000000003,125.9,-0.2,0.03
123778,2462567,9.179298,-34.817767,5.6,-1132,0.0623,36.5,0.15,26.200000000000003,125.9,-0.2,0.03
123778,2462570,9.17924,-34.817878,5.6,-1132,0.0623,36.5,0.15,26.200000000000003,125.9,-0.2,0.03
123778,2462571,9.17924,-34.817878,5.6,-1132,0.0623,36.5,0.15,26.200000000000003,125.9,-0.2,0.03
123778,2462574,9.179212,-34.817948,5.5,-1132,0.0623,36.5,0.15,26.200000000000003,125.9,-0.2,0.03
123778,2462575,9.179212,-34.817948,5.5,-1132,0.0623,36.5,0.15,26.200000000000003,125.9,-0.2,0.03
123778,2462577,9.179188,-34.818017,5.4,-1132,0.0623,36.5,0.15,26.200000000000003,125.9,-0.2,0.03
123778,2462578,9.179188,-34.818017,5.4,-1132,0.0623,36.5,0.15,26.200000000000003,125.9,-0.2,0.03
123778,2462593,9.179097,-34.818425,5.4,-1132,0.0623,36.5,0.15,26.200000000000003,126.,-0.2,0.03
123778,2462607,9.179055,-34.818732,5.4,-1132,0.0623,36.5,0.15,26.200000000000003,126.,-0.2,0.03
123778,2462610,9.179043,-34.818838,5.6,-1132,0.0623,36.5,0.15,26.200000000000003,126.,-0.2,0.03
123778,2462611,9.179043,-34.818838,5.6,-1132,0.0623,36.5,0.15,26.200000000000003,126.,-0.2,0.03
123778,2462622,9.17899,-34.819132,5.8,-1132,0.0623,36.5,0.15,26.200000000000003,126.10000000000001,-0.2,0.03
123778,2462630,9.178927,-34.819407,5.9,-1132,0.0623,36.5,0.15,26.200000000000003,126.10000000000001,-0.2,0.03
123778,2462631,9.178927,-34.819407,5.9,-1132,0.0623,36.5,0.15,26.200000000000003,126.10000000000001,-0.2,0.03
123778,2462670,9.178627,-34.820545,6.6,-1132,0.0623,36.5,0.15,26.200000000000003,126.30000000000001,-0.2,0.04
123778,2464704,9.16425,-34.89829,8.4,-1118,0.0591,36.5,0.15,26.1,138.20000000000002,-0.17,0.08
123778,2470144,9.12592,-35.108793,8.5,-1105,0.0649,36.7,0.16,25.700000000000003,65.4,-0.07,0.26
123778,2486493,9.036553,-35.59539,0.3,-1152,0.0597,-99999.,-99999.,-99999.,-99999.,-99999.,-99999.
123778,2487552,9.034988,-35.594165,0.5,-1153,0.0597,-99999.,-99999.,-99999.,-99999.,-99999.,-99999.
123778,2488153,9.033613,-35.593485,0.5,-1153,0.0597,-99999.,-99999.,-99999.,-99999.,-99999.,-99999.
123778,2489024,9.032635,-35.592528,0.4,-1153,0.0596,-99999.,-99999.,-99999.,-99999.,-99999.,-99999.
123778,2489313,9.032497,-35.592138,0.3,-1153,0.0596,-99999.,-99999.,-99999.,-99999.,-99999.,-99999.
123778,2490033,9.031308,-35.59129,0.4,-1153,0.0596,-99999.,-99999.,-99999.,-99999.,-99999.,-99999.
123778,2490422,9.030768,-35.590762,0.3,-1153,0.0596,-99999.,-99999.,-99999.,-99999.,-99999.,-99999.
123778,2490523,9.030657,-35.5906,0.5,-1153,0.0596,-99999.,-99999.,-99999.,-99999.,-99999.,-99999.
123778,2491333,9.029527,-35.589022,0.5,-1153,0.0596,-99999.,-99999.,-99999.,-99999.,-99999.,-99999.
123778,2491764,9.029255,-35.588275,0.3,-1153,0.0596,-99999.,-99999.,-99999.,-99999.,-99999.,-99999.
123778,2492074,9.028877,-35.587698,0.5,-1153,0.0596,-99999.,-99999.,-99999.,-99999.,-99999.,-99999.
123778,2492564,9.028407,-35.586745,0.4,-1154,0.0596,-99999.,-99999.,-99999.,-99999.,-99999.,-99999.
123778,2492993,9.027967,-35.585995,0.4,-1154,0.0596,-99999.,-99999.,-99999.,-99999.,-99999.,-99999.
123778,2493113,9.027852,-35.58581,0.3,-1154,0.0596,-99999.,-99999.,-99999.,-99999.,-99999.,-99999.
123778,2493781,9.027132,-35.584928,0.3,-1154,0.0596,-99999.,-99999.,-99999.,-99999.,-99999.,-99999.
123778,2494252,9.026692,-35.58442,0.2,-1154,0.0596,-99999.,-99999.,-99999.,-99999.,-99999.,-99999.
123778,2495253,9.026165,-35.58353,0.1,-1154,0.059500000000000004,-99999.,-99999.,-99999.,-99999.,-99999.,-99999.
123778,2495553,9.026105,-35.583267,0.2,-1150,0.0591,-99999.,-99999.,-99999.,-99999.,-99999.,-99999.
123778,2498183,9.023853,-35.58082,0.4,-1150,0.059000000000000004,-99999.,-99999.,-99999.,-99999.,-99999.,-99999.
123778,2499233,9.022648,-35.579683,0.3,-1150,0.059000000000000004,-99999.,-99999.,-99999.,-99999.,-99999.,-99999.
123778,2500340,9.022008,-35.57889,0.1,-1150,0.059000000000000004,-99999.,-99999.,-99999.,-99999.,-99999.,-99999.
123778,2500341,9.022008,-35.57889,0.1,-1150,0.059000000000000004,-99999.,-99999.,-99999.,-99999.,-99999.,-99999.
123778,2500400,9.022053,-35.57887,0.2,-1150,0.059000000000000004,-99999.,-99999.,-99999.,-99999.,-99999.,-99999.
123778,2500429,9.022078,-35.578853,0.2,-1150,0.059000000000000004,-99999.,-99999.,-99999.,-99999.,-99999.,-99999.
123778,2500430,9.022078,-35.578853,0.2,-1150,0.059000000000000004,-99999.,-99999.,-99999.,-99999.,-99999.,-99999.
123778,2500470,9.022117,-35.578843,0.2,-1150,0.059000000000000004,-99999.,-99999.,-99999.,-99999.,-99999.,-99999.
123778,2500489,9.022133,-35.578835,0.2,-1150,0.059000000000000004,-99999.,-99999.,-99999.,-99999.,-99999.,-99999.
123778,2500490,9.022133,-35.578835,0.2,-1150,0.059000000000000004,-99999.,-99999.,-99999.,-99999.,-99999.,-99999.
123778,2500510,9.022148,-35.57883,0.2,-1150,0.059000000000000004,-99999.,-99999.,-99999.,-99999.,-99999.,-99999.
123778,2500519,9.022157,-35.57883,0.2,-1150,0.059000000000000004,-99999.,-99999.,-99999.,-99999.,-99999.,-99999.
123778,2500520,9.022157,-35.57883,0.2,-1150,0.059000000000000004,-99999.,-99999.,-99999.,-99999.,-99999.,-99999.
123778,2500530,9.022163,-35.578827,0.2,-1150,0.059000000000000004,-99999.,-99999.,-99999.,-99999.,-99999.,-99999.
123778,2500531,9.022163,-35.578827,0.2,-1150,0.059000000000000004,-99999.,-99999.,-99999.,-99999.,-99999.,-99999.
123778,2500579,9.022175,-35.57881,0.1,-1150,0.059000000000000004,-99999.,-99999.,-99999.,-99999.,-99999.,-99999.
123778,2500580,9.022175,-35.57881,0.1,-1150,0.059000000000000004,-99999.,-99999.,-99999.,-99999.,-99999.,-99999.
123778,2500630,9.02219,-35.5788,0.1,-1150,0.059000000000000004,-99999.,-99999.,-99999.,-99999.,-99999.,-99999.
123778,2500639,9.022193,-35.578798,0.1,-1150,0.059000000000000004,-99999.,-99999.,-99999.,-99999.,-99999.,-99999.
123778,2500640,9.022193,-35.578798,0.1,-1150,0.059000000000000004,-99999.,-99999.,-99999.,-99999.,-99999.,-99999.
123778,2500649,9.022195,-35.578797,0.1,-1150,0.059000000000000004,-99999.,-99999.,-99999.,-99999.,-99999.,-99999.
123778,2500650,9.022195,-35.578797,0.1,-1150,0.059000000000000004,-99999.,-99999.,-99999.,-99999.,-99999.,-99999.
123778,2500669,9.022198,-35.578795,0.1,-1150,0.059000000000000004,-99999.,-99999.,-99999.,-99999.,-99999.,-99999.
123778,2500810,9.022177,-35.578745,0.1,-1150,0.059000000000000004,-99999.,-99999.,-99999.,-99999.,-99999.,-99999.
123778,2500811,9.022177,-35.578745,0.1,-1150,0.059000000000000004,-99999.,-99999.,-99999.,-99999.,-99999.,-99999.
123778,2500820,9.022173,-35.578742,0.1,-1150,0.059000000000000004,-99999.,-99999.,-99999.,-99999.,-99999.,-99999.
123778,2500870,9.022158,-35.57872,0.1,-1150,0.059000000000000004,-99999.,-99999.,-99999.,-99999.,-99999.,-99999.
123778,2500901,9.02214,-35.578707,0.1,-1150,0.059000000000000004,-99999.,-99999.,-99999.,-99999.,-99999.,-99999.
123778,2506037,9.02079,-35.574313,0.2,-1150,0.0589,-99999.,-99999.,-99999.,-99999.,-99999.,-99999.
123778,2506040,9.02079,-35.574313,0.2,-1150,0.0589,-99999.,-99999.,-99999.,-99999.,-99999.,-99999.
123778,2506097,9.020813,-35.574237,0.3,-1150,0.0589,-99999.,-99999.,-99999.,-99999.,-99999.,-99999.
123778,2506100,9.020813,-35.574237,0.3,-1150,0.0589,-99999.,-99999.,-99999.,-99999.,-99999.,-99999.
123778,2506147,9.020797,-35.574185,0.3,-1150,0.0589,-99999.,-99999.,-99999.,-99999.,-99999.,-99999.
123778,2506150,9.020797,-35.574185,0.3,-1150,0.0589,-99999.,-99999.,-99999.,-99999.,-99999.,-99999.
123778,2506157,9.020803,-35.574172,0.3,-1150,0.0589,-99999.,-99999.,-99999.,-99999.,-99999.,-99999.
123778,2506160,9.020803,-35.574172,0.3,-1150,0.0589,-99999.,-99999.,-99999.,-99999.,-99999.,-99999.
123778,2506179,9.020805,-35.57415,0.2,-1150,0.0589,-99999.,-99999.,-99999.,-99999.,-99999.,-99999.
123778,2506207,9.020797,-35.574125,0.2,-1150,0.0589,-99999.,-99999.,-99999.,-99999.,-99999.,-99999.
123778,2506238,9.020798,-35.574095,0.3,-1150,0.0589,-99999.,-99999.,-99999.,-99999.,-99999.,-99999.
123778,2506241,9.020798,-35.574095,0.3,-1150,0.0589,-99999.,-99999.,-99999.,-99999.,-99999.,-99999.
123778,2506267,9.020805,-35.574057,0.1,-1150,0.0589,-99999.,-99999.,-99999.,-99999.,-99999.,-99999.
123778,2506287,9.020792,-35.574045,0.1,-1150,0.0589,-99999.,-99999.,-99999.,-99999.,-99999.,-99999.
123778,2506290,9.020792,-35.574045,0.1,-1150,0.0589,-99999.,-99999.,-99999.,-99999.,-99999.,-99999.
123778,2506298,9.020792,-35.574042,0.1,-1150,0.0589,-99999.,-99999.,-99999.,-99999.,-99999.,-99999.
123778,2506310,9.020788,-35.574038,0.1,-1150,0.0589,-99999.,-99999.,-99999.,-99999.,-99999.,-99999.
123778,2506347,9.020772,-35.574018,0.2,-1150,0.0589,-99999.,-99999.,-99999.,-99999.,-99999.,-99999.
123778,2506359,9.020765,-35.574013,0.1,-1150,0.0589,-99999.,-99999.,-99999.,-99999.,-99999.,-99999.
123778,2506361,9.020765,-35.574013,0.1,-1150,0.0589,-99999.,-99999.,-99999.,-99999.,-99999.,-99999.
123778,2506366,9.020763,-35.574007,0.2,-1150,0.0589,-99999.,-99999.,-99999.,-99999.,-99999.,-99999.
123778,2506370,9.020763,-35.574007,0.2,-1150,0.0589,-99999.,-99999.,-99999.,-99999.,-99999.,-99999.
123778,2506386,9.020768,-35.573998,0.1,-1150,0.0589,-99999.,-99999.,-99999.,-99999.,-99999.,-99999.
123778,2506389,9.020768,-35.573998,0.1,-1150,0.0589,-99999.,-99999.,-99999.,-99999.,-99999.,-99999.
123778,2506397,9.020757,-35.573995,0.1,-1150,0.0589,-99999.,-99999.,-99999.,-99999.,-99999.,-99999.
123778,2506400,9.020757,-35.573995,0.1,-1150,0.0589,-99999.,-99999.,-99999.,-99999.,-99999.,-99999.
123778,2506835,9.020835,-35.573618,0.2,-1150,0.0589,-99999.,-99999.,-99999.,-99999.,-99999.,-99999.
123778,2512137,9.029895,-35.569778,6.4,-1150,0.0591,-99999.,-99999.,-99999.,-99999.,-99999.,-99999.
123778,2530295,9.108465,-35.187578,8.,-1116,0.06420000000000001,36.7,0.16,25.8,56.5,-0.01,0.26
123778,2531514,9.123735,-35.15918,3.1,-1070,0.0641,36.7,0.15,25.700000000000003,60.6,-0.02,0.3
123778,2532706,9.1377,-35.135103,2.9,-1086,0.0648,36.7,0.15,25.700000000000003,64.2,-0.03,0.31
123778,2533783,9.148062,-35.109638,8.7,-1106,0.0654,36.7,0.15,25.700000000000003,68.10000000000001,-0.04,0.3
123778,2534194,9.151712,-35.097703,8.6,-1116,0.065,36.7,0.15,25.8,70.4,-0.05,0.29
123778,2534983,9.157208,-35.079637,3.4,-1076,0.06430000000000001,36.6,0.15,25.8,74.5,-0.06,0.27
123778,2535393,9.15913,-35.072113,4.4,-1079,0.0645,36.6,0.15,25.8,76.4,-0.06,0.27
123778,2536238,9.159803,-35.061812,2.6,-1084,0.06470000000000001,36.6,0.15,25.8,78.7,-0.07,0.26
123778,2536705,9.16256,-35.048978,5.2,-1089,0.0649,36.6,0.14,25.8,82.30000000000001,-0.07,0.25
123778,2537414,9.165717,-35.0392,6.6,-1094,0.063,36.6,0.14,25.900000000000002,86.,-0.08,0.24
123778,2537944,9.170063,-35.023697,8.,-1087,0.0639,36.6,0.14,25.900000000000002,98.10000000000001,-0.08,0.22
123778,2538658,9.175097,-35.011398,4.4,-1090,0.06330000000000001,36.6,0.14,25.900000000000002,107.80000000000001,-0.09,0.21
123778,2539149,9.180513,-35.00363,3.8,-1091,0.0629,36.6,0.14,25.900000000000002,114.4,-0.09,0.21
123778,2540007,9.186882,-34.992377,3.4,-1105,0.0639,36.6,0.14,26.,123.,-0.1,0.19
123778,2540473,9.189403,-34.985003,5.4,-1104,0.0635,36.6,0.14,26.,128.,-0.1,0.19
123778,2540493,9.189537,-34.984403,6.4,-1104,0.0635,36.6,0.14,26.,128.4,-0.1,0.19
123778,2541207,9.19285,-34.96985,2.4,-1104,0.06280000000000001,36.6,0.14,26.,137.70000000000002,-0.11,0.18
123778,2541641,9.195098,-34.95782,8.2,-1104,0.0632,36.6,0.14,26.,143.4,-0.11,0.17
123778,2542778,9.19642,-34.922757,5.,-1108,0.0608,36.5,0.14,26.1,135.6,-0.13,0.15
123778,2543050,9.196467,-34.91998,2.,-1109,0.0606,36.5,0.14,26.1,135.,-0.13,0.15
123778,2544279,9.205172,-34.89008,3.9,-1129,0.0597,36.5,0.14,26.1,127.80000000000001,-0.14,0.13
123778,2544698,9.20674,-34.881617,4.8,-1127,0.059000000000000004,36.5,0.14,26.1,125.9,-0.15,0.13
123778,2544699,9.20674,-34.881617,4.8,-1127,0.059000000000000004,36.5,0.14,26.1,125.9,-0.15,0.13
123778,2544726,9.20714,-34.881773,2.6,-1127,0.059000000000000004,36.5,0.14,26.1,125.9,-0.15,0.13
123778,2544748,9.207027,-34.88205,2.2,-1127,0.0591,36.5,0.14,26.1,126.,-0.15,0.13
123778,2544769,9.206805,-34.882085,1.9,-1127,0.0591,36.5,0.14,26.1,126.,-0.15,0.13
123778,2544773,9.206763,-34.882067,2.,-1127,0.0591,36.5,0.14,26.1,126.,-0.15,0.13
123778,2544775,9.206733,-34.882045,2.,-1127,0.0591,36.5,0.14,26.1,126.,-0.15,0.13
123778,2544776,9.206733,-34.882045,2.,-1127,0.0591,36.5,0.14,26.1,126.,-0.15,0.13
123778,2544794,9.206602,-34.881808,2.7,-1127,0.059000000000000004,36.5,0.14,26.1,125.9,-0.15,0.13
123778,2544819,9.206538,-34.881522,2.2,-1127,0.059000000000000004,36.5,0.14,26.1,125.9,-0.15,0.13
123778,2544836,9.206528,-34.881373,1.9,-1127,0.059000000000000004,36.5,0.14,26.1,125.80000000000001,-0.15,0.13
123778,2544837,9.206528,-34.881373,1.9,-1127,0.059000000000000004,36.5,0.14,26.1,125.80000000000001,-0.15,0.13
123778,2544843,9.20653,-34.881315,1.9,-1127,0.059000000000000004,36.5,0.14,26.1,125.80000000000001,-0.15,0.13
123778,2544861,9.206568,-34.88114,2.2,-1127,0.059000000000000004,36.5,0.14,26.1,125.80000000000001,-0.15,0.13
123778,2544862,9.206568,-34.88114,2.2,-1127,0.059000000000000004,36.5,0.14,26.1,125.80000000000001,-0.15,0.13
123778,2544865,9.206583,-34.881095,2.3,-1127,0.059000000000000004,36.5,0.14,26.1,125.80000000000001,-0.15,0.13
123778,2544866,9.206583,-34.881095,2.3,-1127,0.059000000000000004,36.5,0.14,26.1,125.80000000000001,-0.15,0.13
123778,2544869,9.206592,-34.88106,2.4,-1127,0.059000000000000004,36.5,0.14,26.1,125.80000000000001,-0.15,0.13
123778,2544870,9.206592,-34.88106,2.4,-1127,0.059000000000000004,36.5,0.14,26.1,125.80000000000001,-0.15,0.13
123778,2544875,9.206608,-34.880972,2.5,-1127,0.059000000000000004,36.5,0.14,26.1,125.7,-0.15,0.13
123778,2544877,9.206608,-34.880972,2.5,-1127,0.059000000000000004,36.5,0.14,26.1,125.7,-0.15,0.13
123778,2544879,9.206613,-34.88092,2.6,-1127,0.059000000000000004,36.5,0.14,26.1,125.7,-0.15,0.13
123778,2544881,9.206613,-34.880895,2.6,-1127,0.059000000000000004,36.5,0.14,26.1,125.7,-0.15,0.13
123778,2544882,9.206613,-34.880895,2.6,-1127,0.059000000000000004,36.5,0.14,26.1,125.7,-0.15,0.13
123778,2544884,9.20661,-34.880857,2.6,-1127,0.059000000000000004,36.5,0.14,26.1,125.7,-0.15,0.13
123778,2544885,9.20661,-34.880857,2.6,-1127,0.059000000000000004,36.5,0.14,26.1,125.7,-0.15,0.13
123778,2544889,9.206603,-34.880807,2.6,-1127,0.059000000000000004,36.5,0.14,26.1,125.7,-0.15,0.13
123778,2544890,9.206603,-34.880807,2.6,-1127,0.059000000000000004,36.5,0.14,26.1,125.7,-0.15,0.13
123778,2544893,9.206593,-34.880755,2.7,-1127,0.059000000000000004,36.5,0.14,26.1,125.7,-0.15,0.13
123778,2544896,9.206582,-34.880715,2.7,-1127,0.059000000000000004,36.5,0.14,26.1,125.7,-0.15,0.13
123778,2544903,9.206555,-34.880618,2.9,-1127,0.059000000000000004,36.5,0.14,26.1,125.7,-0.15,0.13
123778,2544910,9.206542,-34.880535,2.9,-1127,0.0589,36.5,0.14,26.1,125.60000000000001,-0.15,0.13
123778,2544911,9.206537,-34.880508,2.9,-1127,0.0589,36.5,0.14,26.1,125.60000000000001,-0.15,0.13
123778,2544919,9.206537,-34.880385,2.9,-1126,0.0589,36.5,0.14,26.1,125.60000000000001,-0.15,0.13
123778,2544920,9.206537,-34.880385,2.9,-1126,0.0589,36.5,0.14,26.1,125.60000000000001,-0.15,0.13
123778,2544935,9.206548,-34.880165,2.9,-1126,0.0589,36.5,0.14,26.1,125.5,-0.15,0.13
123778,2544936,9.206548,-34.880165,2.9,-1126,0.0589,36.5,0.14,26.1,125.5,-0.15,0.13
123778,2544996,9.206397,-34.87897,4.7,-1126,0.058800000000000005,36.5,0.14,26.1,125.4,-0.15,0.13
123778,2544998,9.206392,-34.878927,4.6,-1126,0.058800000000000005,36.5,0.14,26.1,125.4,-0.15,0.13
123778,2544999,9.206392,-34.878927,4.6,-1126,0.058800000000000005,36.5,0.14,26.1,125.4,-0.15,0.13
123778,2545015,9.206308,-34.878615,4.,-1126,0.058800000000000005,36.5,0.14,26.1,125.4,-0.15,0.13
123778,2545029,9.206155,-34.878432,3.7,-1126,0.058800000000000005,36.5,0.14,26.1,125.4,-0.15,0.13
123778,2545036,9.206085,-34.878342,3.6,-1126,0.058800000000000005,36.5,0.14,26.1,125.4,-0.15,0.13
123778,2545039,9.206068,-34.878317,3.5,-1126,0.058800000000000005,36.5,0.14,26.1,125.4,-0.15,0.13
123778,2545042,9.206045,-34.878262,3.3,-1126,0.058800000000000005,36.5,0.14,26.1,125.4,-0.15,0.13
123778,2545050,9.20601,-34.878167,3.3,-1126,0.058800000000000005,36.5,0.14,26.1,125.4,-0.15,0.13
123778,2545052,9.205993,-34.878107,3.3,-1126,0.058800000000000005,36.5,0.14,26.1,125.4,-0.15,0.13
123778,2545053,9.205993,-34.878107,3.3,-1126,0.058800000000000005,36.5,0.14,26.1,125.4,-0.15,0.13
123778,2545056,9.20598,-34.87806,3.4,-1126,0.058800000000000005,36.5,0.14,26.1,125.4,-0.15,0.13
123778,2545059,9.205967,-34.87801,3.6,-1126,0.058800000000000005,36.5,0.14,26.1,125.4,-0.15,0.13
123778,2545061,9.205948,-34.87796,3.6,-1126,0.058800000000000005,36.5,0.14,26.1,125.4,-0.15,0.13
123778,2545062,9.205948,-34.87796,3.6,-1126,0.058800000000000005,36.5,0.14,26.1,125.4,-0.15,0.13
123778,2545068,9.205905,-34.877862,3.7,-1126,0.0587,36.5,0.14,26.1,125.30000000000001,-0.15,0.13
123778,2545072,9.205875,-34.8778,3.6,-1126,0.0587,36.5,0.14,26.1,125.30000000000001,-0.15,0.13
123778,2545108,9.205642,-34.877368,2.6,-1126,0.0587,36.5,0.14,26.1,125.30000000000001,-0.15,0.13
123778,2545116,9.205597,-34.877325,2.4,-1126,0.0587,36.5,0.14,26.1,125.30000000000001,-0.15,0.13
123778,2545128,9.205488,-34.877247,2.1,-1126,0.0587,36.5,0.14,26.1,125.30000000000001,-0.15,0.13
123778,2545129,9.205488,-34.877247,2.1,-1126,0.0587,36.5,0.14,26.1,125.30000000000001,-0.15,0.13
123778,2545158,9.205282,-34.877155,1.6,-1126,0.0587,36.5,0.14,26.1,125.30000000000001,-0.15,0.13
123778,2545196,9.205043,-34.877085,1.4,-1126,0.0587,36.5,0.14,26.1,125.30000000000001,-0.15,0.13
123778,2545223,9.2049,-34.87708,1.2,-1126,0.0587,36.5,0.14,26.1,125.30000000000001,-0.15,0.13
123778,2545242,9.204798,-34.877097,1.2,-1126,0.0587,36.5,0.14,26.1,125.30000000000001,-0.15,0.13
123778,2545250,9.20475,-34.87711,1.4,-1126,0.0587,36.5,0.14,26.1,125.30000000000001,-0.15,0.13
123778,2545266,9.20461,-34.87713,1.7,-1126,0.0587,36.5,0.14,26.1,125.30000000000001,-0.15,0.13
123778,2545378,9.204658,-34.876935,3.3,-1126,0.0587,36.5,0.14,26.1,125.30000000000001,-0.15,0.13
123778,2546613,9.158118,-34.888963,8.8,-1119,0.0596,36.5,0.14,26.1,131.20000000000002,-0.13,0.17
123778,2546764,9.152207,-34.890502,8.7,-1119,0.0597,36.5,0.14,26.1,131.8,-0.13,0.17
123778,2550763,8.997372,-34.922147,8.5,-1146,0.063,36.6,0.14,26.,129.,-0.07,0.27
123778,2550832,8.99463,-34.922607,8.7,-1145,0.06280000000000001,36.6,0.14,26.,128.4,-0.07,0.27
123778,2550892,8.99225,-34.922993,8.6,-1145,0.0627,36.6,0.14,26.,127.80000000000001,-0.07,0.27
123778,2553514,8.940968,-34.987992,8.,-1128,0.0655,36.6,0.14,25.8,83.60000000000001,-0.05,0.32
123778,2572293,8.803407,-35.670635,7.5,-1149,0.0641,-99999.,-99999.,-99999.,-99999.,-99999.,-99999.
123778,2573252,8.795543,-35.667205,8.7,-1148,0.06330000000000001,-99999.,-99999.,-99999.,-99999.,-99999.,-99999.
123778,2573752,8.798227,-35.649247,7.3,-1156,0.06420000000000001,-99999.,-99999.,-99999.,-99999.,-99999.,-99999.
123778,2574612,8.803618,-35.621858,7.,-1153,0.0659,-99999.,-99999.,-99999.,-99999.,-99999.,-99999.
123778,2574893,8.805492,-35.6129,7.1,-1152,0.0656,-99999.,-99999.,-99999.,-99999.,-99999.,-99999.
123778,2575202,8.80764,-35.603083,7.,-1151,0.0653,-99999.,-99999.,-99999.,-99999.,-99999.,-99999.
123778,2575734,8.811223,-35.586307,6.8,-1149,0.06470000000000001,-99999.,-99999.,-99999.,-99999.,-99999.,-99999.
123778,2576054,8.813492,-35.576487,6.7,-1155,0.0661,-99999.,-99999.,-99999.,-99999.,-99999.,-99999.
123778,2576143,8.814108,-35.573748,6.8,-1155,0.0661,-99999.,-99999.,-99999.,-99999.,-99999.,-99999.
123778,2577393,8.82198,-35.533538,7.,-1152,0.0661,-99999.,-99999.,-99999.,-99999.,-99999.,-99999.
123778,2577453,8.82231,-35.531617,7.,-1152,0.0661,-99999.,-99999.,-99999.,-99999.,-99999.,-99999.
123778,2578253,8.8272,-35.505745,6.9,-1150,0.0665,-99999.,-99999.,-99999.,-99999.,-99999.,-99999.
123778,2578403,8.828203,-35.50094,7.,-1149,0.0666,-99999.,-99999.,-99999.,-99999.,-99999.,-99999.
123778,2578673,8.830083,-35.492328,6.9,-1151,0.0668,-99999.,-99999.,-99999.,-99999.,-99999.,-99999.
123778,2579343,8.83531,-35.470897,7.,-1152,0.065,-99999.,-99999.,-99999.,-99999.,-99999.,-99999.
123778,2579914,8.840123,-35.452283,7.2,-1152,0.063,-99999.,-99999.,-99999.,-99999.,-99999.,-99999.
123778,2581063,8.850372,-35.41476,7.3,-1158,0.06430000000000001,-99999.,-99999.,-99999.,-99999.,-99999.,-99999.
123778,2582233,8.860515,-35.376482,7.2,-1156,0.064,-99999.,-99999.,-99999.,-99999.,-99999.,-99999.
123778,2583474,8.868705,-35.33645,6.9,-1154,0.0644,-99999.,-99999.,-99999.,-99999.,-99999.,-99999.
123778,2584764,8.877272,-35.295185,7.,-1158,0.0604,-99999.,-99999.,-99999.,-99999.,-99999.,-99999.
123778,2588721,8.90148,-35.19695,5.3,-1157,0.0646,36.7,0.15,25.8,54.1,0.,0.16
123778,2588722,8.90148,-35.19695,5.3,-1157,0.0646,36.7,0.15,25.8,54.1,0.,0.16
123778,2588749,8.901608,-35.196267,5.3,-1157,0.0645,36.7,0.15,25.8,54.1,0.,0.16
123778,2588750,8.901608,-35.196267,5.3,-1157,0.0645,36.7,0.15,25.8,54.1,0.,0.16
123778,2588781,8.90175,-35.19549,5.3,-1157,0.0645,36.7,0.15,25.8,54.1,0.,0.16
123778,2588782,8.90175,-35.19549,5.3,-1157,0.0645,36.7,0.15,25.8,54.1,0.,0.16
123778,2588800,8.901853,-35.195032,5.3,-1157,0.0645,36.7,0.15,25.8,54.1,0.,0.16
123778,2588801,8.901853,-35.195032,5.3,-1157,0.0645,36.7,0.15,25.8,54.1,0.,0.16
123778,2588809,8.901908,-35.194817,5.3,-1157,0.0645,36.7,0.15,25.8,54.1,0.,0.16
123778,2588811,8.901908,-35.194817,5.3,-1157,0.0645,36.7,0.15,25.8,54.1,0.,0.16
123778,2588821,8.901975,-35.194553,5.3,-1157,0.0644,36.7,0.15,25.8,54.1,0.,0.16
123778,2588822,8.901975,-35.194553,5.3,-1157,0.0644,36.7,0.15,25.8,54.1,0.,0.16
123778,2588861,8.902187,-35.19358,5.4,-1157,0.0644,36.7,0.15,25.8,54.1,0.,0.16
123778,2588870,8.902243,-35.193357,5.4,-1157,0.0644,36.7,0.15,25.8,54.1,0.,0.16
123778,2588970,8.902802,-35.190852,5.3,-1157,0.06430000000000001,36.7,0.15,25.8,54.1,0.,0.16
123778,2588971,8.902802,-35.190852,5.3,-1157,0.06430000000000001,36.7,0.15,25.8,54.1,0.,0.16
123778,2588980,8.902858,-35.190613,5.3,-1157,0.06420000000000001,36.7,0.15,25.8,54.1,0.,0.16
123778,2588981,8.902858,-35.190613,5.3,-1157,0.06420000000000001,36.7,0.15,25.8,54.1,0.,0.16
123778,2588991,8.902917,-35.190378,5.2,-1157,0.06420000000000001,36.7,0.15,25.8,54.1,0.,0.16
123778,2588992,8.902917,-35.190378,5.2,-1157,0.06420000000000001,36.7,0.15,25.8,54.1,0.,0.16
123778,2589010,8.903017,-35.189938,5.1,-1157,0.06420000000000001,36.7,0.15,25.8,54.1,0.,0.16
123778,2589011,8.903017,-35.189938,5.1,-1157,0.06420000000000001,36.7,0.15,25.8,54.1,0.,0.16
123778,2589040,8.903188,-35.18923,5.,-1157,0.06420000000000001,36.7,0.15,25.8,54.,0.,0.16
123778,2589042,8.903188,-35.18923,5.,-1157,0.06420000000000001,36.7,0.15,25.8,54.,0.,0.16
123778,2589100,8.90353,-35.187797,5.3,-1157,0.0641,36.7,0.15,25.8,54.,0.,0.17
123778,2589102,8.90353,-35.187797,5.3,-1157,0.0641,36.7,0.15,25.8,54.,0.,0.17
123778,2589112,8.903595,-35.187557,5.3,-1157,0.0641,36.7,0.15,25.8,54.,0.,0.17
123778,2589122,8.903663,-35.18729,5.3,-1157,0.0641,36.7,0.15,25.8,54.,0.,0.17
123778,2589162,8.903925,-35.186338,5.4,-1157,0.064,36.7,0.15,25.8,54.,0.,0.17
123778,2589171,8.903997,-35.18609,5.4,-1157,0.064,36.7,0.15,25.8,54.,0.,0.17
123778,2594562,8.932007,-35.052922,5.8,-1140,0.068,36.7,0.14,25.8,66.3,-0.02,0.32
123778,2594881,8.933903,-35.04462,5.7,-1141,0.0685,36.7,0.14,25.8,68.,-0.02,0.34
123778,2594882,8.933903,-35.04462,5.7,-1141,0.0685,36.7,0.14,25.8,68.,-0.02,0.34
123778,2595505,8.937408,-35.028965,5.6,-1143,0.06720000000000001,36.7,0.14,25.8,72.,-0.02,0.35000000000000003
123778,2601193,8.970865,-34.918373,4.8,-1142,0.0623,36.6,0.13,26.,124.30000000000001,-0.04,0.33
123778,2618183,8.893918,-35.286147,5.1,-1158,0.055400000000000005,-99999.,-99999.,-99999.,-99999.,-99999.,-99999.
123778,2618550,8.892562,-35.29445,5.7,-1158,0.062200000000000005,-99999.,-99999.,-99999.,-99999.,-99999.,-99999.
123778,2619383,8.888045,-35.314747,7.6,-1159,0.0584,-99999.,-99999.,-99999.,-99999.,-99999.,-99999.
123778,2620073,8.883377,-35.333785,7.5,-1153,0.0651,-99999.,-99999.,-99999.,-99999.,-99999.,-99999.
123778,2620514,8.881213,-35.343268,7.5,-1154,0.06420000000000001,-99999.,-99999.,-99999.,-99999.,-99999.,-99999.
123778,2620937,8.879588,-35.351632,5.6,-1154,0.06330000000000001,-99999.,-99999.,-99999.,-99999.,-99999.,-99999.
123778,2621773,8.87414,-35.370615,7.6,-1155,0.06520000000000001,-99999.,-99999.,-99999.,-99999.,-99999.,-99999.
123778,2622279,8.869998,-35.381388,2.4,-1155,0.06380000000000001,-99999.,-99999.,-99999.,-99999.,-99999.,-99999.
123778,2622968,8.862095,-35.396563,5.6,-1156,0.06380000000000001,-99999.,-99999.,-99999.,-99999.,-99999.,-99999.
123778,2623448,8.856612,-35.404542,5.,-1157,0.064,-99999.,-99999.,-99999.,-99999.,-99999.,-99999.
123778,2624339,8.838987,-35.426592,7.2,-1152,0.06380000000000001,-99999.,-99999.,-99999.,-99999.,-99999.,-99999.
123778,2624780,8.833355,-35.433607,3.2,-1152,0.0634,-99999.,-99999.,-99999.,-99999.,-99999.,-99999.
123778,2625593,8.824552,-35.445522,4.2,-1155,0.0656,-99999.,-99999.,-99999.,-99999.,-99999.,-99999.
123778,2625614,8.824575,-35.445093,3.1,-1155,0.0656,-99999.,-99999.,-99999.,-99999.,-99999.,-99999.
123778,2626144,8.820213,-35.452313,5.6,-1155,0.0654,-99999.,-99999.,-99999.,-99999.,-99999.,-99999.
123778,2626793,8.81337,-35.464195,6.5,-1154,0.0654,-99999.,-99999.,-99999.,-99999.,-99999.,-99999.
123778,2627193,8.809572,-35.472862,7.,-1153,0.06570000000000001,-99999.,-99999.,-99999.,-99999.,-99999.,-99999.
123778,2627415,8.807133,-35.479812,6.9,-1153,0.0658,-99999.,-99999.,-99999.,-99999.,-99999.,-99999.
123778,2627416,8.807133,-35.479812,6.9,-1153,0.0658,-99999.,-99999.,-99999.,-99999.,-99999.,-99999.
123778,2627461,8.80672,-35.481305,7.2,-1152,0.0659,-99999.,-99999.,-99999.,-99999.,-99999.,-99999.
123778,2627474,8.80656,-35.481713,7.2,-1152,0.0659,-99999.,-99999.,-99999.,-99999.,-99999.,-99999.
123778,2627528,8.805745,-35.483162,5.1,-1152,0.0659,-99999.,-99999.,-99999.,-99999.,-99999.,-99999.
123778,2627541,8.80551,-35.482967,3.5,-1152,0.0659,-99999.,-99999.,-99999.,-99999.,-99999.,-99999.
123778,2627555,8.80554,-35.48269,2.8,-1152,0.0659,-99999.,-99999.,-99999.,-99999.,-99999.,-99999.
123778,2627589,8.805857,-35.482738,1.3,-1152,0.0659,-99999.,-99999.,-99999.,-99999.,-99999.,-99999.
123778,2627708,8.804803,-35.48553,4.5,-1152,0.066,-99999.,-99999.,-99999.,-99999.,-99999.,-99999.
123778,2627709,8.804803,-35.48553,4.5,-1152,0.066,-99999.,-99999.,-99999.,-99999.,-99999.,-99999.
123778,2627743,8.804522,-35.48513,3.1,-1152,0.0659,-99999.,-99999.,-99999.,-99999.,-99999.,-99999.
123778,2628053,8.803527,-35.489508,5.,-1152,0.066,-99999.,-99999.,-99999.,-99999.,-99999.,-99999.
123778,2628436,8.801565,-35.496392,5.3,-1151,0.0661,-99999.,-99999.,-99999.,-99999.,-99999.,-99999.
123778,2629294,8.798222,-35.511625,1.2,-1153,0.0659,-99999.,-99999.,-99999.,-99999.,-99999.,-99999.
123778,2630678,8.795445,-35.527387,5.6,-1153,0.0665,-99999.,-99999.,-99999.,-99999.,-99999.,-99999.
123778,2631025,8.795162,-35.527977,1.4,-1153,0.0665,-99999.,-99999.,-99999.,-99999.,-99999.,-99999.
123778,2633271,8.798738,-35.566307,7.3,-1154,0.0661,-99999.,-99999.,-99999.,-99999.,-99999.,-99999.
123778,2633280,8.798817,-35.5666,7.3,-1154,0.0661,-99999.,-99999.,-99999.,-99999.,-99999.,-99999.
123778,2633310,8.799018,-35.567592,7.3,-1154,0.0661,-99999.,-99999.,-99999.,-99999.,-99999.,-99999.
123778,2633331,8.79919,-35.56832,7.3,-1154,0.0661,-99999.,-99999.,-99999.,-99999.,-99999.,-99999.
123778,2633332,8.79919,-35.56832,7.3,-1154,0.0661,-99999.,-99999.,-99999.,-99999.,-99999.,-99999.
123778,2633351,8.799328,-35.568957,7.3,-1154,0.0661,-99999.,-99999.,-99999.,-99999.,-99999.,-99999.
123778,2633362,8.799413,-35.569325,7.4,-1154,0.0661,-99999.,-99999.,-99999.,-99999.,-99999.,-99999.
123778,2633391,8.799632,-35.57034,7.4,-1154,0.0661,-99999.,-99999.,-99999.,-99999.,-99999.,-99999.
123778,2633392,8.799632,-35.57034,7.4,-1154,0.0661,-99999.,-99999.,-99999.,-99999.,-99999.,-99999.
123778,2633622,8.801362,-35.578008,7.2,-1154,0.0659,-99999.,-99999.,-99999.,-99999.,-99999.,-99999.
123778,2633632,8.801445,-35.578337,7.2,-1154,0.0659,-99999.,-99999.,-99999.,-99999.,-99999.,-99999.
123778,2633752,8.80238,-35.582352,7.3,-1154,0.0659,-99999.,-99999.,-99999.,-99999.,-99999.,-99999.
123778,2642384,8.812153,-35.870997,7.5,-1092,0.059000000000000004,-99999.,-99999.,-99999.,-99999.,-99999.,-99999.
123778,2656834,8.73963,-36.388552,7.7,-1069,0.0579,-99999.,-99999.,-99999.,-99999.,-99999.,-99999.
123778,2658044,8.733038,-36.431408,7.8,-1000,0.057100000000000005,-99999.,-99999.,-99999.,-99999.,-99999.,-99999.
123778,2658713,8.729283,-36.455232,7.8,-1046,0.057,-99999.,-99999.,-99999.,-99999.,-99999.,-99999.
123778,2659013,8.727642,-36.46588,7.5,-1066,0.056400000000000006,-99999.,-99999.,-99999.,-99999.,-99999.,-99999.
123778,2659203,8.726677,-36.472648,7.9,-1079,0.056400000000000006,-99999.,-99999.,-99999.,-99999.,-99999.,-99999.
123778,2659915,8.72266,-36.484455,5.1,-1100,0.0565,-99999.,-99999.,-99999.,-99999.,-99999.,-99999.
123778,2660062,8.719255,-36.486025,5.3,-1102,0.056600000000000004,-99999.,-99999.,-99999.,-99999.,-99999.,-99999.
123778,2660423,8.711435,-36.491847,6.2,-1109,0.0567,-99999.,-99999.,-99999.,-99999.,-99999.,-99999.
123778,2661162,8.70846,-36.493372,0.6,-1111,0.0568,-99999.,-99999.,-99999.,-99999.,-99999.,-99999.
123778,2661353,8.7085,-36.49289,0.6,-1110,0.0568,-99999.,-99999.,-99999.,-99999.,-99999.,-99999.
123778,2661623,8.708608,-36.492152,0.6,-1109,0.0567,-99999.,-99999.,-99999.,-99999.,-99999.,-99999.
123778,2662443,8.709222,-36.489935,0.6,-1105,0.0567,-99999.,-99999.,-99999.,-99999.,-99999.,-99999.
123778,2662804,8.709485,-36.489128,0.5,-1104,0.0567,-99999.,-99999.,-99999.,-99999.,-99999.,-99999.
123778,2663104,8.709517,-36.48824,0.7,-1102,0.0567,-99999.,-99999.,-99999.,-99999.,-99999.,-99999.
123778,2663833,8.709448,-36.486142,0.7,-1099,0.0567,-99999.,-99999.,-99999.,-99999.,-99999.,-99999.
123778,2664152,8.709483,-36.485127,0.6,-1097,0.0567,-99999.,-99999.,-99999.,-99999.,-99999.,-99999.
123778,2665056,8.709997,-36.48271,0.5,-1093,0.0567,-99999.,-99999.,-99999.,-99999.,-99999.,-99999.
123778,2665405,8.710275,-36.481802,0.8,-1092,0.056600000000000004,-99999.,-99999.,-99999.,-99999.,-99999.,-99999.
123778,2666154,8.711488,-36.479195,0.8,-1088,0.056600000000000004,-99999.,-99999.,-99999.,-99999.,-99999.,-99999.
123778,2668744,8.71487,-36.471808,0.6,-1076,0.0565,-99999.,-99999.,-99999.,-99999.,-99999.,-99999.
123778,2670376,8.718395,-36.467607,0.7,-1069,0.0565,-99999.,-99999.,-99999.,-99999.,-99999.,-99999.
123778,2671722,8.72191,-36.463635,1.2,-1062,0.056400000000000006,-99999.,-99999.,-99999.,-99999.,-99999.,-99999.
123778,2671823,8.722273,-36.463333,1.,-1061,0.056400000000000006,-99999.,-99999.,-99999.,-99999.,-99999.,-99999.
123778,2677029,8.73519,-36.446988,1.,-1030,0.0731,-99999.,-99999.,-99999.,-99999.,-99999.,-99999.
123778,2677063,8.73525,-36.446885,0.8,-1030,0.0731,-99999.,-99999.,-99999.,-99999.,-99999.,-99999.
123778,2677093,8.735312,-36.446788,0.9,-1030,0.0731,-99999.,-99999.,-99999.,-99999.,-99999.,-99999.
123778,2677153,8.735428,-36.4466,0.9,-1029,0.0731,-99999.,-99999.,-99999.,-99999.,-99999.,-99999.
123778,2677157,8.735428,-36.4466,0.9,-1029,0.0731,-99999.,-99999.,-99999.,-99999.,-99999.,-99999.
123778,2677159,8.73544,-36.44658,0.9,-1029,0.0731,-99999.,-99999.,-99999.,-99999.,-99999.,-99999.
123778,2677202,8.735512,-36.44643,0.8,-1029,0.0731,-99999.,-99999.,-99999.,-99999.,-99999.,-99999.
123778,2677227,8.735555,-36.446352,0.9,-1029,0.0731,-99999.,-99999.,-99999.,-99999.,-99999.,-99999.
123778,2677229,8.735562,-36.446342,0.8,-1029,0.0731,-99999.,-99999.,-99999.,-99999.,-99999.,-99999.
123778,2677230,8.735562,-36.446342,0.8,-1029,0.0731,-99999.,-99999.,-99999.,-99999.,-99999.,-99999.
123778,2677232,8.735565,-36.446335,0.7,-1029,0.0731,-99999.,-99999.,-99999.,-99999.,-99999.,-99999.
123778,2677234,8.735565,-36.446335,0.7,-1029,0.0731,-99999.,-99999.,-99999.,-99999.,-99999.,-99999.
123778,2677249,8.735602,-36.446287,0.8,-1029,0.0731,-99999.,-99999.,-99999.,-99999.,-99999.,-99999.
123778,2677254,8.735617,-36.446272,0.8,-1029,0.0731,-99999.,-99999.,-99999.,-99999.,-99999.,-99999.
123778,2677332,8.735778,-36.446062,0.8,-1028,0.0731,-99999.,-99999.,-99999.,-99999.,-99999.,-99999.
123778,2677353,8.735807,-36.445992,0.7,-1028,0.0731,-99999.,-99999.,-99999.,-99999.,-99999.,-99999.
123778,2677362,8.73582,-36.445963,0.8,-1028,0.0731,-99999.,-99999.,-99999.,-99999.,-99999.,-99999.
123778,2677374,8.735835,-36.445927,0.8,-1028,0.0731,-99999.,-99999.,-99999.,-99999.,-99999.,-99999.
123778,2677410,8.735872,-36.445812,0.7,-1028,0.0731,-99999.,-99999.,-99999.,-99999.,-99999.,-99999.
123778,2677413,8.735878,-36.445793,0.8,-1028,0.0731,-99999.,-99999.,-99999.,-99999.,-99999.,-99999.
123778,2677417,8.735878,-36.445787,0.7,-1028,0.0731,-99999.,-99999.,-99999.,-99999.,-99999.,-99999.
123778,2677462,8.73594,-36.44564,0.6,-1027,0.0731,-99999.,-99999.,-99999.,-99999.,-99999.,-99999.
123778,2677463,8.73594,-36.44564,0.6,-1027,0.0731,-99999.,-99999.,-99999.,-99999.,-99999.,-99999.
123778,2677522,8.736008,-36.44546,0.8,-1027,0.0731,-99999.,-99999.,-99999.,-99999.,-99999.,-99999.
123778,2677603,8.736193,-36.44531,0.7,-1027,0.0731,-99999.,-99999.,-99999.,-99999.,-99999.,-99999.
123778,2677610,8.73621,-36.445298,0.7,-1027,0.0731,-99999.,-99999.,-99999.,-99999.,-99999.,-99999.
123778,2677613,8.736215,-36.445295,0.5,-1027,0.0731,-99999.,-99999.,-99999.,-99999.,-99999.,-99999.
123778,2684314,8.714458,-36.440645,4.9,-1022,0.0753,-99999.,-99999.,-99999.,-99999.,-99999.,-99999.
123778,2701367,8.802905,-36.034148,8.2,-1064,0.0816,-99999.,-99999.,-99999.,-99999.,-99999.,-99999.
123778,2702559,8.807107,-35.994948,8.4,-986,0.08030000000000001,-99999.,-99999.,-99999.,-99999.,-99999.,-99999.
123778,2702859,8.807932,-35.988255,8.2,-996,0.0818,-99999.,-99999.,-99999.,-99999.,-99999.,-99999.
123778,2703701,8.811572,-35.964312,8.2,-1031,0.0867,-99999.,-99999.,-99999.,-99999.,-99999.,-99999.
123778,2704011,8.812842,-35.955735,3.9,-1044,0.0791,-99999.,-99999.,-99999.,-99999.,-99999.,-99999.
123778,2704847,8.817545,-35.93914,0.4,-1066,0.0819,-99999.,-99999.,-99999.,-99999.,-99999.,-99999.
123778,2705236,8.819253,-35.935342,4.2,-1071,0.08270000000000001,-99999.,-99999.,-99999.,-99999.,-99999.,-99999.
123778,2706213,8.826478,-35.90399,4.8,-1034,0.0795,-99999.,-99999.,-99999.,-99999.,-99999.,-99999.
123778,2706694,8.829928,-35.88846,8.4,-1054,0.0795,-99999.,-99999.,-99999.,-99999.,-99999.,-99999.
123778,2707426,8.837032,-35.865195,8.2,-1091,0.0821,-99999.,-99999.,-99999.,-99999.,-99999.,-99999.
123778,2707703,8.840103,-35.85597,3.6,-1092,0.0824,-99999.,-99999.,-99999.,-99999.,-99999.,-99999.
123778,2708648,8.843715,-35.835963,8.5,-1097,0.08310000000000001,-99999.,-99999.,-99999.,-99999.,-99999.,-99999.
123778,2709040,8.8453,-35.830367,6.1,-1132,0.0816,-99999.,-99999.,-99999.,-99999.,-99999.,-99999.
123778,2709888,8.850838,-35.801343,4.4,-1134,0.0848,-99999.,-99999.,-99999.,-99999.,-99999.,-99999.
123778,2710252,8.85245,-35.790883,8.7,-1135,0.081,-99999.,-99999.,-99999.,-99999.,-99999.,-99999.
123778,2711219,8.857182,-35.767847,2.,-1137,0.0838,-99999.,-99999.,-99999.,-99999.,-99999.,-99999.
123778,2711531,8.857917,-35.762105,4.7,-1138,0.08460000000000001,-99999.,-99999.,-99999.,-99999.,-99999.,-99999.
123778,2712346,8.861277,-35.747585,1.8,-1152,0.0811,-99999.,-99999.,-99999.,-99999.,-99999.,-99999.
123778,2713667,8.86911,-35.72127,8.2,-1153,0.0833,-99999.,-99999.,-99999.,-99999.,-99999.,-99999.
123778,2715069,8.880585,-35.684478,6.5,-1155,0.08,-99999.,-99999.,-99999.,-99999.,-99999.,-99999.
123778,2715665,8.884672,-35.672453,1.4,-1155,0.0804,-99999.,-99999.,-99999.,-99999.,-99999.,-99999.
123778,2715688,8.884392,-35.672358,2.8,-1155,0.0804,-99999.,-99999.,-99999.,-99999.,-99999.,-99999.
123778,2715689,8.884392,-35.672358,2.8,-1155,0.0804,-99999.,-99999.,-99999.,-99999.,-99999.,-99999.
123778,2715699,8.884382,-35.672123,3.6,-1155,0.0804,-99999.,-99999.,-99999.,-99999.,-99999.,-99999.
123778,2715700,8.884382,-35.672123,3.6,-1155,0.0804,-99999.,-99999.,-99999.,-99999.,-99999.,-99999.
123778,2715711,8.884478,-35.671768,5.3,-1155,0.0804,-99999.,-99999.,-99999.,-99999.,-99999.,-99999.
123778,2715712,8.884478,-35.671768,5.3,-1155,0.0804,-99999.,-99999.,-99999.,-99999.,-99999.,-99999.
123778,2715731,8.884572,-35.671082,7.2,-1155,0.0804,-99999.,-99999.,-99999.,-99999.,-99999.,-99999.
123778,2715732,8.884572,-35.671082,7.2,-1155,0.0804,-99999.,-99999.,-99999.,-99999.,-99999.,-99999.
123778,2715771,8.88492,-35.669493,8.9,-1155,0.0805,-99999.,-99999.,-99999.,-99999.,-99999.,-99999.
123778,2715772,8.88492,-35.669493,8.9,-1155,0.0805,-99999.,-99999.,-99999.,-99999.,-99999.,-99999.
123778,2715795,8.885138,-35.668515,8.9,-1156,0.0805,-99999.,-99999.,-99999.,-99999.,-99999.,-99999.
123778,2715807,8.885235,-35.668025,8.9,-1156,0.0806,-99999.,-99999.,-99999.,-99999.,-99999.,-99999.
123778,2715808,8.885235,-35.668025,8.9,-1156,0.0806,-99999.,-99999.,-99999.,-99999.,-99999.,-99999.
123778,2715811,8.885248,-35.667902,8.9,-1156,0.0806,-99999.,-99999.,-99999.,-99999.,-99999.,-99999.
123778,2715813,8.885248,-35.667902,8.9,-1156,0.0806,-99999.,-99999.,-99999.,-99999.,-99999.,-99999.
123778,2715818,8.885282,-35.667617,8.8,-1156,0.0806,-99999.,-99999.,-99999.,-99999.,-99999.,-99999.
123778,2715819,8.885282,-35.667617,8.8,-1156,0.0806,-99999.,-99999.,-99999.,-99999.,-99999.,-99999.
123778,2715831,8.885432,-35.667065,8.7,-1156,0.0806,-99999.,-99999.,-99999.,-99999.,-99999.,-99999.
123778,2715832,8.885432,-35.667065,8.7,-1156,0.0806,-99999.,-99999.,-99999.,-99999.,-99999.,-99999.
123778,2715858,8.885648,-35.666035,8.7,-1157,0.0823,-99999.,-99999.,-99999.,-99999.,-99999.,-99999.
123778,2715859,8.885648,-35.666035,8.7,-1157,0.0823,-99999.,-99999.,-99999.,-99999.,-99999.,-99999.
123778,2715879,8.885672,-35.665273,7.5,-1157,0.0823,-99999.,-99999.,-99999.,-99999.,-99999.,-99999.
123778,2715884,8.885653,-35.665112,7.3,-1157,0.0823,-99999.,-99999.,-99999.,-99999.,-99999.,-99999.
123778,2715885,8.885653,-35.665112,7.3,-1157,0.0823,-99999.,-99999.,-99999.,-99999.,-99999.,-99999.
123778,2715888,8.885667,-35.664988,7.1,-1157,0.0823,-99999.,-99999.,-99999.,-99999.,-99999.,-99999.
123778,2715889,8.885667,-35.664988,7.1,-1157,0.0823,-99999.,-99999.,-99999.,-99999.,-99999.,-99999.
123778,2715898,8.885788,-35.664713,6.6,-1157,0.0823,-99999.,-99999.,-99999.,-99999.,-99999.,-99999.
123778,2715899,8.885788,-35.664713,6.6,-1157,0.0823,-99999.,-99999.,-99999.,-99999.,-99999.,-99999.
123778,2715905,8.88592,-35.664532,6.8,-1157,0.0823,-99999.,-99999.,-99999.,-99999.,-99999.,-99999.
123778,2715906,8.88592,-35.664532,6.8,-1157,0.0823,-99999.,-99999.,-99999.,-99999.,-99999.,-99999.
123778,2715907,8.885962,-35.664443,6.8,-1157,0.0823,-99999.,-99999.,-99999.,-99999.,-99999.,-99999.
123778,2715908,8.885962,-35.664443,6.8,-1157,0.0823,-99999.,-99999.,-99999.,-99999.,-99999.,-99999.
123778,2715911,8.886007,-35.664322,6.9,-1157,0.08220000000000001,-99999.,-99999.,-99999.,-99999.,-99999.,-99999.
123778,2715912,8.886007,-35.664322,6.9,-1157,0.08220000000000001,-99999.,-99999.,-99999.,-99999.,-99999.,-99999.
123778,2715924,8.886102,-35.663908,7.,-1157,0.08220000000000001,-99999.,-99999.,-99999.,-99999.,-99999.,-99999.
123778,2715925,8.886102,-35.663908,7.,-1157,0.08220000000000001,-99999.,-99999.,-99999.,-99999.,-99999.,-99999.
123778,2715940,8.886422,-35.663658,5.1,-1157,0.08220000000000001,-99999.,-99999.,-99999.,-99999.,-99999.,-99999.
123778,2715956,8.886635,-35.663768,2.6,-1157,0.08220000000000001,-99999.,-99999.,-99999.,-99999.,-99999.,-99999.
123778,2715957,8.886635,-35.663768,2.6,-1157,0.08220000000000001,-99999.,-99999.,-99999.,-99999.,-99999.,-99999.
123778,2715967,8.886605,-35.663905,1.3,-1157,0.08220000000000001,-99999.,-99999.,-99999.,-99999.,-99999.,-99999.
123778,2715968,8.886605,-35.663905,1.3,-1157,0.08220000000000001,-99999.,-99999.,-99999.,-99999.,-99999.,-99999.
123778,2715980,8.88647,-35.66392,1.4,-1157,0.08220000000000001,-99999.,-99999.,-99999.,-99999.,-99999.,-99999.
123778,2715982,8.886438,-35.663902,1.5,-1157,0.08220000000000001,-99999.,-99999.,-99999.,-99999.,-99999.,-99999.
123778,2716015,8.886353,-35.663312,4.5,-1157,0.08220000000000001,-99999.,-99999.,-99999.,-99999.,-99999.,-99999.
123778,2716016,8.886353,-35.663312,4.5,-1157,0.08220000000000001,-99999.,-99999.,-99999.,-99999.,-99999.,-99999.
123778,2716049,8.886363,-35.662448,5.4,-1157,0.08220000000000001,-99999.,-99999.,-99999.,-99999.,-99999.,-99999.
123778,2716064,8.88647,-35.662143,4.1,-1157,0.08220000000000001,-99999.,-99999.,-99999.,-99999.,-99999.,-99999.
123778,2716065,8.88647,-35.662143,4.1,-1157,0.08220000000000001,-99999.,-99999.,-99999.,-99999.,-99999.,-99999.
123778,2716070,8.886502,-35.66207,3.9,-1157,0.08220000000000001,-99999.,-99999.,-99999.,-99999.,-99999.,-99999.
123778,2716088,8.886643,-35.661727,4.5,-1157,0.08220000000000001,-99999.,-99999.,-99999.,-99999.,-99999.,-99999.
123778,2716089,8.886643,-35.661727,4.5,-1157,0.08220000000000001,-99999.,-99999.,-99999.,-99999.,-99999.,-99999.
123778,2716096,8.88663,-35.661542,4.7,-1157,0.08220000000000001,-99999.,-99999.,-99999.,-99999.,-99999.,-99999.
123778,2716097,8.88663,-35.661542,4.7,-1157,0.08220000000000001,-99999.,-99999.,-99999.,-99999.,-99999.,-99999.
123778,2716105,8.88658,-35.66131,5.2,-1157,0.08220000000000001,-99999.,-99999.,-99999.,-99999.,-99999.,-99999.
123778,2716112,8.886585,-35.661105,5.7,-1157,0.08220000000000001,-99999.,-99999.,-99999.,-99999.,-99999.,-99999.
123778,2716120,8.886615,-35.660883,6.3,-1157,0.08220000000000001,-99999.,-99999.,-99999.,-99999.,-99999.,-99999.
123778,2716128,8.886635,-35.660572,6.9,-1157,0.08220000000000001,-99999.,-99999.,-99999.,-99999.,-99999.,-99999.
123778,2716132,8.886633,-35.660427,7.2,-1157,0.0821,-99999.,-99999.,-99999.,-99999.,-99999.,-99999.
123778,2716143,8.886652,-35.660003,7.8,-1157,0.0821,-99999.,-99999.,-99999.,-99999.,-99999.,-99999.
123778,2716152,8.886693,-35.659643,8.1,-1157,0.0821,-99999.,-99999.,-99999.,-99999.,-99999.,-99999.
123778,2716169,8.886682,-35.659002,8.5,-1157,0.0821,-99999.,-99999.,-99999.,-99999.,-99999.,-99999.
123778,2716326,8.887297,-35.656283,4.,-1157,0.082,-99999.,-99999.,-99999.,-99999.,-99999.,-99999.
123778,2721672,9.002512,-35.724158,7.5,-1148,0.0771,-99999.,-99999.,-99999.,-99999.,-99999.,-99999.
123778,2721693,9.003107,-35.724638,7.5,-1148,0.0771,-99999.,-99999.,-99999.,-99999.,-99999.,-99999.
123778,2721694,9.003107,-35.724638,7.5,-1148,0.0771,-99999.,-99999.,-99999.,-99999.,-99999.,-99999.
123778,2721706,9.003415,-35.724923,7.5,-1148,0.0771,-99999.,-99999.,-99999.,-99999.,-99999.,-99999.
123778,2721715,9.003642,-35.725148,7.5,-1148,0.0771,-99999.,-99999.,-99999.,-99999.,-99999.,-99999.
123778,2721720,9.003758,-35.72528,7.6,-1148,0.0771,-99999.,-99999.,-99999.,-99999.,-99999.,-99999.
123778,2721793,9.00564,-35.727088,7.7,-1148,0.0771,-99999.,-99999.,-99999.,-99999.,-99999.,-99999.
123778,2721882,9.007998,-35.729305,7.7,-1148,0.0772,-99999.,-99999.,-99999.,-99999.,-99999.,-99999.
123778,2721883,9.007998,-35.729305,7.7,-1148,0.0772,-99999.,-99999.,-99999.,-99999.,-99999.,-99999.
123778,2721893,9.008257,-35.729553,7.7,-1148,0.0772,-99999.,-99999.,-99999.,-99999.,-99999.,-99999.
123778,2721942,9.00955,-35.730788,7.7,-1148,0.07730000000000001,-99999.,-99999.,-99999.,-99999.,-99999.,-99999.
123778,2721943,9.00955,-35.730788,7.7,-1148,0.07730000000000001,-99999.,-99999.,-99999.,-99999.,-99999.,-99999.
123778,2721962,9.010035,-35.731252,7.6,-1148,0.07730000000000001,-99999.,-99999.,-99999.,-99999.,-99999.,-99999.
123778,2721973,9.01032,-35.73151,7.5,-1148,0.07740000000000001,-99999.,-99999.,-99999.,-99999.,-99999.,-99999.
123778,2722003,9.011098,-35.732213,7.6,-1148,0.07740000000000001,-99999.,-99999.,-99999.,-99999.,-99999.,-99999.
123778,2722013,9.011357,-35.732457,7.7,-1148,0.07740000000000001,-99999.,-99999.,-99999.,-99999.,-99999.,-99999.
123778,2722033,9.011837,-35.732973,7.5,-1148,0.0775,-99999.,-99999.,-99999.,-99999.,-99999.,-99999.
123778,2722046,9.012168,-35.733273,7.4,-1148,0.0775,-99999.,-99999.,-99999.,-99999.,-99999.,-99999.
123778,2722065,9.012698,-35.73366,7.5,-1148,0.0775,-99999.,-99999.,-99999.,-99999.,-99999.,-99999.
123778,2725795,9.025345,-35.85311,7.6,-1071,0.0864,-99999.,-99999.,-99999.,-99999.,-99999.,-99999.
123778,2731374,8.996873,-36.047043,7.4,-836,0.08020000000000001,-99999.,-99999.,-99999.,-99999.,-99999.,-99999.
123778,2739662,8.95461,-36.338772,7.3,-942,0.0757,-99999.,-99999.,-99999.,-99999.,-99999.,-99999.
123778,2741013,8.948562,-36.384685,7.4,-941,0.07680000000000001,-99999.,-99999.,-99999.,-99999.,-99999.,-99999.
123778,2741847,8.944547,-36.413223,7.4,-939,0.07540000000000001,-99999.,-99999.,-99999.,-99999.,-99999.,-99999.
123778,2743173,8.937278,-36.459852,7.4,-1010,0.0777,-99999.,-99999.,-99999.,-99999.,-99999.,-99999.
123778,2743503,8.935525,-36.47116,7.6,-1006,0.07780000000000001,-99999.,-99999.,-99999.,-99999.,-99999.,-99999.
123778,2744372,8.930468,-36.501238,7.6,-1135,0.0755,-99999.,-99999.,-99999.,-99999.,-99999.,-99999.
123778,2744633,8.92896,-36.510223,5.9,-1121,0.076,-99999.,-99999.,-99999.,-99999.,-99999.,-99999.
123778,2744909,8.927802,-36.513677,3.7,-1115,0.0762,-99999.,-99999.,-99999.,-99999.,-99999.,-99999.
123778,2745622,8.924133,-36.494915,7.6,-1000,0.0782,-99999.,-99999.,-99999.,-99999.,-99999.,-99999.
123778,2745994,8.924953,-36.482158,7.5,-999,0.0781,-99999.,-99999.,-99999.,-99999.,-99999.,-99999.
123778,2746222,8.925607,-36.474292,7.1,-1000,0.078,-99999.,-99999.,-99999.,-99999.,-99999.,-99999.
123778,2747274,8.929028,-36.438157,7.4,-1004,0.07730000000000001,-99999.,-99999.,-99999.,-99999.,-99999.,-99999.
123778,2747334,8.929265,-36.436135,7.3,-1005,0.07740000000000001,-99999.,-99999.,-99999.,-99999.,-99999.,-99999.
123778,2747634,8.930258,-36.425528,7.7,-1007,0.0775,-99999.,-99999.,-99999.,-99999.,-99999.,-99999.
123778,2748283,8.932463,-36.403312,7.2,-926,0.075,-99999.,-99999.,-99999.,-99999.,-99999.,-99999.
123778,2748522,8.933183,-36.395325,7.4,-926,0.0756,-99999.,-99999.,-99999.,-99999.,-99999.,-99999.
123778,2748792,8.934002,-36.386157,7.4,-926,0.0761,-99999.,-99999.,-99999.,-99999.,-99999.,-99999.
123778,2749694,8.936822,-36.356125,7.1,-927,0.07350000000000001,-99999.,-99999.,-99999.,-99999.,-99999.,-99999.
123778,2749793,8.937077,-36.352822,7.,-927,0.0738,-99999.,-99999.,-99999.,-99999.,-99999.,-99999.
123778,2750613,8.939312,-36.325398,7.3,-835,0.0718,-99999.,-99999.,-99999.,-99999.,-99999.,-99999.
123778,2751884,8.943868,-36.28248,7.2,-843,0.0655,-99999.,-99999.,-99999.,-99999.,-99999.,-99999.
123778,2752194,8.944903,-36.272093,7.1,-845,0.068,-99999.,-99999.,-99999.,-99999.,-99999.,-99999.
123778,2753262,8.94892,-36.235667,7.3,-775,0.06720000000000001,-99999.,-99999.,-99999.,-99999.,-99999.,-99999.
123778,2753542,8.95019,-36.225767,7.2,-780,0.06960000000000001,-99999.,-99999.,-99999.,-99999.,-99999.,-99999.
123778,2754572,8.955272,-36.190532,7.6,-797,0.0698,-99999.,-99999.,-99999.,-99999.,-99999.,-99999.
123778,2754764,8.956167,-36.183798,7.6,-799,0.0717,-99999.,-99999.,-99999.,-99999.,-99999.,-99999.
123778,2759672,8.980563,-36.0237,6.9,-880,0.0811,-99999.,-99999.,-99999.,-99999.,-99999.,-99999.
123778,2759673,8.980563,-36.0237,6.9,-880,0.0811,-99999.,-99999.,-99999.,-99999.,-99999.,-99999.
123778,2759682,8.980578,-36.023378,6.8,-880,0.0811,-99999.,-99999.,-99999.,-99999.,-99999.,-99999.
123778,2759742,8.980765,-36.02154,6.5,-882,0.0811,-99999.,-99999.,-99999.,-99999.,-99999.,-99999.
123778,2759743,8.980765,-36.02154,6.5,-882,0.0811,-99999.,-99999.,-99999.,-99999.,-99999.,-99999.
123778,2759781,8.98084,-36.020308,6.6,-884,0.0811,-99999.,-99999.,-99999.,-99999.,-99999.,-99999.
123778,2759802,8.980907,-36.019697,6.6,-885,0.0811,-99999.,-99999.,-99999.,-99999.,-99999.,-99999.
123778,2759847,8.981088,-36.01835,6.5,-886,0.0811,-99999.,-99999.,-99999.,-99999.,-99999.,-99999.
123778,2759848,8.981088,-36.01835,6.5,-886,0.0811,-99999.,-99999.,-99999.,-99999.,-99999.,-99999.
123778,2759872,8.981125,-36.017592,6.4,-887,0.0811,-99999.,-99999.,-99999.,-99999.,-99999.,-99999.
123778,2759873,8.981125,-36.017592,6.4,-887,0.0811,-99999.,-99999.,-99999.,-99999.,-99999.,-99999.
123778,2759982,8.981427,-36.014193,6.6,-891,0.0811,-99999.,-99999.,-99999.,-99999.,-99999.,-99999.
123778,2759983,8.981427,-36.014193,6.6,-891,0.0811,-99999.,-99999.,-99999.,-99999.,-99999.,-99999.
123778,2759991,8.981447,-36.013948,6.5,-891,0.0811,-99999.,-99999.,-99999.,-99999.,-99999.,-99999.
123778,2759992,8.981447,-36.013948,6.5,-891,0.0811,-99999.,-99999.,-99999.,-99999.,-99999.,-99999.
123778,2760011,8.981498,-36.01333,6.6,-892,0.0811,-99999.,-99999.,-99999.,-99999.,-99999.,-99999.
123778,2760032,8.98158,-36.012692,6.5,-893,0.0811,-99999.,-99999.,-99999.,-99999.,-99999.,-99999.
123778,2760033,8.98158,-36.012692,6.5,-893,0.0811,-99999.,-99999.,-99999.,-99999.,-99999.,-99999.
123778,2760072,8.981625,-36.011507,6.4,-894,0.0811,-99999.,-99999.,-99999.,-99999.,-99999.,-99999.
123778,2760111,8.981725,-36.010332,6.3,-896,0.0811,-99999.,-99999.,-99999.,-99999.,-99999.,-99999.
123778,2760112,8.981725,-36.010332,6.3,-896,0.0811,-99999.,-99999.,-99999.,-99999.,-99999.,-99999.
123778,2760122,8.981757,-36.010005,6.4,-896,0.0811,-99999.,-99999.,-99999.,-99999.,-99999.,-99999.
123778,2760183,8.981878,-36.008208,6.4,-898,0.0811,-99999.,-99999.,-99999.,-99999.,-99999.,-99999.
123778,2760242,8.982002,-36.006353,6.7,-901,0.0811,-99999.,-99999.,-99999.,-99999.,-99999.,-99999.
123778,2760282,8.98211,-36.00514,6.5,-902,0.0811,-99999.,-99999.,-99999.,-99999.,-99999.,-99999.
123778,2765450,8.993785,-35.875842,4.9,-1012,0.08600000000000001,-99999.,-99999.,-99999.,-99999.,-99999.,-99999.
123778,2765451,8.993785,-35.875842,4.9,-1012,0.08600000000000001,-99999.,-99999.,-99999.,-99999.,-99999.,-99999.
123778,2765670,8.994663,-35.870625,5.1,-1011,0.0868,-99999.,-99999.,-99999.,-99999.,-99999.,-99999.
123778,2765719,8.994802,-35.869432,5.3,-1011,0.0868,-99999.,-99999.,-99999.,-99999.,-99999.,-99999.
123778,2765720,8.994802,-35.869432,5.3,-1011,0.0868,-99999.,-99999.,-99999.,-99999.,-99999.,-99999.
123778,2765800,8.99507,-35.86742,5.3,-1011,0.0868,-99999.,-99999.,-99999.,-99999.,-99999.,-99999.
123778,2765810,8.995103,-35.867172,5.4,-1011,0.0868,-99999.,-99999.,-99999.,-99999.,-99999.,-99999.
123778,2765811,8.995103,-35.867172,5.4,-1011,0.0868,-99999.,-99999.,-99999.,-99999.,-99999.,-99999.
123778,2765860,8.995255,-35.865913,5.5,-1011,0.0868,-99999.,-99999.,-99999.,-99999.,-99999.,-99999.
123778,2765861,8.995255,-35.865913,5.5,-1011,0.0868,-99999.,-99999.,-99999.,-99999.,-99999.,-99999.
123778,2765870,8.995285,-35.865665,5.4,-1011,0.0868,-99999.,-99999.,-99999.,-99999.,-99999.,-99999.
123778,2765871,8.995285,-35.865665,5.4,-1011,0.0868,-99999.,-99999.,-99999.,-99999.,-99999.,-99999.
123778,2765990,8.995647,-35.862672,5.2,-1010,0.0868,-99999.,-99999.,-99999.,-99999.,-99999.,-99999.
123778,2767885,9.002143,-35.81685,4.9,-1148,0.0829,-99999.,-99999.,-99999.,-99999.,-99999.,-99999.
123778,2773354,8.993703,-35.782253,7.7,-1079,0.07970000000000001,-99999.,-99999.,-99999.,-99999.,-99999.,-99999.
123778,2788080,8.882538,-36.120153,7.7,-917,0.079,-99999.,-99999.,-99999.,-99999.,-99999.,-99999.
123778,2788310,8.881603,-36.12371,6.9,-912,0.0791,-99999.,-99999.,-99999.,-99999.,-99999.,-99999.
123778,2789336,8.878473,-36.144718,1.5,-882,0.0772,-99999.,-99999.,-99999.,-99999.,-99999.,-99999.
123778,2789587,8.877347,-36.14931,2.2,-876,0.07740000000000001,-99999.,-99999.,-99999.,-99999.,-99999.,-99999.
123778,2790511,8.872257,-36.173125,7.6,-957,0.078,-99999.,-99999.,-99999.,-99999.,-99999.,-99999.
123778,2790862,8.870805,-36.18505,7.4,-933,0.07780000000000001,-99999.,-99999.,-99999.,-99999.,-99999.,-99999.
123778,2791753,8.868125,-36.19998,2.8,-903,0.0776,-99999.,-99999.,-99999.,-99999.,-99999.,-99999.
123778,2792344,8.865723,-36.216567,7.7,-870,0.0772,-99999.,-99999.,-99999.,-99999.,-99999.,-99999.
123778,2792873,8.86304,-36.22896,5.4,-845,0.0777,-99999.,-99999.,-99999.,-99999.,-99999.,-99999.
123778,2793300,8.860343,-36.236245,1.9,-830,0.0779,-99999.,-99999.,-99999.,-99999.,-99999.,-99999.
123778,2794159,8.852587,-36.252807,2.4,-985,0.075,-99999.,-99999.,-99999.,-99999.,-99999.,-99999.
123778,2794503,8.848677,-36.263475,7.6,-963,0.0758,-99999.,-99999.,-99999.,-99999.,-99999.,-99999.
123778,2794723,8.846818,-36.268133,1.8,-953,0.0762,-99999.,-99999.,-99999.,-99999.,-99999.,-99999.
123778,2795633,8.840513,-36.29076,3.6,-905,0.078,-99999.,-99999.,-99999.,-99999.,-99999.,-99999.
123778,2795869,8.839755,-36.296808,6.8,-893,0.0728,-99999.,-99999.,-99999.,-99999.,-99999.,-99999.
123778,2796676,8.837897,-36.310622,7.,-864,0.0731,-99999.,-99999.,-99999.,-99999.,-99999.,-99999.
123778,2797040,8.836553,-36.320792,2.3,-843,0.0733,-99999.,-99999.,-99999.,-99999.,-99999.,-99999.
123778,2798067,8.834783,-36.340472,2.5,-1015,0.0702,-99999.,-99999.,-99999.,-99999.,-99999.,-99999.
123778,2798583,8.83382,-36.346863,1.1,-1006,0.0695,-99999.,-99999.,-99999.,-99999.,-99999.,-99999.
123778,2799190,8.833177,-36.356497,4.1,-1100,0.0722,-99999.,-99999.,-99999.,-99999.,-99999.,-99999.
123778,2799834,8.833492,-36.374703,7.7,-966,0.0664,-99999.,-99999.,-99999.,-99999.,-99999.,-99999.
123778,2800553,8.833807,-36.385483,2.,-952,0.0695,-99999.,-99999.,-99999.,-99999.,-99999.,-99999.
123778,2800950,8.834795,-36.39277,2.3,-942,0.0684,-99999.,-99999.,-99999.,-99999.,-99999.,-99999.
123778,2804061,8.848868,-36.439302,1.2,-1076,0.0687,-99999.,-99999.,-99999.,-99999.,-99999.,-99999.
123778,2804066,8.848872,-36.43933,1.1,-1076,0.0687,-99999.,-99999.,-99999.,-99999.,-99999.,-99999.
123778,2804085,8.848892,-36.439478,2.,-1076,0.0687,-99999.,-99999.,-99999.,-99999.,-99999.,-99999.
123778,2804086,8.848892,-36.439478,2.,-1076,0.0687,-99999.,-99999.,-99999.,-99999.,-99999.,-99999.
123778,2804291,8.851717,-36.444537,7.1,-1074,0.06810000000000001,-99999.,-99999.,-99999.,-99999.,-99999.,-99999.
123778,2804292,8.851717,-36.444537,7.1,-1074,0.06810000000000001,-99999.,-99999.,-99999.,-99999.,-99999.,-99999.
123778,2804351,8.85281,-36.446258,7.3,-1073,0.0679,-99999.,-99999.,-99999.,-99999.,-99999.,-99999.
123778,2804352,8.85281,-36.446258,7.3,-1073,0.0679,-99999.,-99999.,-99999.,-99999.,-99999.,-99999.
123778,2804391,8.853545,-36.447458,7.6,-1073,0.0678,-99999.,-99999.,-99999.,-99999.,-99999.,-99999.
123778,2804392,8.853545,-36.447458,7.6,-1073,0.0678,-99999.,-99999.,-99999.,-99999.,-99999.,-99999.
123778,2804472,8.855028,-36.449878,7.6,-1072,0.0675,-99999.,-99999.,-99999.,-99999.,-99999.,-99999.
123778,2804481,8.855197,-36.450147,7.5,-1072,0.0675,-99999.,-99999.,-99999.,-99999.,-99999.,-99999.
123778,2804482,8.855197,-36.450147,7.5,-1072,0.0675,-99999.,-99999.,-99999.,-99999.,-99999.,-99999.
123778,2804541,8.856318,-36.451947,7.5,-1071,0.0673,-99999.,-99999.,-99999.,-99999.,-99999.,-99999.
123778,2804542,8.856318,-36.451947,7.5,-1071,0.0673,-99999.,-99999.,-99999.,-99999.,-99999.,-99999.
123778,2804571,8.856893,-36.452902,7.7,-1071,0.06720000000000001,-99999.,-99999.,-99999.,-99999.,-99999.,-99999.
123778,2804572,8.856893,-36.452902,7.7,-1071,0.06720000000000001,-99999.,-99999.,-99999.,-99999.,-99999.,-99999.
123778,2804621,8.857825,-36.454417,7.7,-1071,0.0671,-99999.,-99999.,-99999.,-99999.,-99999.,-99999.
123778,2804622,8.857825,-36.454417,7.7,-1071,0.0671,-99999.,-99999.,-99999.,-99999.,-99999.,-99999.
123778,2804661,8.858588,-36.45562,7.6,-1070,0.067,-99999.,-99999.,-99999.,-99999.,-99999.,-99999.
123778,2804672,8.858792,-36.455953,7.6,-1070,0.0669,-99999.,-99999.,-99999.,-99999.,-99999.,-99999.
123778,2804721,8.859733,-36.457423,7.7,-1070,0.0668,-99999.,-99999.,-99999.,-99999.,-99999.,-99999.
123778,2810072,8.91692,-36.626435,7.8,-1066,0.0712,-99999.,-99999.,-99999.,-99999.,-99999.,-99999.
123778,2810073,8.91692,-36.626435,7.8,-1066,0.0712,-99999.,-99999.,-99999.,-99999.,-99999.,-99999.
123778,2810112,8.916788,-36.627878,7.9,-1064,0.0714,-99999.,-99999.,-99999.,-99999.,-99999.,-99999.
123778,2810172,8.91659,-36.63004,7.5,-1046,0.07200000000000001,-99999.,-99999.,-99999.,-99999.,-99999.,-99999.
123778,2810183,8.916538,-36.63042,7.5,-1046,0.07200000000000001,-99999.,-99999.,-99999.,-99999.,-99999.,-99999.
123778,2810252,8.916265,-36.632925,7.9,-1043,0.07200000000000001,-99999.,-99999.,-99999.,-99999.,-99999.,-99999.
123778,2810292,8.916147,-36.634357,8.,-1042,0.07200000000000001,-99999.,-99999.,-99999.,-99999.,-99999.,-99999.
123778,2814684,8.898493,-36.796753,7.7,-1075,0.0626,-99999.,-99999.,-99999.,-99999.,-99999.,-99999.
123778,2826221,8.854302,-37.214727,7.9,-997,0.062400000000000004,-99999.,-99999.,-99999.,-99999.,-99999.,-99999.
123778,2827533,8.850578,-37.263177,8.1,-986,0.0636,-99999.,-99999.,-99999.,-99999.,-99999.,-99999.
123778,2828663,8.84564,-37.305102,5.6,-989,0.0659,-99999.,-99999.,-99999.,-99999.,-99999.,-99999.
123778,2829013,8.844318,-37.309462,2.5,-989,0.0658,-99999.,-99999.,-99999.,-99999.,-99999.,-99999.
123778,2829974,8.836787,-37.312835,0.8,-989,0.0655,-99999.,-99999.,-99999.,-99999.,-99999.,-99999.
123778,2830374,8.835862,-37.311818,0.7,-989,0.0655,-99999.,-99999.,-99999.,-99999.,-99999.,-99999.
123778,2830632,8.835317,-37.311192,0.7,-989,0.0655,-99999.,-99999.,-99999.,-99999.,-99999.,-99999.
123778,2831403,8.83395,-37.3096,0.5,-989,0.0655,-99999.,-99999.,-99999.,-99999.,-99999.,-99999.
123778,2831693,8.83351,-37.309043,0.7,-989,0.0655,-99999.,-99999.,-99999.,-99999.,-99999.,-99999.
123778,2832373,8.832397,-37.307567,0.5,-983,0.0653,-99999.,-99999.,-99999.,-99999.,-99999.,-99999.
123778,2832841,8.831738,-37.306693,0.6,-982,0.0653,-99999.,-99999.,-99999.,-99999.,-99999.,-99999.
123778,2833753,8.83031,-37.304758,0.5,-982,0.0651,-99999.,-99999.,-99999.,-99999.,-99999.,-99999.
123778,2834164,8.829733,-37.303825,0.6,-982,0.0651,-99999.,-99999.,-99999.,-99999.,-99999.,-99999.
123778,2834943,8.82878,-37.301842,0.7,-982,0.0649,-99999.,-99999.,-99999.,-99999.,-99999.,-99999.
123778,2835363,8.828152,-37.30096,0.4,-982,0.0649,-99999.,-99999.,-99999.,-99999.,-99999.,-99999.
123778,2837793,8.82629,-37.295313,0.5,-982,0.0645,-99999.,-99999.,-99999.,-99999.,-99999.,-99999.
123778,2839073,8.825612,-37.292703,0.5,-981,0.0644,-99999.,-99999.,-99999.,-99999.,-99999.,-99999.
123778,2848131,8.800828,-37.264415,0.8,-980,0.06420000000000001,-99999.,-99999.,-99999.,-99999.,-99999.,-99999.
123778,2848132,8.800828,-37.264415,0.8,-980,0.06420000000000001,-99999.,-99999.,-99999.,-99999.,-99999.,-99999.
123778,2848142,8.800797,-37.264387,0.9,-980,0.06420000000000001,-99999.,-99999.,-99999.,-99999.,-99999.,-99999.
123778,2848161,8.800735,-37.26433,0.9,-980,0.06420000000000001,-99999.,-99999.,-99999.,-99999.,-99999.,-99999.
123778,2848162,8.800735,-37.26433,0.9,-980,0.06420000000000001,-99999.,-99999.,-99999.,-99999.,-99999.,-99999.
123778,2848170,8.800702,-37.264303,0.9,-980,0.06420000000000001,-99999.,-99999.,-99999.,-99999.,-99999.,-99999.
123778,2848171,8.800702,-37.264303,0.9,-980,0.06420000000000001,-99999.,-99999.,-99999.,-99999.,-99999.,-99999.
123778,2848221,8.800515,-37.264173,0.9,-980,0.06420000000000001,-99999.,-99999.,-99999.,-99999.,-99999.,-99999.
123778,2848222,8.800515,-37.264173,0.9,-980,0.06420000000000001,-99999.,-99999.,-99999.,-99999.,-99999.,-99999.
123778,2848261,8.800363,-37.264088,0.9,-980,0.06420000000000001,-99999.,-99999.,-99999.,-99999.,-99999.,-99999.
123778,2848350,8.800008,-37.263867,1.,-980,0.06420000000000001,-99999.,-99999.,-99999.,-99999.,-99999.,-99999.
123778,2848410,8.799767,-37.263707,1.1,-980,0.06420000000000001,-99999.,-99999.,-99999.,-99999.,-99999.,-99999.
123778,2848411,8.799767,-37.263707,1.1,-980,0.06420000000000001,-99999.,-99999.,-99999.,-99999.,-99999.,-99999.
123778,2848421,8.799732,-37.263675,1.,-980,0.06420000000000001,-99999.,-99999.,-99999.,-99999.,-99999.,-99999.
123778,2848461,8.799592,-37.263565,1.,-980,0.06420000000000001,-99999.,-99999.,-99999.,-99999.,-99999.,-99999.
123778,2848462,8.799592,-37.263565,1.,-980,0.06420000000000001,-99999.,-99999.,-99999.,-99999.,-99999.,-99999.
123778,2848501,8.799448,-37.263452,1.,-980,0.06420000000000001,-99999.,-99999.,-99999.,-99999.,-99999.,-99999.
123778,2848581,8.799193,-37.263227,0.9,-980,0.06420000000000001,-99999.,-99999.,-99999.,-99999.,-99999.,-99999.
123778,2848582,8.799193,-37.263227,0.9,-980,0.06420000000000001,-99999.,-99999.,-99999.,-99999.,-99999.,-99999.
123778,2848591,8.799158,-37.2632,1.,-980,0.06420000000000001,-99999.,-99999.,-99999.,-99999.,-99999.,-99999.
123778,2848662,8.798912,-37.263025,1.,-980,0.06420000000000001,-99999.,-99999.,-99999.,-99999.,-99999.,-99999.
123778,2848707,8.79874,-37.262932,1.,-980,0.06420000000000001,-99999.,-99999.,-99999.,-99999.,-99999.,-99999.
123778,2854341,8.78141,-37.251615,0.8,-979,0.0675,-99999.,-99999.,-99999.,-99999.,-99999.,-99999.
123778,2856553,8.780137,-37.24807,4.1,-1000,0.0649,-99999.,-99999.,-99999.,-99999.,-99999.,-99999.
123778,2871413,8.74298,-37.017802,7.9,-942,-99999,-99999.,-99999.,-99999.,-99999.,-99999.,-99999.
123778,2872481,8.741202,-36.993263,3.,-1078,-99999,-99999.,-99999.,-99999.,-99999.,-99999.,-99999.
123778,2872749,8.740275,-36.98877,6.4,-1076,-99999,-99999.,-99999.,-99999.,-99999.,-99999.,-99999.
123778,2873620,8.738365,-36.970802,2.1,-1065,-99999,-99999.,-99999.,-99999.,-99999.,-99999.,-99999.
123778,2874993,8.734565,-36.942547,2.6,-1051,0.0716,-99999.,-99999.,-99999.,-99999.,-99999.,-99999.
123778,2875314,8.733832,-36.935773,8.2,-1048,0.0718,-99999.,-99999.,-99999.,-99999.,-99999.,-99999.
123778,2876113,8.734775,-36.918565,7.8,-1035,0.0723,-99999.,-99999.,-99999.,-99999.,-99999.,-99999.
123778,2876569,8.73666,-36.90994,7.9,-1145,0.0712,-99999.,-99999.,-99999.,-99999.,-99999.,-99999.
123778,2877314,8.743825,-36.889897,7.7,-1145,0.0719,-99999.,-99999.,-99999.,-99999.,-99999.,-99999.
123778,2877737,8.74785,-36.880695,7.7,-1145,0.0722,-99999.,-99999.,-99999.,-99999.,-99999.,-99999.
123778,2878702,8.755057,-36.86747,1.5,-1143,0.0646,-99999.,-99999.,-99999.,-99999.,-99999.,-99999.
123778,2879036,8.759153,-36.858482,5.8,-1144,0.0655,-99999.,-99999.,-99999.,-99999.,-99999.,-99999.
123778,2879747,8.762193,-36.852392,2.7,-1144,0.06620000000000001,-99999.,-99999.,-99999.,-99999.,-99999.,-99999.
123778,2881181,8.767728,-36.830512,4.3,-1095,0.0653,-99999.,-99999.,-99999.,-99999.,-99999.,-99999.
123778,2881521,8.766472,-36.828638,0.9,-1096,0.0654,-99999.,-99999.,-99999.,-99999.,-99999.,-99999.
123778,2882339,8.766277,-36.811915,2.4,-1106,0.0664,-99999.,-99999.,-99999.,-99999.,-99999.,-99999.
123778,2882645,8.76532,-36.808042,7.1,-1108,0.0666,-99999.,-99999.,-99999.,-99999.,-99999.,-99999.
123778,2883524,8.764577,-36.790558,2.5,-1118,0.06620000000000001,-99999.,-99999.,-99999.,-99999.,-99999.,-99999.
123778,2884031,8.76278,-36.781635,5.5,-1124,0.0671,-99999.,-99999.,-99999.,-99999.,-99999.,-99999.
123778,2885177,8.761403,-36.754833,7.8,-1141,0.068,-99999.,-99999.,-99999.,-99999.,-99999.,-99999.
123778,2886137,8.760737,-36.732543,5.6,-1111,0.0649,-99999.,-99999.,-99999.,-99999.,-99999.,-99999.
123778,2886785,8.760092,-36.72432,4.8,-1115,0.0653,-99999.,-99999.,-99999.,-99999.,-99999.,-99999.
123778,2886862,8.760042,-36.724533,1.5,-1115,0.0653,-99999.,-99999.,-99999.,-99999.,-99999.,-99999.
123778,2886878,8.760077,-36.724405,1.8,-1115,0.0653,-99999.,-99999.,-99999.,-99999.,-99999.,-99999.
123778,2886879,8.760077,-36.724405,1.8,-1115,0.0653,-99999.,-99999.,-99999.,-99999.,-99999.,-99999.
123778,2886922,8.759958,-36.723813,3.,-1115,0.0653,-99999.,-99999.,-99999.,-99999.,-99999.,-99999.
123778,2886956,8.75994,-36.723372,3.,-1115,0.0653,-99999.,-99999.,-99999.,-99999.,-99999.,-99999.
123778,2886982,8.759873,-36.72291,3.9,-1116,0.0653,-99999.,-99999.,-99999.,-99999.,-99999.,-99999.
123778,2886986,8.759873,-36.722825,4.2,-1116,0.0653,-99999.,-99999.,-99999.,-99999.,-99999.,-99999.
123778,2886987,8.759875,-36.722802,4.2,-1116,0.0653,-99999.,-99999.,-99999.,-99999.,-99999.,-99999.
123778,2886988,8.759875,-36.722802,4.2,-1116,0.0653,-99999.,-99999.,-99999.,-99999.,-99999.,-99999.
123778,2886991,8.75988,-36.72271,4.4,-1116,0.0653,-99999.,-99999.,-99999.,-99999.,-99999.,-99999.
123778,2887018,8.75987,-36.7222,3.5,-1116,0.0654,-99999.,-99999.,-99999.,-99999.,-99999.,-99999.
123778,2887019,8.75987,-36.7222,3.5,-1116,0.0654,-99999.,-99999.,-99999.,-99999.,-99999.,-99999.
123778,2887042,8.759773,-36.721967,2.4,-1116,0.0654,-99999.,-99999.,-99999.,-99999.,-99999.,-99999.
123778,2887065,8.75963,-36.721668,3.3,-1116,0.0654,-99999.,-99999.,-99999.,-99999.,-99999.,-99999.
123778,2887066,8.75963,-36.721668,3.3,-1116,0.0654,-99999.,-99999.,-99999.,-99999.,-99999.,-99999.
123778,2887099,8.759652,-36.720843,5.5,-1117,0.0654,-99999.,-99999.,-99999.,-99999.,-99999.,-99999.
123778,2887115,8.759633,-36.720357,6.3,-1117,0.0654,-99999.,-99999.,-99999.,-99999.,-99999.,-99999.
123778,2892464,8.805882,-36.631812,7.9,-1127,0.06520000000000001,-99999.,-99999.,-99999.,-99999.,-99999.,-99999.
123778,2892484,8.806318,-36.631297,6.7,-1128,0.06520000000000001,-99999.,-99999.,-99999.,-99999.,-99999.,-99999.
123778,2892485,8.806318,-36.631297,6.7,-1128,0.06520000000000001,-99999.,-99999.,-99999.,-99999.,-99999.,-99999.
123778,2892488,8.806388,-36.631247,6.6,-1128,0.06520000000000001,-99999.,-99999.,-99999.,-99999.,-99999.,-99999.
123778,2892551,8.80699,-36.630145,3.9,-1128,0.0651,-99999.,-99999.,-99999.,-99999.,-99999.,-99999.
123778,2892557,8.807058,-36.630063,3.8,-1128,0.0651,-99999.,-99999.,-99999.,-99999.,-99999.,-99999.
123778,2892558,8.807058,-36.630063,3.8,-1128,0.0651,-99999.,-99999.,-99999.,-99999.,-99999.,-99999.
123778,2892565,8.807178,-36.629972,3.9,-1128,0.0651,-99999.,-99999.,-99999.,-99999.,-99999.,-99999.
123778,2892582,8.807413,-36.629772,3.8,-1128,0.0651,-99999.,-99999.,-99999.,-99999.,-99999.,-99999.
123778,2892632,8.807687,-36.629582,0.6,-1128,0.0651,-99999.,-99999.,-99999.,-99999.,-99999.,-99999.
123778,2892635,8.807692,-36.629572,0.8,-1128,0.0651,-99999.,-99999.,-99999.,-99999.,-99999.,-99999.
123778,2892642,8.807693,-36.629562,0.6,-1128,0.0651,-99999.,-99999.,-99999.,-99999.,-99999.,-99999.
123778,2892688,8.807627,-36.629493,0.6,-1128,0.0651,-99999.,-99999.,-99999.,-99999.,-99999.,-99999.
123778,2892689,8.807627,-36.629493,0.6,-1128,0.0651,-99999.,-99999.,-99999.,-99999.,-99999.,-99999.
123778,2892694,8.807612,-36.629493,0.6,-1128,0.0651,-99999.,-99999.,-99999.,-99999.,-99999.,-99999.
123778,2892702,8.80759,-36.629497,0.5,-1128,0.0651,-99999.,-99999.,-99999.,-99999.,-99999.,-99999.
123778,2892708,8.807577,-36.629502,0.5,-1128,0.0651,-99999.,-99999.,-99999.,-99999.,-99999.,-99999.
123778,2892719,8.80756,-36.629507,0.4,-1128,0.0651,-99999.,-99999.,-99999.,-99999.,-99999.,-99999.
123778,2892731,8.807553,-36.629515,0.2,-1128,0.0651,-99999.,-99999.,-99999.,-99999.,-99999.,-99999.
123778,2892744,8.807588,-36.629522,0.5,-1128,0.0651,-99999.,-99999.,-99999.,-99999.,-99999.,-99999.
123778,2892745,8.807588,-36.629522,0.5,-1128,0.0651,-99999.,-99999.,-99999.,-99999.,-99999.,-99999.
123778,2892748,8.807607,-36.629523,0.8,-1128,0.0651,-99999.,-99999.,-99999.,-99999.,-99999.,-99999.
123778,2892761,8.807707,-36.629505,1.3,-1128,0.0651,-99999.,-99999.,-99999.,-99999.,-99999.,-99999.
123778,2892773,8.80781,-36.629443,1.7,-1128,0.0651,-99999.,-99999.,-99999.,-99999.,-99999.,-99999.
123778,2892774,8.80781,-36.629443,1.7,-1128,0.0651,-99999.,-99999.,-99999.,-99999.,-99999.,-99999.
123778,2892778,8.807843,-36.629423,1.8,-1128,0.0651,-99999.,-99999.,-99999.,-99999.,-99999.,-99999.
123778,2892782,8.807877,-36.6294,2.,-1128,0.0651,-99999.,-99999.,-99999.,-99999.,-99999.,-99999.
123778,2892800,8.808047,-36.629247,2.6,-1128,0.0651,-99999.,-99999.,-99999.,-99999.,-99999.,-99999.
123778,2892824,8.80824,-36.628773,4.6,-1128,0.0651,-99999.,-99999.,-99999.,-99999.,-99999.,-99999.
123778,2892825,8.80824,-36.628773,4.6,-1128,0.0651,-99999.,-99999.,-99999.,-99999.,-99999.,-99999.
123778,2892827,8.808267,-36.62873,4.8,-1128,0.0651,-99999.,-99999.,-99999.,-99999.,-99999.,-99999.
123778,2892838,8.808405,-36.628472,5.2,-1128,0.0651,-99999.,-99999.,-99999.,-99999.,-99999.,-99999.
123778,2892881,8.808995,-36.627515,6.3,-1128,0.0651,-99999.,-99999.,-99999.,-99999.,-99999.,-99999.
123778,2892914,8.809493,-36.626653,5.6,-1128,0.065,-99999.,-99999.,-99999.,-99999.,-99999.,-99999.
123778,2892952,8.809798,-36.626197,3.4,-1128,0.065,-99999.,-99999.,-99999.,-99999.,-99999.,-99999.
123778,2892974,8.810038,-36.625725,5.3,-1128,0.065,-99999.,-99999.,-99999.,-99999.,-99999.,-99999.
123778,2892988,8.81025,-36.62537,6.4,-1129,0.065,-99999.,-99999.,-99999.,-99999.,-99999.,-99999.
123778,2893001,8.810472,-36.624933,7.2,-1129,0.0664,-99999.,-99999.,-99999.,-99999.,-99999.,-99999.
123778,2893009,8.810612,-36.624677,7.5,-1129,0.0665,-99999.,-99999.,-99999.,-99999.,-99999.,-99999.
123778,2893072,8.811787,-36.622558,8.4,-1129,0.0666,-99999.,-99999.,-99999.,-99999.,-99999.,-99999.
123778,2898223,8.935987,-36.575575,8.5,-1015,0.0745,-99999.,-99999.,-99999.,-99999.,-99999.,-99999.
123778,2903574,9.122993,-36.543108,8.3,-1084,0.06960000000000001,-99999.,-99999.,-99999.,-99999.,-99999.,-99999.
123778,2911922,9.18017,-36.23324,8.,-1215,0.0648,-99999.,-99999.,-99999.,-99999.,-99999.,-99999.
123778,2913374,9.188948,-36.180042,7.9,-1129,0.0608,-99999.,-99999.,-99999.,-99999.,-99999.,-99999.
123778,2913752,9.191382,-36.166382,7.8,-1246,0.0644,-99999.,-99999.,-99999.,-99999.,-99999.,-99999.
123778,2914534,9.19591,-36.138285,7.8,-1214,0.0634,-99999.,-99999.,-99999.,-99999.,-99999.,-99999.
123778,2914714,9.196922,-36.131943,7.5,-1207,0.0632,-99999.,-99999.,-99999.,-99999.,-99999.,-99999.
123778,2915654,9.202815,-36.097977,8.1,-1166,0.0697,-99999.,-99999.,-99999.,-99999.,-99999.,-99999.
123778,2915874,9.204322,-36.089885,7.8,-1156,0.0697,-99999.,-99999.,-99999.,-99999.,-99999.,-99999.
123778,2916143,9.206073,-36.080213,7.7,-1243,0.0697,-99999.,-99999.,-99999.,-99999.,-99999.,-99999.
123778,2917052,9.210577,-36.046795,8.,-1204,0.0719,-99999.,-99999.,-99999.,-99999.,-99999.,-99999.
123778,2917203,9.211333,-36.041308,7.8,-1198,0.07300000000000001,-99999.,-99999.,-99999.,-99999.,-99999.,-99999.
123778,2917472,9.212587,-36.031462,7.6,-1187,0.08030000000000001,-99999.,-99999.,-99999.,-99999.,-99999.,-99999.
123778,2918044,9.215217,-36.010278,8.,-1163,0.0826,-99999.,-99999.,-99999.,-99999.,-99999.,-99999.
123778,2918474,9.217333,-35.994268,7.9,-1238,0.0834,-99999.,-99999.,-99999.,-99999.,-99999.,-99999.
123778,2918723,9.21857,-35.9849,8.,-1224,0.0834,-99999.,-99999.,-99999.,-99999.,-99999.,-99999.
123778,2919812,9.225137,-35.943223,8.2,-1162,0.084,-99999.,-99999.,-99999.,-99999.,-99999.,-99999.
123778,2920864,9.231568,-35.903055,8.5,-1225,0.0771,-99999.,-99999.,-99999.,-99999.,-99999.,-99999.
123778,2921882,9.238443,-35.864538,8.3,-1167,0.0654,-99999.,-99999.,-99999.,-99999.,-99999.,-99999.
123778,2922178,9.23978,-35.855912,2.4,-1153,0.0668,-99999.,-99999.,-99999.,-99999.,-99999.,-99999.
123778,2923024,9.239048,-35.855307,0.2,-1153,0.0668,-99999.,-99999.,-99999.,-99999.,-99999.,-99999.
123778,2924412,9.2392,-35.855767,0.2,-1153,0.0668,-99999.,-99999.,-99999.,-99999.,-99999.,-99999.
123778,2930934,9.249737,-35.859155,0.8,-1150,0.0679,-99999.,-99999.,-99999.,-99999.,-99999.,-99999.
123778,2930935,9.249737,-35.859155,0.8,-1150,0.0679,-99999.,-99999.,-99999.,-99999.,-99999.,-99999.
123778,2930944,9.249778,-35.859168,0.9,-1150,0.0679,-99999.,-99999.,-99999.,-99999.,-99999.,-99999.
123778,2930953,9.249815,-35.85918,0.9,-1150,0.0679,-99999.,-99999.,-99999.,-99999.,-99999.,-99999.
123778,2930954,9.249815,-35.85918,0.9,-1150,0.0679,-99999.,-99999.,-99999.,-99999.,-99999.,-99999.
123778,2930964,9.24986,-35.8592,1.,-1150,0.0679,-99999.,-99999.,-99999.,-99999.,-99999.,-99999.
123778,2930965,9.24986,-35.8592,1.,-1150,0.0679,-99999.,-99999.,-99999.,-99999.,-99999.,-99999.
123778,2936411,9.272822,-35.860725,1.,-1225,0.07980000000000001,-99999.,-99999.,-99999.,-99999.,-99999.,-99999.
123778,2936438,9.272957,-35.860743,0.8,-1225,0.0799,-99999.,-99999.,-99999.,-99999.,-99999.,-99999.
123778,2936468,9.273087,-35.860767,0.9,-1225,0.0799,-99999.,-99999.,-99999.,-99999.,-99999.,-99999.
123778,2936494,9.273185,-35.860792,0.7,-1225,0.0799,-99999.,-99999.,-99999.,-99999.,-99999.,-99999.
123778,2936495,9.273185,-35.860792,0.7,-1225,0.0799,-99999.,-99999.,-99999.,-99999.,-99999.,-99999.
123778,2936531,9.273315,-35.86082,0.8,-1225,0.08,-99999.,-99999.,-99999.,-99999.,-99999.,-99999.
123778,2936560,9.273418,-35.860842,0.7,-1225,0.08,-99999.,-99999.,-99999.,-99999.,-99999.,-99999.
123778,2936561,9.273418,-35.860842,0.7,-1225,0.08,-99999.,-99999.,-99999.,-99999.,-99999.,-99999.
123778,2936651,9.273795,-35.860908,0.9,-1226,0.0801,-99999.,-99999.,-99999.,-99999.,-99999.,-99999.
123778,2936690,9.273962,-35.860942,0.9,-1226,0.0801,-99999.,-99999.,-99999.,-99999.,-99999.,-99999.
123778,2936701,9.274005,-35.860952,0.9,-1226,0.08020000000000001,-99999.,-99999.,-99999.,-99999.,-99999.,-99999.
123778,2936780,9.274377,-35.861012,1.,-1226,0.08030000000000001,-99999.,-99999.,-99999.,-99999.,-99999.,-99999.
123778,2936930,9.275075,-35.86107,1.2,-1226,0.0804,-99999.,-99999.,-99999.,-99999.,-99999.,-99999.
123778,2936941,9.275123,-35.861063,0.8,-1226,0.0804,-99999.,-99999.,-99999.,-99999.,-99999.,-99999.
123778,2936950,9.275167,-35.861063,0.9,-1226,0.0804,-99999.,-99999.,-99999.,-99999.,-99999.,-99999.
123778,2940063,9.288723,-35.862052,0.9,-1230,0.0838,-99999.,-99999.,-99999.,-99999.,-99999.,-99999.
123778,2945605,9.270257,-35.874813,4.,-1215,0.0839,-99999.,-99999.,-99999.,-99999.,-99999.,-99999.
123778,2956863,9.205773,-36.146808,8.2,-1223,0.0613,-99999.,-99999.,-99999.,-99999.,-99999.,-99999.
123778,2958108,9.198075,-36.172845,8.3,-1110,0.0608,-99999.,-99999.,-99999.,-99999.,-99999.,-99999.
123778,2959184,9.192542,-36.189863,6.9,-1141,0.0608,-99999.,-99999.,-99999.,-99999.,-99999.,-99999.
123778,2959637,9.189608,-36.197717,1.8,-1156,0.0608,-99999.,-99999.,-99999.,-99999.,-99999.,-99999.
123778,2960439,9.186998,-36.211883,5.5,-1179,0.06430000000000001,-99999.,-99999.,-99999.,-99999.,-99999.,-99999.
123778,2960693,9.185762,-36.21745,1.6,-1188,0.0644,-99999.,-99999.,-99999.,-99999.,-99999.,-99999.
123778,2961750,9.182083,-36.23257,0.8,-1213,0.0651,-99999.,-99999.,-99999.,-99999.,-99999.,-99999.
123778,2962133,9.180092,-36.238867,6.2,-1224,0.0656,-99999.,-99999.,-99999.,-99999.,-99999.,-99999.
123778,2962962,9.173888,-36.255125,7.6,-1063,0.0674,-99999.,-99999.,-99999.,-99999.,-99999.,-99999.
123778,2963193,9.170298,-36.262538,7.8,-1079,0.06770000000000001,-99999.,-99999.,-99999.,-99999.,-99999.,-99999.
123778,2963503,9.164425,-36.271572,7.4,-1005,0.0695,-99999.,-99999.,-99999.,-99999.,-99999.,-99999.
123778,2964246,9.149995,-36.277998,0.9,-998,0.0689,-99999.,-99999.,-99999.,-99999.,-99999.,-99999.
123778,2964477,9.150513,-36.27746,0.6,-998,0.069,-99999.,-99999.,-99999.,-99999.,-99999.,-99999.
123778,2965497,9.14786,-36.293023,2.6,-1004,0.0724,-99999.,-99999.,-99999.,-99999.,-99999.,-99999.
123778,2965556,9.148343,-36.292757,1.8,-1004,0.0724,-99999.,-99999.,-99999.,-99999.,-99999.,-99999.
123778,2965867,9.1474,-36.29823,4.1,-1006,0.0717,-99999.,-99999.,-99999.,-99999.,-99999.,-99999.
123778,2966653,9.143732,-36.315563,7.8,-1015,0.06910000000000001,-99999.,-99999.,-99999.,-99999.,-99999.,-99999.
123778,2967084,9.142078,-36.32669,7.5,-1021,0.0674,-99999.,-99999.,-99999.,-99999.,-99999.,-99999.
123778,2967876,9.141212,-36.343058,2.5,-1062,0.0699,-99999.,-99999.,-99999.,-99999.,-99999.,-99999.
123778,2968363,9.140638,-36.352668,7.1,-1071,0.06910000000000001,-99999.,-99999.,-99999.,-99999.,-99999.,-99999.
123778,2969119,9.13863,-36.370532,6.1,-1086,0.0675,-99999.,-99999.,-99999.,-99999.,-99999.,-99999.
123778,2969601,9.139758,-36.37249,1.,-1090,0.0673,-99999.,-99999.,-99999.,-99999.,-99999.,-99999.
123778,2970581,9.139925,-36.384478,5.2,-1102,0.068,-99999.,-99999.,-99999.,-99999.,-99999.,-99999.
123778,2971003,9.139752,-36.396083,6.5,-1113,0.0674,-99999.,-99999.,-99999.,-99999.,-99999.,-99999.
123778,2971803,9.141747,-36.412537,5.4,-1133,0.0665,-99999.,-99999.,-99999.,-99999.,-99999.,-99999.
123778,2975044,9.126167,-36.4707,7.2,-1150,0.0664,-99999.,-99999.,-99999.,-99999.,-99999.,-99999.
123778,2975065,9.125697,-36.471273,7.5,-1150,0.0663,-99999.,-99999.,-99999.,-99999.,-99999.,-99999.
123778,2975111,9.124793,-36.472613,7.4,-1152,0.0707,-99999.,-99999.,-99999.,-99999.,-99999.,-99999.
123778,2975112,9.124793,-36.472613,7.4,-1152,0.0707,-99999.,-99999.,-99999.,-99999.,-99999.,-99999.
123778,2975116,9.124662,-36.472747,6.8,-1152,0.0707,-99999.,-99999.,-99999.,-99999.,-99999.,-99999.
123778,2975117,9.124662,-36.472747,6.8,-1152,0.0707,-99999.,-99999.,-99999.,-99999.,-99999.,-99999.
123778,2975172,9.12468,-36.472382,2.5,-1152,0.0707,-99999.,-99999.,-99999.,-99999.,-99999.,-99999.
123778,2975173,9.124715,-36.472403,2.3,-1152,0.0707,-99999.,-99999.,-99999.,-99999.,-99999.,-99999.
123778,2975174,9.124715,-36.472403,2.3,-1152,0.0707,-99999.,-99999.,-99999.,-99999.,-99999.,-99999.
123778,2975193,9.12481,-36.47256,1.5,-1152,0.0707,-99999.,-99999.,-99999.,-99999.,-99999.,-99999.
123778,2975207,9.124813,-36.47264,1.3,-1152,0.0707,-99999.,-99999.,-99999.,-99999.,-99999.,-99999.
123778,2975259,9.124442,-36.47339,3.9,-1153,0.0707,-99999.,-99999.,-99999.,-99999.,-99999.,-99999.
123778,2975334,9.123175,-36.475203,7.1,-1156,0.0708,-99999.,-99999.,-99999.,-99999.,-99999.,-99999.
123778,2975335,9.123175,-36.475203,7.1,-1156,0.0708,-99999.,-99999.,-99999.,-99999.,-99999.,-99999.
123778,2975367,9.12249,-36.476042,6.4,-1157,0.0708,-99999.,-99999.,-99999.,-99999.,-99999.,-99999.
123778,2975372,9.122397,-36.47607,5.6,-1157,0.0708,-99999.,-99999.,-99999.,-99999.,-99999.,-99999.
123778,2975374,9.122352,-36.47607,5.2,-1157,0.0708,-99999.,-99999.,-99999.,-99999.,-99999.,-99999.
123778,2975380,9.122225,-36.47601,4.,-1157,0.0708,-99999.,-99999.,-99999.,-99999.,-99999.,-99999.
123778,2975381,9.122225,-36.47601,4.,-1157,0.0708,-99999.,-99999.,-99999.,-99999.,-99999.,-99999.
123778,2975396,9.122173,-36.475758,2.6,-1157,0.0708,-99999.,-99999.,-99999.,-99999.,-99999.,-99999.
123778,2975409,9.122387,-36.475572,2.8,-1157,0.0708,-99999.,-99999.,-99999.,-99999.,-99999.,-99999.
123778,2975438,9.122673,-36.475805,2.1,-1157,0.0708,-99999.,-99999.,-99999.,-99999.,-99999.,-99999.
123778,2975440,9.122665,-36.475838,1.9,-1157,0.0708,-99999.,-99999.,-99999.,-99999.,-99999.,-99999.
123778,2975451,9.122603,-36.475975,2.5,-1157,0.0708,-99999.,-99999.,-99999.,-99999.,-99999.,-99999.
123778,2975452,9.122603,-36.475975,2.5,-1157,0.0708,-99999.,-99999.,-99999.,-99999.,-99999.,-99999.
123778,2975474,9.12239,-36.47643,4.6,-1158,0.0709,-99999.,-99999.,-99999.,-99999.,-99999.,-99999.
123778,2975483,9.122263,-36.476637,5.2,-1158,0.0709,-99999.,-99999.,-99999.,-99999.,-99999.,-99999.
123778,2975492,9.122158,-36.476842,5.7,-1158,0.0709,-99999.,-99999.,-99999.,-99999.,-99999.,-99999.
123778,2975500,9.12202,-36.477075,6.,-1159,0.0709,-99999.,-99999.,-99999.,-99999.,-99999.,-99999.
123778,2975501,9.12202,-36.477075,6.,-1159,0.0709,-99999.,-99999.,-99999.,-99999.,-99999.,-99999.
123778,2975512,9.121872,-36.477383,6.4,-1159,0.0709,-99999.,-99999.,-99999.,-99999.,-99999.,-99999.
123778,2975529,9.121633,-36.477847,6.2,-1160,0.0709,-99999.,-99999.,-99999.,-99999.,-99999.,-99999.
123778,2975655,9.121295,-36.478653,5.3,-1161,0.0709,-99999.,-99999.,-99999.,-99999.,-99999.,-99999.
123778,2981131,9.147823,-36.56234,8.2,-1069,0.0707,-99999.,-99999.,-99999.,-99999.,-99999.,-99999.
123778,2981171,9.149127,-36.563227,8.3,-1067,0.0707,-99999.,-99999.,-99999.,-99999.,-99999.,-99999.
123778,2981202,9.150117,-36.563873,8.1,-1066,0.0707,-99999.,-99999.,-99999.,-99999.,-99999.,-99999.
123778,2981363,9.155177,-36.56733,8.2,-1062,0.0708,-99999.,-99999.,-99999.,-99999.,-99999.,-99999.
123778,2981382,9.155822,-36.567752,8.3,-1061,0.0709,-99999.,-99999.,-99999.,-99999.,-99999.,-99999.
123778,2981409,9.156647,-36.568305,8.3,-1060,0.0709,-99999.,-99999.,-99999.,-99999.,-99999.,-99999.
123778,2981442,9.157687,-36.56909,8.2,-1059,0.07100000000000001,-99999.,-99999.,-99999.,-99999.,-99999.,-99999.
123778,2981472,9.158605,-36.5697,8.1,-1058,0.0711,-99999.,-99999.,-99999.,-99999.,-99999.,-99999.
123778,2986924,9.158227,-36.756543,7.8,-978,0.06330000000000001,-99999.,-99999.,-99999.,-99999.,-99999.,-99999.
123778,2996506,9.115,-37.101493,7.8,-868,0.0654,-99999.,-99999.,-99999.,-99999.,-99999.,-99999.
123778,2998513,9.106333,-37.175273,7.7,-765,0.0687,-99999.,-99999.,-99999.,-99999.,-99999.,-99999.
123778,2999143,9.103848,-37.197913,7.5,-769,0.0678,-99999.,-99999.,-99999.,-99999.,-99999.,-99999.
123778,2999773,9.102,-37.219623,7.4,-772,0.0682,-99999.,-99999.,-99999.,-99999.,-99999.,-99999.
123778,2999942,9.101493,-37.22554,7.5,-773,0.068,-99999.,-99999.,-99999.,-99999.,-99999.,-99999.
123778,3001022,9.097947,-37.263128,7.5,-755,0.0668,-99999.,-99999.,-99999.,-99999.,-99999.,-99999.
123778,3001103,9.097712,-37.265967,7.6,-755,0.0668,-99999.,-99999.,-99999.,-99999.,-99999.,-99999.
123778,3001713,9.095558,-37.287665,7.6,-761,0.06670000000000001,-99999.,-99999.,-99999.,-99999.,-99999.,-99999.
123778,3002323,9.093538,-37.305785,2.5,-766,0.0674,-99999.,-99999.,-99999.,-99999.,-99999.,-99999.
123778,3002813,9.086305,-37.302462,8.,-764,0.0678,-99999.,-99999.,-99999.,-99999.,-99999.,-99999.
123778,3003764,9.0895,-37.271503,6.7,-755,0.0664,-99999.,-99999.,-99999.,-99999.,-99999.,-99999.
123778,3004034,9.090227,-37.262862,6.8,-753,0.0664,-99999.,-99999.,-99999.,-99999.,-99999.,-99999.
123778,3004833,9.09239,-37.237958,6.5,-775,0.0679,-99999.,-99999.,-99999.,-99999.,-99999.,-99999.
123778,3005274,9.093378,-37.224393,6.5,-773,0.0683,-99999.,-99999.,-99999.,-99999.,-99999.,-99999.
123778,3006113,9.095242,-37.198478,6.9,-770,0.06760000000000001,-99999.,-99999.,-99999.,-99999.,-99999.,-99999.
123778,3006572,9.096443,-37.18394,7.,-769,0.0683,-99999.,-99999.,-99999.,-99999.,-99999.,-99999.
123778,3007433,9.098068,-37.157043,6.5,-954,0.0658,-99999.,-99999.,-99999.,-99999.,-99999.,-99999.
123778,3008742,9.100355,-37.116758,6.3,-910,0.0645,-99999.,-99999.,-99999.,-99999.,-99999.,-99999.
123778,3010083,9.1034,-37.075597,6.7,-1003,0.064,-99999.,-99999.,-99999.,-99999.,-99999.,-99999.
123778,3018961,9.135515,-36.81647,5.2,-964,0.0634,-99999.,-99999.,-99999.,-99999.,-99999.,-99999.
123778,3019021,9.135672,-36.815013,5.1,-963,0.0634,-99999.,-99999.,-99999.,-99999.,-99999.,-99999.
123778,3019071,9.13582,-36.813827,5.2,-962,0.0634,-99999.,-99999.,-99999.,-99999.,-99999.,-99999.
123778,3019081,9.135838,-36.813562,5.2,-962,0.0634,-99999.,-99999.,-99999.,-99999.,-99999.,-99999.
123778,3019082,9.135838,-36.813562,5.2,-962,0.0634,-99999.,-99999.,-99999.,-99999.,-99999.,-99999.
123778,3019141,9.136007,-36.812112,5.2,-961,0.0634,-99999.,-99999.,-99999.,-99999.,-99999.,-99999.
123778,3019151,9.136028,-36.811902,5.1,-961,0.0634,-99999.,-99999.,-99999.,-99999.,-99999.,-99999.
123778,3019181,9.1361,-36.811182,5.,-961,0.0634,-99999.,-99999.,-99999.,-99999.,-99999.,-99999.
123778,3019191,9.136132,-36.81097,5.,-960,0.0634,-99999.,-99999.,-99999.,-99999.,-99999.,-99999.
123778,3019201,9.136155,-36.81071,5.,-960,0.0634,-99999.,-99999.,-99999.,-99999.,-99999.,-99999.
123778,3019202,9.136155,-36.81071,5.,-960,0.0634,-99999.,-99999.,-99999.,-99999.,-99999.,-99999.
123778,3019241,9.136237,-36.809795,5.,-960,0.06330000000000001,-99999.,-99999.,-99999.,-99999.,-99999.,-99999.
123778,3019301,9.136352,-36.808375,5.1,-959,0.06330000000000001,-99999.,-99999.,-99999.,-99999.,-99999.,-99999.
123778,3019361,9.136502,-36.806962,5.1,-958,0.06330000000000001,-99999.,-99999.,-99999.,-99999.,-99999.,-99999.
123778,3019401,9.136577,-36.806027,5.,-957,0.06330000000000001,-99999.,-99999.,-99999.,-99999.,-99999.,-99999.
123778,3019402,9.136577,-36.806027,5.,-957,0.06330000000000001,-99999.,-99999.,-99999.,-99999.,-99999.,-99999.
123778,3019541,9.136815,-36.80269,5.1,-955,0.06330000000000001,-99999.,-99999.,-99999.,-99999.,-99999.,-99999.
123778,3019651,9.137033,-36.800072,5.,-954,0.0632,-99999.,-99999.,-99999.,-99999.,-99999.,-99999.
123778,3024922,9.149035,-36.674717,5.2,-780,0.0562,-99999.,-99999.,-99999.,-99999.,-99999.,-99999.
123778,3025101,9.149118,-36.670255,5.5,-773,0.0548,-99999.,-99999.,-99999.,-99999.,-99999.,-99999.
123778,3025250,9.149203,-36.666433,5.5,-839,0.0674,-99999.,-99999.,-99999.,-99999.,-99999.,-99999.
123778,3025251,9.149203,-36.666433,5.5,-839,0.0674,-99999.,-99999.,-99999.,-99999.,-99999.,-99999.
123778,3025321,9.14927,-36.664677,5.1,-838,0.067,-99999.,-99999.,-99999.,-99999.,-99999.,-99999.
123778,3025342,9.149292,-36.664163,5.1,-838,0.0668,-99999.,-99999.,-99999.,-99999.,-99999.,-99999.
123778,3025411,9.149375,-36.662457,5.3,-837,0.0663,-99999.,-99999.,-99999.,-99999.,-99999.,-99999.
123778,3028814,9.152267,-36.594695,0.5,-818,0.07,-99999.,-99999.,-99999.,-99999.,-99999.,-99999.
123778,3043532,9.133437,-36.769932,1.,-923,0.064,-99999.,-99999.,-99999.,-99999.,-99999.,-99999.
123778,3043839,9.133453,-36.768548,0.7,-922,0.064,-99999.,-99999.,-99999.,-99999.,-99999.,-99999.
123778,3045076,9.13258,-36.785148,4.6,-934,0.064,-99999.,-99999.,-99999.,-99999.,-99999.,-99999.
123778,3045287,9.1323,-36.79218,5.5,-939,0.0631,-99999.,-99999.,-99999.,-99999.,-99999.,-99999.
123778,3046097,9.131097,-36.807053,2.8,-950,0.0632,-99999.,-99999.,-99999.,-99999.,-99999.,-99999.
123778,3046348,9.130068,-36.81029,5.4,-951,0.06330000000000001,-99999.,-99999.,-99999.,-99999.,-99999.,-99999.
123778,3047352,9.125772,-36.82791,7.6,-963,0.0635,-99999.,-99999.,-99999.,-99999.,-99999.,-99999.
123778,3047790,9.122628,-36.83813,3.3,-1003,0.0601,-99999.,-99999.,-99999.,-99999.,-99999.,-99999.
123778,3048422,9.120038,-36.849575,7.1,-1006,0.061000000000000006,-99999.,-99999.,-99999.,-99999.,-99999.,-99999.
123778,3048665,9.119282,-36.853905,4.2,-1008,0.061200000000000004,-99999.,-99999.,-99999.,-99999.,-99999.,-99999.
123778,3048966,9.119217,-36.857503,6.4,-1009,0.0614,-99999.,-99999.,-99999.,-99999.,-99999.,-99999.
123778,3049608,9.119715,-36.865522,6.3,-1012,0.0618,-99999.,-99999.,-99999.,-99999.,-99999.,-99999.
123778,3049886,9.119712,-36.86684,2.1,-1012,0.0618,-99999.,-99999.,-99999.,-99999.,-99999.,-99999.
123778,3050182,9.120947,-36.872312,1.7,-1014,0.0621,-99999.,-99999.,-99999.,-99999.,-99999.,-99999.
123778,3050940,9.123338,-36.881945,3.5,-1019,0.0597,-99999.,-99999.,-99999.,-99999.,-99999.,-99999.
123778,3051407,9.124965,-36.88723,1.,-1021,0.0603,-99999.,-99999.,-99999.,-99999.,-99999.,-99999.
123778,3052170,9.129005,-36.905637,6.2,-1031,0.0629,-99999.,-99999.,-99999.,-99999.,-99999.,-99999.
123778,3052753,9.130825,-36.916493,6.8,-1036,0.06330000000000001,-99999.,-99999.,-99999.,-99999.,-99999.,-99999.
123778,3053555,9.131692,-36.927243,6.5,-1006,0.06420000000000001,-99999.,-99999.,-99999.,-99999.,-99999.,-99999.
123778,3053979,9.132027,-36.933817,2.1,-1008,0.0644,-99999.,-99999.,-99999.,-99999.,-99999.,-99999.
123778,3054750,9.133772,-36.949848,3.9,-1012,0.0649,-99999.,-99999.,-99999.,-99999.,-99999.,-99999.
123778,3056132,9.133612,-36.974197,3.1,-1020,0.0646,-99999.,-99999.,-99999.,-99999.,-99999.,-99999.
123778,3056415,9.132673,-36.978345,2.9,-1021,0.0648,-99999.,-99999.,-99999.,-99999.,-99999.,-99999.
123778,3057397,9.131153,-36.998285,2.9,-1028,0.0656,-99999.,-99999.,-99999.,-99999.,-99999.,-99999.
123778,3063393,9.115473,-37.129905,7.1,-888,0.06810000000000001,-99999.,-99999.,-99999.,-99999.,-99999.,-99999.
123778,3063430,9.114852,-37.130087,3.,-890,0.06810000000000001,-99999.,-99999.,-99999.,-99999.,-99999.,-99999.
123778,3063431,9.114852,-37.130087,3.,-890,0.06810000000000001,-99999.,-99999.,-99999.,-99999.,-99999.,-99999.
123778,3063435,9.114842,-37.130005,2.9,-890,0.06810000000000001,-99999.,-99999.,-99999.,-99999.,-99999.,-99999.
123778,3063521,9.115405,-37.130938,5.9,-889,0.06810000000000001,-99999.,-99999.,-99999.,-99999.,-99999.,-99999.
123778,3063529,9.115417,-37.131235,6.5,-890,0.06810000000000001,-99999.,-99999.,-99999.,-99999.,-99999.,-99999.
123778,3063531,9.115417,-37.131235,6.5,-890,0.06810000000000001,-99999.,-99999.,-99999.,-99999.,-99999.,-99999.
123778,3063550,9.11542,-37.131937,7.3,-890,0.068,-99999.,-99999.,-99999.,-99999.,-99999.,-99999.
123778,3063557,9.115368,-37.1322,6.9,-890,0.068,-99999.,-99999.,-99999.,-99999.,-99999.,-99999.
123778,3063601,9.114923,-37.131945,2.3,-891,0.068,-99999.,-99999.,-99999.,-99999.,-99999.,-99999.
123778,3063620,9.11516,-37.13193,1.7,-891,0.068,-99999.,-99999.,-99999.,-99999.,-99999.,-99999.
123778,3063636,9.11521,-37.13208,1.6,-891,0.068,-99999.,-99999.,-99999.,-99999.,-99999.,-99999.
123778,3063657,9.115237,-37.13241,3.6,-891,0.068,-99999.,-99999.,-99999.,-99999.,-99999.,-99999.
123778,3063670,9.115305,-37.132718,4.8,-891,0.068,-99999.,-99999.,-99999.,-99999.,-99999.,-99999.
123778,3063680,9.115335,-37.132998,5.6,-891,0.068,-99999.,-99999.,-99999.,-99999.,-99999.,-99999.
123778,3063683,9.115347,-37.133087,5.7,-891,0.068,-99999.,-99999.,-99999.,-99999.,-99999.,-99999.
123778,3063684,9.115347,-37.133087,5.7,-891,0.068,-99999.,-99999.,-99999.,-99999.,-99999.,-99999.
123778,3063691,9.115367,-37.133335,6.2,-891,0.0679,-99999.,-99999.,-99999.,-99999.,-99999.,-99999.
123778,3063692,9.115367,-37.133335,6.2,-891,0.0679,-99999.,-99999.,-99999.,-99999.,-99999.,-99999.
123778,3063721,9.115355,-37.134337,7.1,-892,0.0679,-99999.,-99999.,-99999.,-99999.,-99999.,-99999.
123778,3063745,9.115388,-37.135145,7.5,-893,0.0679,-99999.,-99999.,-99999.,-99999.,-99999.,-99999.
123778,3063754,9.115438,-37.135497,7.5,-893,0.0678,-99999.,-99999.,-99999.,-99999.,-99999.,-99999.
123778,3063761,9.11547,-37.135745,7.6,-893,0.0678,-99999.,-99999.,-99999.,-99999.,-99999.,-99999.
123778,3063764,9.115463,-37.135848,7.4,-893,0.0678,-99999.,-99999.,-99999.,-99999.,-99999.,-99999.
123778,3063770,9.115443,-37.136057,7.5,-893,0.0678,-99999.,-99999.,-99999.,-99999.,-99999.,-99999.
123778,3063771,9.115443,-37.136057,7.5,-893,0.0678,-99999.,-99999.,-99999.,-99999.,-99999.,-99999.
123778,3063773,9.115425,-37.13616,7.4,-893,0.0678,-99999.,-99999.,-99999.,-99999.,-99999.,-99999.
123778,3063777,9.115412,-37.136297,7.4,-893,0.0678,-99999.,-99999.,-99999.,-99999.,-99999.,-99999.
123778,3063778,9.115412,-37.136297,7.4,-893,0.0678,-99999.,-99999.,-99999.,-99999.,-99999.,-99999.
123778,3063781,9.115413,-37.136433,7.4,-893,0.0678,-99999.,-99999.,-99999.,-99999.,-99999.,-99999.
123778,3063791,9.115472,-37.136768,7.3,-894,0.0678,-99999.,-99999.,-99999.,-99999.,-99999.,-99999.
123778,3063793,9.115487,-37.136872,7.4,-894,0.0678,-99999.,-99999.,-99999.,-99999.,-99999.,-99999.
123778,3063797,9.115495,-37.137008,7.3,-894,0.0678,-99999.,-99999.,-99999.,-99999.,-99999.,-99999.
123778,3063798,9.115495,-37.137008,7.3,-894,0.0678,-99999.,-99999.,-99999.,-99999.,-99999.,-99999.
123778,3063800,9.115498,-37.137078,7.4,-894,0.0678,-99999.,-99999.,-99999.,-99999.,-99999.,-99999.
123778,3063803,9.115508,-37.137183,7.5,-894,0.0678,-99999.,-99999.,-99999.,-99999.,-99999.,-99999.
123778,3063804,9.115508,-37.137183,7.5,-894,0.0678,-99999.,-99999.,-99999.,-99999.,-99999.,-99999.
123778,3063811,9.115542,-37.13746,7.4,-894,0.0678,-99999.,-99999.,-99999.,-99999.,-99999.,-99999.
123778,3063812,9.115542,-37.13746,7.4,-894,0.0678,-99999.,-99999.,-99999.,-99999.,-99999.,-99999.
123778,3063818,9.115587,-37.137705,7.5,-894,0.06770000000000001,-99999.,-99999.,-99999.,-99999.,-99999.,-99999.
123778,3063860,9.115688,-37.139193,7.6,-895,0.06770000000000001,-99999.,-99999.,-99999.,-99999.,-99999.,-99999.
123778,3063868,9.115683,-37.13944,7.5,-895,0.06770000000000001,-99999.,-99999.,-99999.,-99999.,-99999.,-99999.
123778,3063944,9.11541,-37.13962,1.8,-896,0.06760000000000001,-99999.,-99999.,-99999.,-99999.,-99999.,-99999.
123778,3063945,9.11541,-37.13962,1.8,-896,0.06760000000000001,-99999.,-99999.,-99999.,-99999.,-99999.,-99999.
123778,3063951,9.115475,-37.139658,1.6,-896,0.06760000000000001,-99999.,-99999.,-99999.,-99999.,-99999.,-99999.
123778,3063952,9.115475,-37.139658,1.6,-896,0.06760000000000001,-99999.,-99999.,-99999.,-99999.,-99999.,-99999.
123778,3063981,9.115588,-37.140107,3.9,-896,0.06760000000000001,-99999.,-99999.,-99999.,-99999.,-99999.,-99999.
123778,3063984,9.115602,-37.140205,4.3,-896,0.06760000000000001,-99999.,-99999.,-99999.,-99999.,-99999.,-99999.
123778,3063988,9.115618,-37.140312,4.8,-896,0.06760000000000001,-99999.,-99999.,-99999.,-99999.,-99999.,-99999.
123778,3063991,9.115625,-37.140425,5.1,-896,0.06760000000000001,-99999.,-99999.,-99999.,-99999.,-99999.,-99999.
123778,3063992,9.115625,-37.140425,5.1,-896,0.06760000000000001,-99999.,-99999.,-99999.,-99999.,-99999.,-99999.
123778,3063993,9.11563,-37.140453,5.1,-896,0.06760000000000001,-99999.,-99999.,-99999.,-99999.,-99999.,-99999.
123778,3064011,9.1157,-37.141005,6.4,-896,0.06760000000000001,-99999.,-99999.,-99999.,-99999.,-99999.,-99999.
123778,3064012,9.1157,-37.141005,6.4,-896,0.06760000000000001,-99999.,-99999.,-99999.,-99999.,-99999.,-99999.
123778,3064034,9.115763,-37.141772,7.,-897,0.06760000000000001,-99999.,-99999.,-99999.,-99999.,-99999.,-99999.
123778,3064044,9.115805,-37.14212,7.2,-897,0.0675,-99999.,-99999.,-99999.,-99999.,-99999.,-99999.
123778,3064048,9.115805,-37.14222,7.2,-897,0.0675,-99999.,-99999.,-99999.,-99999.,-99999.,-99999.
123778,3064053,9.115817,-37.142432,7.4,-897,0.0675,-99999.,-99999.,-99999.,-99999.,-99999.,-99999.
123778,3069391,9.109952,-37.246137,8.,-775,0.0669,-99999.,-99999.,-99999.,-99999.,-99999.,-99999.
123778,3069451,9.109645,-37.248382,8.,-775,0.0668,-99999.,-99999.,-99999.,-99999.,-99999.,-99999.
123778,3069471,9.109542,-37.249128,8.1,-775,0.0668,-99999.,-99999.,-99999.,-99999.,-99999.,-99999.
123778,3069472,9.109542,-37.249128,8.1,-775,0.0668,-99999.,-99999.,-99999.,-99999.,-99999.,-99999.
123778,3069551,9.109158,-37.252123,8.1,-754,0.0674,-99999.,-99999.,-99999.,-99999.,-99999.,-99999.
123778,3069570,9.109067,-37.25288,8.2,-755,0.0674,-99999.,-99999.,-99999.,-99999.,-99999.,-99999.
123778,3069581,9.109023,-37.253257,8.2,-755,0.0674,-99999.,-99999.,-99999.,-99999.,-99999.,-99999.
123778,3069641,9.108743,-37.255533,8.2,-755,0.0673,-99999.,-99999.,-99999.,-99999.,-99999.,-99999.
123778,3070383,9.105707,-37.283518,8.2,-761,0.06720000000000001,-99999.,-99999.,-99999.,-99999.,-99999.,-99999.
123778,3075754,9.088353,-37.477445,8.1,-1003,0.0632,-99999.,-99999.,-99999.,-99999.,-99999.,-99999.
123778,3082884,9.05546,-37.741312,8.1,-1004,0.0684,-99999.,-99999.,-99999.,-99999.,-99999.,-99999.
123778,3084153,9.049882,-37.788832,8.1,-1003,0.0694,-99999.,-99999.,-99999.,-99999.,-99999.,-99999.
123778,3085434,9.04472,-37.838663,8.1,-1001,0.0596,-99999.,-99999.,-99999.,-99999.,-99999.,-99999.
123778,3085674,9.043812,-37.8478,8.1,-1001,0.061500000000000006,-99999.,-99999.,-99999.,-99999.,-99999.,-99999.
123778,3086563,9.03936,-37.881465,8.1,-1003,0.059300000000000005,-99999.,-99999.,-99999.,-99999.,-99999.,-99999.
123778,3086834,9.03806,-37.891787,8.3,-1003,0.0592,-99999.,-99999.,-99999.,-99999.,-99999.,-99999.
123778,3087142,9.036702,-37.90343,8.2,-1004,0.059000000000000004,-99999.,-99999.,-99999.,-99999.,-99999.,-99999.
123778,3087973,9.032507,-37.93452,8.1,-1000,0.0661,-99999.,-99999.,-99999.,-99999.,-99999.,-99999.
123778,3088374,9.030512,-37.949472,8.,-1001,0.0674,-99999.,-99999.,-99999.,-99999.,-99999.,-99999.
123778,3089083,9.02675,-37.975692,8.1,-1003,0.0634,-99999.,-99999.,-99999.,-99999.,-99999.,-99999.
123778,3089529,9.024465,-37.992068,7.9,-1004,0.0618,-99999.,-99999.,-99999.,-99999.,-99999.,-99999.
123778,3090494,9.019173,-38.027612,7.9,-996,0.0597,-99999.,-99999.,-99999.,-99999.,-99999.,-99999.
123778,3091984,9.011305,-38.056988,0.6,-1000,0.0627,-99999.,-99999.,-99999.,-99999.,-99999.,-99999.
123778,3093374,9.00991,-38.052642,0.8,-1000,0.0634,-99999.,-99999.,-99999.,-99999.,-99999.,-99999.
123778,3095652,9.005732,-38.046843,0.7,-1000,0.0646,-99999.,-99999.,-99999.,-99999.,-99999.,-99999.
123778,3107501,8.982912,-38.024042,0.4,-988,0.0665,-99999.,-99999.,-99999.,-99999.,-99999.,-99999.
123778,3107502,8.982912,-38.024042,0.4,-988,0.0665,-99999.,-99999.,-99999.,-99999.,-99999.,-99999.
123778,3107540,8.982845,-38.023998,0.5,-988,0.0665,-99999.,-99999.,-99999.,-99999.,-99999.,-99999.
123778,3107541,8.982845,-38.023998,0.5,-988,0.0665,-99999.,-99999.,-99999.,-99999.,-99999.,-99999.
123778,3107581,8.982767,-38.02395,0.5,-988,0.0665,-99999.,-99999.,-99999.,-99999.,-99999.,-99999.
123778,3107661,8.982588,-38.023837,0.5,-988,0.0665,-99999.,-99999.,-99999.,-99999.,-99999.,-99999.
123778,3107662,8.982588,-38.023837,0.5,-988,0.0665,-99999.,-99999.,-99999.,-99999.,-99999.,-99999.
123778,3107902,8.982145,-38.023418,0.4,-988,0.0665,-99999.,-99999.,-99999.,-99999.,-99999.,-99999.
123778,3107931,8.982097,-38.023377,0.6,-988,0.0665,-99999.,-99999.,-99999.,-99999.,-99999.,-99999.
123778,3112434,8.979217,-38.015322,0.5,-989,0.06670000000000001,-99999.,-99999.,-99999.,-99999.,-99999.,-99999.
123778,3113462,8.97727,-38.01397,0.5,-989,0.0666,-99999.,-99999.,-99999.,-99999.,-99999.,-99999.
123778,3117674,8.986115,-38.03221,3.7,-987,0.0663,-99999.,-99999.,-99999.,-99999.,-99999.,-99999.
123778,3128221,9.031462,-37.816023,2.4,-1004,0.0579,-99999.,-99999.,-99999.,-99999.,-99999.,-99999.
123778,3128303,9.031012,-37.815048,5.2,-1004,0.057800000000000004,-99999.,-99999.,-99999.,-99999.,-99999.,-99999.
123778,3129132,9.030798,-37.788663,8.1,-1003,0.0604,-99999.,-99999.,-99999.,-99999.,-99999.,-99999.
123778,3129539,9.031247,-37.779517,2.3,-1002,0.059500000000000004,-99999.,-99999.,-99999.,-99999.,-99999.,-99999.
123778,3130574,9.030973,-37.747535,8.3,-1004,0.06330000000000001,-99999.,-99999.,-99999.,-99999.,-99999.,-99999.
123778,3130642,9.030875,-37.744868,8.3,-1004,0.063,-99999.,-99999.,-99999.,-99999.,-99999.,-99999.
123778,3130964,9.030453,-37.73689,3.8,-1003,0.062200000000000005,-99999.,-99999.,-99999.,-99999.,-99999.,-99999.
123778,3131573,9.029078,-37.7182,8.2,-1001,0.0604,-99999.,-99999.,-99999.,-99999.,-99999.,-99999.
123778,3131810,9.02935,-37.710748,2.1,-1001,0.0596,-99999.,-99999.,-99999.,-99999.,-99999.,-99999.
123778,3132096,9.028618,-37.701613,8.1,-1000,0.0613,-99999.,-99999.,-99999.,-99999.,-99999.,-99999.
123778,3133146,9.029202,-37.675495,2.7,-998,0.060200000000000004,-99999.,-99999.,-99999.,-99999.,-99999.,-99999.
123778,3133983,9.02962,-37.654978,3.,-1006,0.0574,-99999.,-99999.,-99999.,-99999.,-99999.,-99999.
123778,3134584,9.028508,-37.642827,8.1,-1004,0.0577,-99999.,-99999.,-99999.,-99999.,-99999.,-99999.
123778,3135236,9.028097,-37.629147,4.,-1003,0.058,-99999.,-99999.,-99999.,-99999.,-99999.,-99999.
123778,3135303,9.028042,-37.627398,7.3,-1003,0.058,-99999.,-99999.,-99999.,-99999.,-99999.,-99999.
123778,3135673,9.027897,-37.618683,6.9,-1002,0.0567,-99999.,-99999.,-99999.,-99999.,-99999.,-99999.
123778,3136560,9.02677,-37.597385,7.3,-999,0.0577,-99999.,-99999.,-99999.,-99999.,-99999.,-99999.
123778,3137150,9.026183,-37.580992,8.3,-1002,0.057100000000000005,-99999.,-99999.,-99999.,-99999.,-99999.,-99999.
123778,3137754,9.02613,-37.562535,2.8,-1000,0.059000000000000004,-99999.,-99999.,-99999.,-99999.,-99999.,-99999.
123778,3138309,9.025427,-37.552838,8.1,-999,0.060000000000000005,-99999.,-99999.,-99999.,-99999.,-99999.,-99999.
123778,3139123,9.026577,-37.538898,3.3,-998,0.059800000000000006,-99999.,-99999.,-99999.,-99999.,-99999.,-99999.
123778,3139416,9.026608,-37.53129,7.5,-997,0.060700000000000004,-99999.,-99999.,-99999.,-99999.,-99999.,-99999.
123778,3140514,9.027298,-37.527265,3.7,-996,0.0611,-99999.,-99999.,-99999.,-99999.,-99999.,-99999.
123778,3141726,9.029502,-37.498713,3.8,-997,0.061500000000000006,-99999.,-99999.,-99999.,-99999.,-99999.,-99999.
123778,3143161,9.031848,-37.467168,8.,-995,0.0632,-99999.,-99999.,-99999.,-99999.,-99999.,-99999.
123778,3146222,9.045358,-37.402088,7.3,-910,0.07100000000000001,-99999.,-99999.,-99999.,-99999.,-99999.,-99999.
123778,3146255,9.045575,-37.400963,7.5,-911,0.0707,-99999.,-99999.,-99999.,-99999.,-99999.,-99999.
123778,3146261,9.045618,-37.40075,7.6,-912,0.0707,-99999.,-99999.,-99999.,-99999.,-99999.,-99999.
123778,3146287,9.04587,-37.399797,7.7,-913,0.07050000000000001,-99999.,-99999.,-99999.,-99999.,-99999.,-99999.
123778,3146308,9.046225,-37.399388,4.7,-915,0.0704,-99999.,-99999.,-99999.,-99999.,-99999.,-99999.
123778,3146320,9.046402,-37.399513,2.9,-915,0.0704,-99999.,-99999.,-99999.,-99999.,-99999.,-99999.
123778,3146321,9.046402,-37.399513,2.9,-915,0.0704,-99999.,-99999.,-99999.,-99999.,-99999.,-99999.
123778,3146414,9.046072,-37.398927,4.8,-915,0.0703,-99999.,-99999.,-99999.,-99999.,-99999.,-99999.
123778,3146441,9.046135,-37.39812,6.,-916,0.0702,-99999.,-99999.,-99999.,-99999.,-99999.,-99999.
123778,3151872,9.10422,-37.319877,8.4,-771,0.06720000000000001,-99999.,-99999.,-99999.,-99999.,-99999.,-99999.
123778,3152092,9.112785,-37.319543,8.5,-771,0.0669,-99999.,-99999.,-99999.,-99999.,-99999.,-99999.
123778,3152152,9.115155,-37.319443,8.5,-771,0.0669,-99999.,-99999.,-99999.,-99999.,-99999.,-99999.
123778,3152161,9.11551,-37.319435,8.5,-771,0.0668,-99999.,-99999.,-99999.,-99999.,-99999.,-99999.
123778,3152342,9.12261,-37.319115,8.5,-771,0.0666,-99999.,-99999.,-99999.,-99999.,-99999.,-99999.
123778,3152382,9.124185,-37.319037,8.4,-771,0.0666,-99999.,-99999.,-99999.,-99999.,-99999.,-99999.
123778,3152402,9.124958,-37.31901,8.3,-771,0.0666,-99999.,-99999.,-99999.,-99999.,-99999.,-99999.
123778,3152472,9.127698,-37.318855,8.4,-771,0.06570000000000001,-99999.,-99999.,-99999.,-99999.,-99999.,-99999.
123778,3152473,9.127698,-37.318855,8.4,-771,0.06570000000000001,-99999.,-99999.,-99999.,-99999.,-99999.,-99999.
123778,3152493,9.128493,-37.318825,8.4,-771,0.06570000000000001,-99999.,-99999.,-99999.,-99999.,-99999.,-99999.
123778,3159105,9.306168,-37.231362,7.9,-1108,0.062,-99999.,-99999.,-99999.,-99999.,-99999.,-99999.
123778,3167333,9.345625,-36.924897,7.9,-1127,0.0699,-99999.,-99999.,-99999.,-99999.,-99999.,-99999.
123778,3168594,9.350775,-36.87798,8.,-1101,0.0702,-99999.,-99999.,-99999.,-99999.,-99999.,-99999.
123778,3168893,9.351887,-36.866747,8.,-1111,0.0745,-99999.,-99999.,-99999.,-99999.,-99999.,-99999.
123778,3169804,9.354797,-36.833363,7.9,-1138,0.0714,-99999.,-99999.,-99999.,-99999.,-99999.,-99999.
123778,3170123,9.35591,-36.821513,8.,-1048,0.07680000000000001,-99999.,-99999.,-99999.,-99999.,-99999.,-99999.
123778,3170453,9.357083,-36.809208,8.,-1054,0.07540000000000001,-99999.,-99999.,-99999.,-99999.,-99999.,-99999.
123778,3171113,9.361262,-36.784768,7.8,-1067,0.0786,-99999.,-99999.,-99999.,-99999.,-99999.,-99999.
123778,3171413,9.363402,-36.774158,7.7,-1073,0.07740000000000001,-99999.,-99999.,-99999.,-99999.,-99999.,-99999.
123778,3171603,9.364705,-36.767355,7.8,-1078,0.0766,-99999.,-99999.,-99999.,-99999.,-99999.,-99999.
123778,3172673,9.369302,-36.72896,7.6,-1060,0.0766,-99999.,-99999.,-99999.,-99999.,-99999.,-99999.
123778,3172753,9.369632,-36.72606,7.7,-1061,0.0763,-99999.,-99999.,-99999.,-99999.,-99999.,-99999.
123778,3173722,9.374705,-36.692028,7.5,-1075,0.0752,-99999.,-99999.,-99999.,-99999.,-99999.,-99999.
123778,3173822,9.375382,-36.688552,7.6,-1076,0.0713,-99999.,-99999.,-99999.,-99999.,-99999.,-99999.
123778,3174072,9.377025,-36.679635,7.7,-1079,0.0721,-99999.,-99999.,-99999.,-99999.,-99999.,-99999.
123778,3175133,9.383157,-36.641515,7.9,-1087,0.0718,-99999.,-99999.,-99999.,-99999.,-99999.,-99999.
123778,3175293,9.383955,-36.635673,7.9,-1095,0.0721,-99999.,-99999.,-99999.,-99999.,-99999.,-99999.
123778,3176194,9.387885,-36.604448,3.3,-1133,0.0724,-99999.,-99999.,-99999.,-99999.,-99999.,-99999.
123778,3176419,9.38688,-36.600505,6.2,-1139,0.07250000000000001,-99999.,-99999.,-99999.,-99999.,-99999.,-99999.
123778,3177183,9.375365,-36.598815,1.1,-1154,0.0728,-99999.,-99999.,-99999.,-99999.,-99999.,-99999.
123778,3179892,9.381433,-36.604667,0.7,-1139,0.07250000000000001,-99999.,-99999.,-99999.,-99999.,-99999.,-99999.
123778,3190023,9.411503,-36.616435,0.6,-1099,0.0712,-99999.,-99999.,-99999.,-99999.,-99999.,-99999.
123778,3190203,9.412103,-36.616503,0.7,-1098,0.0712,-99999.,-99999.,-99999.,-99999.,-99999.,-99999.
123778,3190221,9.412173,-36.616512,0.9,-1098,0.0712,-99999.,-99999.,-99999.,-99999.,-99999.,-99999.
123778,3190233,9.412212,-36.616515,0.7,-1098,0.0712,-99999.,-99999.,-99999.,-99999.,-99999.,-99999.
123778,3190251,9.412278,-36.616522,0.8,-1098,0.0712,-99999.,-99999.,-99999.,-99999.,-99999.,-99999.
123778,3190263,9.412317,-36.616528,0.8,-1098,0.0712,-99999.,-99999.,-99999.,-99999.,-99999.,-99999.
123778,3190271,9.41235,-36.616533,0.8,-1098,0.0712,-99999.,-99999.,-99999.,-99999.,-99999.,-99999.
123778,3190282,9.412388,-36.616532,0.8,-1098,0.0712,-99999.,-99999.,-99999.,-99999.,-99999.,-99999.
123778,3190322,9.412532,-36.616545,0.8,-1098,0.0712,-99999.,-99999.,-99999.,-99999.,-99999.,-99999.
123778,3190323,9.412532,-36.616545,0.8,-1098,0.0712,-99999.,-99999.,-99999.,-99999.,-99999.,-99999.
123778,3190382,9.412752,-36.61657,0.9,-1097,0.0712,-99999.,-99999.,-99999.,-99999.,-99999.,-99999.
123778,3190383,9.412752,-36.61657,0.9,-1097,0.0712,-99999.,-99999.,-99999.,-99999.,-99999.,-99999.
123778,3190443,9.412967,-36.616605,0.8,-1097,0.0712,-99999.,-99999.,-99999.,-99999.,-99999.,-99999.
123778,3190452,9.413002,-36.616608,0.8,-1097,0.0712,-99999.,-99999.,-99999.,-99999.,-99999.,-99999.
123778,3195722,9.427485,-36.624622,0.6,-1015,0.07060000000000001,-99999.,-99999.,-99999.,-99999.,-99999.,-99999.
123778,3195782,9.427652,-36.624713,0.6,-1015,0.07060000000000001,-99999.,-99999.,-99999.,-99999.,-99999.,-99999.
123778,3195842,9.427815,-36.624802,0.7,-1015,0.07060000000000001,-99999.,-99999.,-99999.,-99999.,-99999.,-99999.
123778,3195873,9.427915,-36.62485,0.7,-1015,0.07060000000000001,-99999.,-99999.,-99999.,-99999.,-99999.,-99999.
123778,3195892,9.427965,-36.624875,0.7,-1015,0.07060000000000001,-99999.,-99999.,-99999.,-99999.,-99999.,-99999.
123778,3195902,9.427997,-36.624888,0.7,-1015,0.07060000000000001,-99999.,-99999.,-99999.,-99999.,-99999.,-99999.
123778,3195941,9.428115,-36.62495,0.7,-1014,0.07060000000000001,-99999.,-99999.,-99999.,-99999.,-99999.,-99999.
123778,3196112,9.428673,-36.625203,0.8,-1014,0.0704,-99999.,-99999.,-99999.,-99999.,-99999.,-99999.
123778,3196113,9.428673,-36.625203,0.8,-1014,0.0704,-99999.,-99999.,-99999.,-99999.,-99999.,-99999.
123778,3196192,9.428922,-36.625325,0.7,-1014,0.0704,-99999.,-99999.,-99999.,-99999.,-99999.,-99999.
123778,3196202,9.42895,-36.625332,0.7,-1014,0.0704,-99999.,-99999.,-99999.,-99999.,-99999.,-99999.
123778,3196233,9.429033,-36.625357,0.7,-1014,0.0704,-99999.,-99999.,-99999.,-99999.,-99999.,-99999.
123778,3196432,9.429508,-36.625588,0.5,-1013,0.0704,-99999.,-99999.,-99999.,-99999.,-99999.,-99999.
123778,3201064,9.431748,-36.637885,0.6,-1002,0.0697,-99999.,-99999.,-99999.,-99999.,-99999.,-99999.
123778,3206722,9.374558,-36.685648,8.4,-1078,0.0751,-99999.,-99999.,-99999.,-99999.,-99999.,-99999.
123778,3211196,9.383945,-36.792415,7.7,-1076,0.0789,-99999.,-99999.,-99999.,-99999.,-99999.,-99999.
123778,3213810,9.37926,-36.864587,6.3,-1121,0.0765,-99999.,-99999.,-99999.,-99999.,-99999.,-99999.
123778,3214049,9.379237,-36.868748,6.1,-1119,0.0765,-99999.,-99999.,-99999.,-99999.,-99999.,-99999.
123778,3214782,9.37777,-36.88446,7.4,-1112,0.07350000000000001,-99999.,-99999.,-99999.,-99999.,-99999.,-99999.
123778,3215305,9.377382,-36.896388,8.2,-1106,0.07400000000000001,-99999.,-99999.,-99999.,-99999.,-99999.,-99999.
123778,3216495,9.380145,-36.92918,5.9,-1126,0.0694,-99999.,-99999.,-99999.,-99999.,-99999.,-99999.
123778,3217480,9.383205,-36.959963,7.9,-1118,0.06760000000000001,-99999.,-99999.,-99999.,-99999.,-99999.,-99999.
123778,3218313,9.385822,-36.979552,7.9,-1112,0.0675,-99999.,-99999.,-99999.,-99999.,-99999.,-99999.
123778,3218903,9.386963,-36.998818,2.6,-1105,0.06720000000000001,-99999.,-99999.,-99999.,-99999.,-99999.,-99999.
123778,3219696,9.388685,-37.015922,3.,-1116,0.0695,-99999.,-99999.,-99999.,-99999.,-99999.,-99999.
123778,3220074,9.38926,-37.023575,7.9,-1117,0.0693,-99999.,-99999.,-99999.,-99999.,-99999.,-99999.
123778,3220916,9.389207,-37.038438,2.1,-1118,0.06910000000000001,-99999.,-99999.,-99999.,-99999.,-99999.,-99999.
123778,3221207,9.39003,-37.03962,1.1,-1118,0.06910000000000001,-99999.,-99999.,-99999.,-99999.,-99999.,-99999.
123778,3222088,9.38813,-37.055785,3.2,-1119,0.0665,-99999.,-99999.,-99999.,-99999.,-99999.,-99999.
123778,3222472,9.388558,-37.063473,3.2,-1119,0.06720000000000001,-99999.,-99999.,-99999.,-99999.,-99999.,-99999.
123778,3223345,9.389023,-37.079397,6.4,-1121,0.0688,-99999.,-99999.,-99999.,-99999.,-99999.,-99999.
123778,3224653,9.392597,-37.104683,2.,-1123,0.0655,-99999.,-99999.,-99999.,-99999.,-99999.,-99999.
123778,3225235,9.394113,-37.114468,5.7,-1120,0.0659,-99999.,-99999.,-99999.,-99999.,-99999.,-99999.
123778,3226081,9.394077,-37.128062,0.6,-1116,0.06470000000000001,-99999.,-99999.,-99999.,-99999.,-99999.,-99999.
123778,3226566,9.395397,-37.130068,4.8,-1115,0.0648,-99999.,-99999.,-99999.,-99999.,-99999.,-99999.
123778,3227350,9.395002,-37.137362,6.6,-1113,0.0649,-99999.,-99999.,-99999.,-99999.,-99999.,-99999.
123778,3234432,9.328255,-37.279223,6.9,-1049,0.0709,-99999.,-99999.,-99999.,-99999.,-99999.,-99999.
123778,3234444,9.328078,-37.27947,5.3,-1050,0.0709,-99999.,-99999.,-99999.,-99999.,-99999.,-99999.
123778,3234445,9.328078,-37.27947,5.3,-1050,0.0709,-99999.,-99999.,-99999.,-99999.,-99999.,-99999.
123778,3234483,9.327918,-37.279037,2.5,-1049,0.0709,-99999.,-99999.,-99999.,-99999.,-99999.,-99999.
123778,3234484,9.327918,-37.279037,2.5,-1049,0.0709,-99999.,-99999.,-99999.,-99999.,-99999.,-99999.
123778,3234607,9.3277,-37.281065,6.6,-1052,0.0708,-99999.,-99999.,-99999.,-99999.,-99999.,-99999.
123778,3234608,9.3277,-37.281065,6.6,-1052,0.0708,-99999.,-99999.,-99999.,-99999.,-99999.,-99999.
123778,3234624,9.32756,-37.28166,7.2,-1053,0.0708,-99999.,-99999.,-99999.,-99999.,-99999.,-99999.
123778,3234625,9.32756,-37.28166,7.2,-1053,0.0708,-99999.,-99999.,-99999.,-99999.,-99999.,-99999.
123778,3234651,9.3273,-37.282492,7.4,-1055,0.0707,-99999.,-99999.,-99999.,-99999.,-99999.,-99999.
123778,3234771,9.325818,-37.286552,7.8,-1061,0.0704,-99999.,-99999.,-99999.,-99999.,-99999.,-99999.
123778,3234783,9.325655,-37.28695,7.7,-1062,0.0704,-99999.,-99999.,-99999.,-99999.,-99999.,-99999.
123778,3234871,9.324642,-37.289997,7.7,-1067,0.0702,-99999.,-99999.,-99999.,-99999.,-99999.,-99999.
123778,3234883,9.324503,-37.290368,7.7,-1067,0.07010000000000001,-99999.,-99999.,-99999.,-99999.,-99999.,-99999.
123778,3234885,9.324475,-37.290433,7.7,-1067,0.07010000000000001,-99999.,-99999.,-99999.,-99999.,-99999.,-99999.
123778,3234943,9.323885,-37.292367,7.4,-1071,0.0719,-99999.,-99999.,-99999.,-99999.,-99999.,-99999.
123778,3240380,9.33371,-37.445895,7.2,-1072,0.0629,-99999.,-99999.,-99999.,-99999.,-99999.,-99999.
123778,3240391,9.333662,-37.446227,7.2,-1071,0.06280000000000001,-99999.,-99999.,-99999.,-99999.,-99999.,-99999.
123778,3240411,9.33354,-37.446918,7.2,-1069,0.0627,-99999.,-99999.,-99999.,-99999.,-99999.,-99999.
123778,3240471,9.333267,-37.448915,7.2,-1137,0.0666,-99999.,-99999.,-99999.,-99999.,-99999.,-99999.
123778,3240472,9.333267,-37.448915,7.2,-1137,0.0666,-99999.,-99999.,-99999.,-99999.,-99999.,-99999.
123778,3240481,9.333237,-37.449217,7.3,-1137,0.0666,-99999.,-99999.,-99999.,-99999.,-99999.,-99999.
123778,3240551,9.332915,-37.451613,7.3,-1137,0.0668,-99999.,-99999.,-99999.,-99999.,-99999.,-99999.
123778,3240600,9.332665,-37.453247,7.2,-1137,0.0669,-99999.,-99999.,-99999.,-99999.,-99999.,-99999.
123778,3240601,9.332665,-37.453247,7.2,-1137,0.0669,-99999.,-99999.,-99999.,-99999.,-99999.,-99999.
123778,3240640,9.332452,-37.454543,7.,-1137,0.0669,-99999.,-99999.,-99999.,-99999.,-99999.,-99999.
123778,3240670,9.33231,-37.45551,7.,-1137,0.067,-99999.,-99999.,-99999.,-99999.,-99999.,-99999.
123778,3240671,9.33231,-37.45551,7.,-1137,0.067,-99999.,-99999.,-99999.,-99999.,-99999.,-99999.
123778,3240711,9.332147,-37.456818,7.1,-1137,0.0671,-99999.,-99999.,-99999.,-99999.,-99999.,-99999.
123778,3240731,9.33205,-37.457477,7.1,-1137,0.0671,-99999.,-99999.,-99999.,-99999.,-99999.,-99999.
123778,3240801,9.331732,-37.459803,7.2,-1137,0.0669,-99999.,-99999.,-99999.,-99999.,-99999.,-99999.
123778,3242574,9.322018,-37.518262,7.5,-1121,0.060700000000000004,-99999.,-99999.,-99999.,-99999.,-99999.,-99999.
123778,3247985,9.297493,-37.713275,8.1,-1103,0.058,-99999.,-99999.,-99999.,-99999.,-99999.,-99999.
123778,3253073,9.275587,-37.90116,8.2,-1063,0.0601,-99999.,-99999.,-99999.,-99999.,-99999.,-99999.
123778,3254024,9.271267,-37.937673,8.5,-1013,0.0603,-99999.,-99999.,-99999.,-99999.,-99999.,-99999.
123778,3254263,9.270285,-37.946888,8.2,-1018,0.062,-99999.,-99999.,-99999.,-99999.,-99999.,-99999.
123778,3254603,9.268918,-37.959878,8.3,-1026,0.059800000000000006,-99999.,-99999.,-99999.,-99999.,-99999.,-99999.
123778,3254793,9.267947,-37.967157,8.1,-1031,0.0603,-99999.,-99999.,-99999.,-99999.,-99999.,-99999.
123778,3255294,9.265515,-37.986283,8.4,-1045,0.061700000000000005,-99999.,-99999.,-99999.,-99999.,-99999.,-99999.
123778,3255573,9.264318,-37.997137,8.4,-1052,0.0627,-99999.,-99999.,-99999.,-99999.,-99999.,-99999.
123778,3256514,9.260478,-38.032315,8.,-999,0.0618,-99999.,-99999.,-99999.,-99999.,-99999.,-99999.
123778,3257003,9.258505,-38.050783,8.4,-998,0.0625,-99999.,-99999.,-99999.,-99999.,-99999.,-99999.
123778,3257203,9.257513,-38.058698,8.6,-998,0.0623,-99999.,-99999.,-99999.,-99999.,-99999.,-99999.
123778,3257852,9.254105,-38.078703,5.,-998,0.061500000000000006,-99999.,-99999.,-99999.,-99999.,-99999.,-99999.
123778,3258207,9.252225,-38.081783,0.6,-998,0.0613,-99999.,-99999.,-99999.,-99999.,-99999.,-99999.
123778,3258513,9.25201,-38.081663,0.1,-998,0.0613,-99999.,-99999.,-99999.,-99999.,-99999.,-99999.
123778,3259133,9.252423,-38.081015,0.6,-998,0.0613,-99999.,-99999.,-99999.,-99999.,-99999.,-99999.
123778,3259533,9.252843,-38.080327,0.3,-998,0.0614,-99999.,-99999.,-99999.,-99999.,-99999.,-99999.
123778,3260344,9.25402,-38.078792,0.3,-998,0.061500000000000006,-99999.,-99999.,-99999.,-99999.,-99999.,-99999.
123778,3260764,9.254552,-38.077908,0.7,-998,0.0616,-99999.,-99999.,-99999.,-99999.,-99999.,-99999.
123778,3261523,9.255825,-38.075632,0.7,-998,0.0618,-99999.,-99999.,-99999.,-99999.,-99999.,-99999.
123778,3262013,9.256707,-38.07429,0.6,-998,0.061900000000000004,-99999.,-99999.,-99999.,-99999.,-99999.,-99999.
123778,3263043,9.258037,-38.071987,0.6,-998,0.0621,-99999.,-99999.,-99999.,-99999.,-99999.,-99999.
123778,3264232,9.258722,-38.069413,0.6,-998,0.062200000000000005,-99999.,-99999.,-99999.,-99999.,-99999.,-99999.
123778,3265603,9.260137,-38.063908,1.,-998,0.062400000000000004,-99999.,-99999.,-99999.,-99999.,-99999.,-99999.
123778,3278491,9.259655,-38.024373,0.6,-999,0.0621,-99999.,-99999.,-99999.,-99999.,-99999.,-99999.
123778,3278492,9.259655,-38.024373,0.6,-999,0.0621,-99999.,-99999.,-99999.,-99999.,-99999.,-99999.
123778,3278551,9.259585,-38.024233,0.6,-999,0.0621,-99999.,-99999.,-99999.,-99999.,-99999.,-99999.
123778,3278552,9.259585,-38.024233,0.6,-999,0.0621,-99999.,-99999.,-99999.,-99999.,-99999.,-99999.
123778,3278611,9.259523,-38.024103,0.5,-999,0.0621,-99999.,-99999.,-99999.,-99999.,-99999.,-99999.
123778,3278612,9.259523,-38.024103,0.5,-999,0.0621,-99999.,-99999.,-99999.,-99999.,-99999.,-99999.
123778,3278620,9.259512,-38.024083,0.5,-999,0.0621,-99999.,-99999.,-99999.,-99999.,-99999.,-99999.
123778,3278621,9.259512,-38.024083,0.5,-999,0.0621,-99999.,-99999.,-99999.,-99999.,-99999.,-99999.
123778,3278702,9.259435,-38.023918,0.5,-999,0.0621,-99999.,-99999.,-99999.,-99999.,-99999.,-99999.
123778,3278740,9.2594,-38.023848,0.4,-999,0.0621,-99999.,-99999.,-99999.,-99999.,-99999.,-99999.
123778,3278741,9.2594,-38.023848,0.4,-999,0.0621,-99999.,-99999.,-99999.,-99999.,-99999.,-99999.
123778,3278751,9.259387,-38.02383,0.4,-999,0.0621,-99999.,-99999.,-99999.,-99999.,-99999.,-99999.
123778,3278783,9.25936,-38.023772,0.4,-999,0.0621,-99999.,-99999.,-99999.,-99999.,-99999.,-99999.
123778,3278792,9.259353,-38.023753,0.4,-999,0.0621,-99999.,-99999.,-99999.,-99999.,-99999.,-99999.
123778,3278793,9.259353,-38.023753,0.4,-999,0.0621,-99999.,-99999.,-99999.,-99999.,-99999.,-99999.
123778,3278800,9.259345,-38.023738,0.4,-999,0.0621,-99999.,-99999.,-99999.,-99999.,-99999.,-99999.
123778,3278801,9.259345,-38.023738,0.4,-999,0.0621,-99999.,-99999.,-99999.,-99999.,-99999.,-99999.
123778,3278811,9.259335,-38.023717,0.5,-999,0.0621,-99999.,-99999.,-99999.,-99999.,-99999.,-99999.
123778,3278821,9.259323,-38.023698,0.4,-999,0.0621,-99999.,-99999.,-99999.,-99999.,-99999.,-99999.
123778,3278822,9.259323,-38.023698,0.4,-999,0.0621,-99999.,-99999.,-99999.,-99999.,-99999.,-99999.
123778,3278841,9.259305,-38.023667,0.4,-999,0.0621,-99999.,-99999.,-99999.,-99999.,-99999.,-99999.
123778,3278942,9.259198,-38.023493,0.4,-999,0.0621,-99999.,-99999.,-99999.,-99999.,-99999.,-99999.
123778,3278961,9.25918,-38.023457,0.4,-999,0.0621,-99999.,-99999.,-99999.,-99999.,-99999.,-99999.
123778,3279031,9.259085,-38.02334,0.5,-999,0.062200000000000005,-99999.,-99999.,-99999.,-99999.,-99999.,-99999.
123778,3279032,9.259085,-38.02334,0.5,-999,0.062200000000000005,-99999.,-99999.,-99999.,-99999.,-99999.,-99999.
123778,3284180,9.254302,-38.015058,0.4,-1000,0.0625,-99999.,-99999.,-99999.,-99999.,-99999.,-99999.
123778,3284251,9.25423,-38.014988,0.3,-1000,0.0625,-99999.,-99999.,-99999.,-99999.,-99999.,-99999.
123778,3284261,9.254223,-38.014975,0.4,-1000,0.0625,-99999.,-99999.,-99999.,-99999.,-99999.,-99999.
123778,3284262,9.254223,-38.014975,0.4,-1000,0.0625,-99999.,-99999.,-99999.,-99999.,-99999.,-99999.
123778,3284371,9.254143,-38.014835,0.3,-1000,0.0625,-99999.,-99999.,-99999.,-99999.,-99999.,-99999.
123778,3284372,9.254143,-38.014835,0.3,-1000,0.0625,-99999.,-99999.,-99999.,-99999.,-99999.,-99999.
123778,3284481,9.254088,-38.014693,0.3,-1000,0.0625,-99999.,-99999.,-99999.,-99999.,-99999.,-99999.
123778,3284491,9.254082,-38.014682,0.3,-1000,0.0625,-99999.,-99999.,-99999.,-99999.,-99999.,-99999.
123778,3284492,9.254082,-38.014682,0.3,-1000,0.0625,-99999.,-99999.,-99999.,-99999.,-99999.,-99999.
123778,3284601,9.254022,-38.014535,0.3,-1000,0.0625,-99999.,-99999.,-99999.,-99999.,-99999.,-99999.
123778,3284691,9.253972,-38.014387,0.4,-1000,0.0625,-99999.,-99999.,-99999.,-99999.,-99999.,-99999.
123778,3290234,9.251352,-38.04022,4.,-999,0.0618,-99999.,-99999.,-99999.,-99999.,-99999.,-99999.
123778,3296932,9.27,-37.919493,7.4,-1002,0.0568,-99999.,-99999.,-99999.,-99999.,-99999.,-99999.
123778,3297916,9.272533,-37.894247,4.,-1062,0.058600000000000006,-99999.,-99999.,-99999.,-99999.,-99999.,-99999.
123778,3298092,9.272695,-37.890872,3.2,-1061,0.058,-99999.,-99999.,-99999.,-99999.,-99999.,-99999.
123778,3299185,9.276583,-37.854137,2.1,-1052,0.056900000000000006,-99999.,-99999.,-99999.,-99999.,-99999.,-99999.
123778,3300424,9.277968,-37.829617,8.5,-1110,0.057100000000000005,-99999.,-99999.,-99999.,-99999.,-99999.,-99999.
123778,3300634,9.27845,-37.821312,8.4,-1105,0.0563,-99999.,-99999.,-99999.,-99999.,-99999.,-99999.
123778,3301472,9.281353,-37.804597,0.8,-1095,0.054700000000000006,-99999.,-99999.,-99999.,-99999.,-99999.,-99999.
123778,3301895,9.280488,-37.805022,1.,-1096,0.054700000000000006,-99999.,-99999.,-99999.,-99999.,-99999.,-99999.
123778,3303934,9.282248,-37.757672,8.8,-1073,0.0506,-99999.,-99999.,-99999.,-99999.,-99999.,-99999.
123778,3304484,9.282532,-37.743088,8.7,-1095,0.055600000000000004,-99999.,-99999.,-99999.,-99999.,-99999.,-99999.
123778,3305149,9.283083,-37.729305,1.9,-1098,0.051000000000000004,-99999.,-99999.,-99999.,-99999.,-99999.,-99999.
123778,3305393,9.283147,-37.72374,8.2,-1100,0.0492,-99999.,-99999.,-99999.,-99999.,-99999.,-99999.
123778,3305691,9.284703,-37.713605,1.6,-1102,0.0456,-99999.,-99999.,-99999.,-99999.,-99999.,-99999.
123778,3306913,9.294417,-37.67649,8.1,-1102,0.057800000000000004,-99999.,-99999.,-99999.,-99999.,-99999.,-99999.
123778,3307649,9.296425,-37.659185,2.5,-1065,0.055900000000000005,-99999.,-99999.,-99999.,-99999.,-99999.,-99999.
123778,3308163,9.295232,-37.644752,7.9,-1079,0.057300000000000004,-99999.,-99999.,-99999.,-99999.,-99999.,-99999.
123778,3309129,9.293813,-37.621992,3.1,-1101,0.055200000000000006,-99999.,-99999.,-99999.,-99999.,-99999.,-99999.
123778,3309553,9.293227,-37.610088,8.4,-1112,0.0534,-99999.,-99999.,-99999.,-99999.,-99999.,-99999.
123778,3310583,9.293082,-37.584823,1.8,-1137,0.0497,-99999.,-99999.,-99999.,-99999.,-99999.,-99999.
123778,3310777,9.292322,-37.582698,4.2,-1090,0.0528,-99999.,-99999.,-99999.,-99999.,-99999.,-99999.
123778,3311916,9.293142,-37.552437,8.2,-1107,0.0609,-99999.,-99999.,-99999.,-99999.,-99999.,-99999.
123778,3322791,9.353863,-37.32898,2.3,-1038,0.0732,-99999.,-99999.,-99999.,-99999.,-99999.,-99999.
123778,3322792,9.353863,-37.32898,2.3,-1038,0.0732,-99999.,-99999.,-99999.,-99999.,-99999.,-99999.
123778,3322800,9.353945,-37.328887,2.6,-1038,0.0733,-99999.,-99999.,-99999.,-99999.,-99999.,-99999.
123778,3322801,9.353945,-37.328887,2.6,-1038,0.0733,-99999.,-99999.,-99999.,-99999.,-99999.,-99999.
123778,3322803,9.35398,-37.328852,2.8,-1038,0.0733,-99999.,-99999.,-99999.,-99999.,-99999.,-99999.
123778,3322804,9.35398,-37.328852,2.8,-1038,0.0733,-99999.,-99999.,-99999.,-99999.,-99999.,-99999.
123778,3322827,9.354395,-37.328502,4.9,-1039,0.0733,-99999.,-99999.,-99999.,-99999.,-99999.,-99999.
123778,3322828,9.354395,-37.328502,4.9,-1039,0.0733,-99999.,-99999.,-99999.,-99999.,-99999.,-99999.
123778,3322851,9.354913,-37.328122,5.4,-1039,0.0733,-99999.,-99999.,-99999.,-99999.,-99999.,-99999.
123778,3322871,9.355338,-37.327913,4.7,-1039,0.0734,-99999.,-99999.,-99999.,-99999.,-99999.,-99999.
123778,3322874,9.355372,-37.327893,4.6,-1039,0.0734,-99999.,-99999.,-99999.,-99999.,-99999.,-99999.
123778,3322875,9.355372,-37.327893,4.6,-1039,0.0734,-99999.,-99999.,-99999.,-99999.,-99999.,-99999.
123778,3322882,9.355498,-37.327837,4.6,-1039,0.0734,-99999.,-99999.,-99999.,-99999.,-99999.,-99999.
123778,3322894,9.355767,-37.327875,4.2,-1039,0.0734,-99999.,-99999.,-99999.,-99999.,-99999.,-99999.
123778,3322895,9.355767,-37.327875,4.2,-1039,0.0734,-99999.,-99999.,-99999.,-99999.,-99999.,-99999.
123778,3322902,9.355892,-37.327942,4.5,-1039,0.0734,-99999.,-99999.,-99999.,-99999.,-99999.,-99999.
123778,3322924,9.356548,-37.32816,6.2,-1038,0.07350000000000001,-99999.,-99999.,-99999.,-99999.,-99999.,-99999.
123778,3322925,9.356548,-37.32816,6.2,-1038,0.07350000000000001,-99999.,-99999.,-99999.,-99999.,-99999.,-99999.
123778,3322928,9.356638,-37.328192,6.3,-1038,0.07350000000000001,-99999.,-99999.,-99999.,-99999.,-99999.,-99999.
123778,3322929,9.356638,-37.328192,6.3,-1038,0.07350000000000001,-99999.,-99999.,-99999.,-99999.,-99999.,-99999.
123778,3323040,9.360462,-37.32952,7.8,-1034,0.07390000000000001,-99999.,-99999.,-99999.,-99999.,-99999.,-99999.
123778,3323041,9.360462,-37.32952,7.8,-1034,0.07390000000000001,-99999.,-99999.,-99999.,-99999.,-99999.,-99999.
123778,3323091,9.362228,-37.329957,8.,-1033,0.0741,-99999.,-99999.,-99999.,-99999.,-99999.,-99999.
123778,3323100,9.362623,-37.330058,8.,-1032,0.0742,-99999.,-99999.,-99999.,-99999.,-99999.,-99999.
123778,3323101,9.362623,-37.330058,8.,-1032,0.0742,-99999.,-99999.,-99999.,-99999.,-99999.,-99999.
123778,3323131,9.363652,-37.330307,7.9,-1031,0.0743,-99999.,-99999.,-99999.,-99999.,-99999.,-99999.
123778,3323220,9.3669,-37.331043,7.8,-1029,0.0747,-99999.,-99999.,-99999.,-99999.,-99999.,-99999.
123778,3323270,9.368637,-37.331443,7.8,-1027,0.07490000000000001,-99999.,-99999.,-99999.,-99999.,-99999.,-99999.
123778,3323300,9.369748,-37.331672,7.9,-1026,0.075,-99999.,-99999.,-99999.,-99999.,-99999.,-99999.
123778,3323321,9.370432,-37.33183,7.9,-1026,0.0751,-99999.,-99999.,-99999.,-99999.,-99999.,-99999.
123778,3323410,9.37369,-37.33258,7.9,-1023,0.0755,-99999.,-99999.,-99999.,-99999.,-99999.,-99999.
123778,3323411,9.37369,-37.33258,7.9,-1023,0.0755,-99999.,-99999.,-99999.,-99999.,-99999.,-99999.
123778,3323431,9.374448,-37.33275,8.,-1022,0.0756,-99999.,-99999.,-99999.,-99999.,-99999.,-99999.
123778,3323440,9.374778,-37.332817,8.,-1022,0.0756,-99999.,-99999.,-99999.,-99999.,-99999.,-99999.
123778,3323450,9.375138,-37.332895,7.9,-1022,0.0728,-99999.,-99999.,-99999.,-99999.,-99999.,-99999.
123778,3323471,9.375857,-37.333085,8.,-1021,0.0728,-99999.,-99999.,-99999.,-99999.,-99999.,-99999.
123778,3328761,9.523948,-37.402612,7.9,-910,0.0653,-99999.,-99999.,-99999.,-99999.,-99999.,-99999.
123778,3328763,9.523948,-37.402612,7.9,-910,0.0653,-99999.,-99999.,-99999.,-99999.,-99999.,-99999.
123778,3329092,9.522425,-37.414795,8.1,-910,0.0653,-99999.,-99999.,-99999.,-99999.,-99999.,-99999.
123778,3331384,9.514063,-37.503218,8.3,-880,0.0654,-99999.,-99999.,-99999.,-99999.,-99999.,-99999.
123778,3335203,9.494077,-37.65111,8.3,-885,0.06380000000000001,-99999.,-99999.,-99999.,-99999.,-99999.,-99999.
123778,3336893,9.486893,-37.715907,8.2,-919,0.061000000000000006,-99999.,-99999.,-99999.,-99999.,-99999.,-99999.
123778,3338374,9.480453,-37.773927,8.3,-914,0.061500000000000006,-99999.,-99999.,-99999.,-99999.,-99999.,-99999.
123778,3338943,9.477737,-37.795885,8.3,-911,0.057,-99999.,-99999.,-99999.,-99999.,-99999.,-99999.
123778,3339594,9.474587,-37.821715,8.7,-908,0.0599,-99999.,-99999.,-99999.,-99999.,-99999.,-99999.
123778,3339843,9.47351,-37.83171,8.6,-906,0.061000000000000006,-99999.,-99999.,-99999.,-99999.,-99999.,-99999.
123778,3340103,9.472445,-37.84197,8.6,-906,0.056,-99999.,-99999.,-99999.,-99999.,-99999.,-99999.
123778,3341173,9.467665,-37.883878,8.3,-906,0.057,-99999.,-99999.,-99999.,-99999.,-99999.,-99999.
123778,3341573,9.46583,-37.899443,8.1,-906,0.056900000000000006,-99999.,-99999.,-99999.,-99999.,-99999.,-99999.
123778,3342203,9.462765,-37.92397,8.4,-956,0.0597,-99999.,-99999.,-99999.,-99999.,-99999.,-99999.
123778,3342313,9.462197,-37.928345,8.7,-955,0.0594,-99999.,-99999.,-99999.,-99999.,-99999.,-99999.
123778,3342613,9.460462,-37.940638,8.8,-953,0.058600000000000006,-99999.,-99999.,-99999.,-99999.,-99999.,-99999.
123778,3343314,9.456532,-37.969103,8.8,-949,0.058100000000000006,-99999.,-99999.,-99999.,-99999.,-99999.,-99999.
123778,3343653,9.454983,-37.983003,9.,-947,0.056100000000000004,-99999.,-99999.,-99999.,-99999.,-99999.,-99999.
123778,3344554,9.45147,-38.02015,8.6,-996,0.0574,-99999.,-99999.,-99999.,-99999.,-99999.,-99999.
123778,3344954,9.449778,-38.036322,8.7,-996,0.056400000000000006,-99999.,-99999.,-99999.,-99999.,-99999.,-99999.
123778,3345014,9.44954,-38.038738,8.6,-996,0.0562,-99999.,-99999.,-99999.,-99999.,-99999.,-99999.
123778,3345854,9.44611,-38.073182,8.8,-996,0.056400000000000006,-99999.,-99999.,-99999.,-99999.,-99999.,-99999.
123778,3346321,9.443508,-38.092527,8.8,-995,0.0548,-99999.,-99999.,-99999.,-99999.,-99999.,-99999.
123778,3347662,9.435248,-38.146782,8.6,-995,0.055900000000000005,-99999.,-99999.,-99999.,-99999.,-99999.,-99999.
123778,3348436,9.430682,-38.176837,4.3,-991,0.055,-99999.,-99999.,-99999.,-99999.,-99999.,-99999.
123778,3350073,9.42354,-38.18538,0.5,-992,0.0557,-99999.,-99999.,-99999.,-99999.,-99999.,-99999.
123778,3366762,9.38419,-38.191533,0.4,-977,0.054900000000000004,-99999.,-99999.,-99999.,-99999.,-99999.,-99999.
123778,3366772,9.38417,-38.19154,0.4,-977,0.054900000000000004,-99999.,-99999.,-99999.,-99999.,-99999.,-99999.
123778,3366773,9.38417,-38.19154,0.4,-977,0.054900000000000004,-99999.,-99999.,-99999.,-99999.,-99999.,-99999.
123778,3366822,9.384088,-38.191568,0.4,-977,0.054900000000000004,-99999.,-99999.,-99999.,-99999.,-99999.,-99999.
123778,3366833,9.384073,-38.191575,0.3,-977,0.054900000000000004,-99999.,-99999.,-99999.,-99999.,-99999.,-99999.
123778,3366852,9.384045,-38.191587,0.3,-977,0.054900000000000004,-99999.,-99999.,-99999.,-99999.,-99999.,-99999.
123778,3366862,9.38403,-38.191588,0.3,-977,0.054900000000000004,-99999.,-99999.,-99999.,-99999.,-99999.,-99999.
123778,3366863,9.38403,-38.191588,0.3,-977,0.054900000000000004,-99999.,-99999.,-99999.,-99999.,-99999.,-99999.
123778,3366882,9.384,-38.191598,0.3,-977,0.054900000000000004,-99999.,-99999.,-99999.,-99999.,-99999.,-99999.
123778,3366912,9.383952,-38.191607,0.3,-977,0.054900000000000004,-99999.,-99999.,-99999.,-99999.,-99999.,-99999.
123778,3366922,9.383937,-38.19161,0.3,-977,0.054900000000000004,-99999.,-99999.,-99999.,-99999.,-99999.,-99999.
123778,3366943,9.383908,-38.191608,0.3,-977,0.054900000000000004,-99999.,-99999.,-99999.,-99999.,-99999.,-99999.
123778,3367003,9.383797,-38.191625,0.4,-977,0.054900000000000004,-99999.,-99999.,-99999.,-99999.,-99999.,-99999.
123778,3367042,9.383733,-38.191623,0.4,-977,0.054900000000000004,-99999.,-99999.,-99999.,-99999.,-99999.,-99999.
123778,3367063,9.383695,-38.191623,0.3,-977,0.054900000000000004,-99999.,-99999.,-99999.,-99999.,-99999.,-99999.
123778,3367072,9.383678,-38.191622,0.3,-977,0.054900000000000004,-99999.,-99999.,-99999.,-99999.,-99999.,-99999.
123778,3367141,9.383558,-38.191602,0.3,-977,0.054900000000000004,-99999.,-99999.,-99999.,-99999.,-99999.,-99999.
123778,3367152,9.383542,-38.1916,0.4,-977,0.054900000000000004,-99999.,-99999.,-99999.,-99999.,-99999.,-99999.
123778,3367291,9.383335,-38.191555,0.6,-977,0.054900000000000004,-99999.,-99999.,-99999.,-99999.,-99999.,-99999.
123778,3373485,9.375458,-38.199007,4.3,-980,0.0545,-99999.,-99999.,-99999.,-99999.,-99999.,-99999.
123778,3378927,9.431882,-38.113855,7.6,-995,0.0562,-99999.,-99999.,-99999.,-99999.,-99999.,-99999.
123778,3382266,9.436512,-38.024335,6.7,-996,0.056600000000000004,-99999.,-99999.,-99999.,-99999.,-99999.,-99999.
123778,3383413,9.435117,-38.00372,1.7,-996,0.058600000000000006,-99999.,-99999.,-99999.,-99999.,-99999.,-99999.
123778,3383822,9.434183,-37.999472,2.,-925,0.057,-99999.,-99999.,-99999.,-99999.,-99999.,-99999.
123778,3384614,9.432645,-37.983525,7.8,-923,0.0582,-99999.,-99999.,-99999.,-99999.,-99999.,-99999.
123778,3385062,9.432022,-37.974465,5.9,-923,0.058800000000000005,-99999.,-99999.,-99999.,-99999.,-99999.,-99999.
123778,3386069,9.43208,-37.951272,7.2,-923,0.060000000000000005,-99999.,-99999.,-99999.,-99999.,-99999.,-99999.
123778,3386343,9.432865,-37.945627,7.5,-924,0.0599,-99999.,-99999.,-99999.,-99999.,-99999.,-99999.
123778,3387083,9.434948,-37.931748,3.1,-926,0.0597,-99999.,-99999.,-99999.,-99999.,-99999.,-99999.
123778,3387562,9.43539,-37.921565,7.4,-926,0.0596,-99999.,-99999.,-99999.,-99999.,-99999.,-99999.
123778,3388753,9.43922,-37.908472,2.6,-906,0.058,-99999.,-99999.,-99999.,-99999.,-99999.,-99999.
123778,3389613,9.439822,-37.903073,6.6,-906,0.0579,-99999.,-99999.,-99999.,-99999.,-99999.,-99999.
123778,3389799,9.439288,-37.900532,0.6,-906,0.0577,-99999.,-99999.,-99999.,-99999.,-99999.,-99999.
123778,3390062,9.439032,-37.898248,3.5,-906,0.057600000000000005,-99999.,-99999.,-99999.,-99999.,-99999.,-99999.
123778,3390876,9.437947,-37.882515,3.9,-906,0.056900000000000006,-99999.,-99999.,-99999.,-99999.,-99999.,-99999.
123778,3391244,9.438898,-37.870198,5.7,-906,0.055,-99999.,-99999.,-99999.,-99999.,-99999.,-99999.
123778,3392114,9.439185,-37.855848,7.7,-906,0.0531,-99999.,-99999.,-99999.,-99999.,-99999.,-99999.
123778,3393444,9.440377,-37.824073,3.7,-909,0.054200000000000005,-99999.,-99999.,-99999.,-99999.,-99999.,-99999.
123778,3393893,9.440138,-37.81626,7.2,-912,0.0523,-99999.,-99999.,-99999.,-99999.,-99999.,-99999.
123778,3394553,9.440952,-37.806853,2.7,-916,0.05,-99999.,-99999.,-99999.,-99999.,-99999.,-99999.
123778,3395053,9.440948,-37.797285,7.1,-920,0.0478,-99999.,-99999.,-99999.,-99999.,-99999.,-99999.
123778,3405492,9.441125,-37.59119,6.4,-901,0.0626,-99999.,-99999.,-99999.,-99999.,-99999.,-99999.
123778,3405544,9.441687,-37.59011,3.3,-902,0.0626,-99999.,-99999.,-99999.,-99999.,-99999.,-99999.
123778,3405585,9.441458,-37.59064,2.5,-901,0.0626,-99999.,-99999.,-99999.,-99999.,-99999.,-99999.
123778,3405588,9.441433,-37.590632,2.3,-901,0.0626,-99999.,-99999.,-99999.,-99999.,-99999.,-99999.
123778,3405598,9.441357,-37.590557,1.6,-901,0.0626,-99999.,-99999.,-99999.,-99999.,-99999.,-99999.
123778,3405608,9.44133,-37.590467,1.7,-901,0.0626,-99999.,-99999.,-99999.,-99999.,-99999.,-99999.
123778,3405628,9.441342,-37.590253,2.3,-901,0.0626,-99999.,-99999.,-99999.,-99999.,-99999.,-99999.
123778,3405632,9.441345,-37.590208,2.6,-902,0.0626,-99999.,-99999.,-99999.,-99999.,-99999.,-99999.
123778,3405634,9.441347,-37.590162,2.8,-902,0.0626,-99999.,-99999.,-99999.,-99999.,-99999.,-99999.
123778,3405673,9.441475,-37.589227,5.9,-902,0.0626,-99999.,-99999.,-99999.,-99999.,-99999.,-99999.
123778,3405691,9.441605,-37.588645,6.5,-903,0.0626,-99999.,-99999.,-99999.,-99999.,-99999.,-99999.
123778,3405692,9.441605,-37.588645,6.5,-903,0.0626,-99999.,-99999.,-99999.,-99999.,-99999.,-99999.
123778,3405862,9.441953,-37.58703,3.7,-904,0.0625,-99999.,-99999.,-99999.,-99999.,-99999.,-99999.
123778,3411181,9.470083,-37.48211,7.2,-910,0.0659,-99999.,-99999.,-99999.,-99999.,-99999.,-99999.
123778,3411241,9.470923,-37.480247,7.3,-911,0.066,-99999.,-99999.,-99999.,-99999.,-99999.,-99999.
123778,3411311,9.471902,-37.478077,7.3,-912,0.066,-99999.,-99999.,-99999.,-99999.,-99999.,-99999.
123778,3411313,9.471902,-37.478077,7.3,-912,0.066,-99999.,-99999.,-99999.,-99999.,-99999.,-99999.
123778,3411321,9.472033,-37.477798,7.3,-912,0.066,-99999.,-99999.,-99999.,-99999.,-99999.,-99999.
123778,3411340,9.472327,-37.477187,7.2,-913,0.066,-99999.,-99999.,-99999.,-99999.,-99999.,-99999.
123778,3411372,9.472757,-37.476223,7.3,-913,0.066,-99999.,-99999.,-99999.,-99999.,-99999.,-99999.
123778,3411400,9.473188,-37.475323,7.4,-914,0.066,-99999.,-99999.,-99999.,-99999.,-99999.,-99999.
123778,3411401,9.473188,-37.475323,7.4,-914,0.066,-99999.,-99999.,-99999.,-99999.,-99999.,-99999.
123778,3411450,9.4739,-37.47375,7.4,-915,0.066,-99999.,-99999.,-99999.,-99999.,-99999.,-99999.
123778,3411451,9.4739,-37.47375,7.4,-915,0.066,-99999.,-99999.,-99999.,-99999.,-99999.,-99999.
123778,3411460,9.474038,-37.473438,7.4,-915,0.066,-99999.,-99999.,-99999.,-99999.,-99999.,-99999.
123778,3411461,9.474038,-37.473438,7.4,-915,0.066,-99999.,-99999.,-99999.,-99999.,-99999.,-99999.
123778,3411511,9.474783,-37.471885,7.3,-916,0.066,-99999.,-99999.,-99999.,-99999.,-99999.,-99999.
123778,3411561,9.475508,-37.470328,7.3,-917,0.066,-99999.,-99999.,-99999.,-99999.,-99999.,-99999.
123778,3411592,9.47595,-37.469362,7.3,-917,0.0659,-99999.,-99999.,-99999.,-99999.,-99999.,-99999.
123778,3411792,9.478982,-37.463155,7.3,-921,0.0658,-99999.,-99999.,-99999.,-99999.,-99999.,-99999.
123778,3414904,9.528395,-37.3657,7.5,-909,0.06720000000000001,-99999.,-99999.,-99999.,-99999.,-99999.,-99999.
123778,3419364,9.550677,-37.212785,7.5,-938,0.0698,-99999.,-99999.,-99999.,-99999.,-99999.,-99999.
123778,3420225,9.554558,-37.18233,7.8,-928,0.0651,-99999.,-99999.,-99999.,-99999.,-99999.,-99999.
123778,3420453,9.555537,-37.174063,7.8,-925,0.06910000000000001,-99999.,-99999.,-99999.,-99999.,-99999.,-99999.
123778,3421814,9.562037,-37.124977,7.6,-986,0.0733,-99999.,-99999.,-99999.,-99999.,-99999.,-99999.
123778,3422903,9.567817,-37.085458,7.9,-965,0.0713,-99999.,-99999.,-99999.,-99999.,-99999.,-99999.
123778,3424313,9.575517,-37.034693,7.6,-1009,0.07590000000000001,-99999.,-99999.,-99999.,-99999.,-99999.,-99999.
123778,3424614,9.577058,-37.024102,7.6,-1009,0.07540000000000001,-99999.,-99999.,-99999.,-99999.,-99999.,-99999.
123778,3425452,9.581688,-36.994863,7.6,-1014,0.0782,-99999.,-99999.,-99999.,-99999.,-99999.,-99999.
123778,3425563,9.582358,-36.990965,7.6,-1017,0.0779,-99999.,-99999.,-99999.,-99999.,-99999.,-99999.
123778,3425813,9.583715,-36.982022,7.8,-1130,0.0795,-99999.,-99999.,-99999.,-99999.,-99999.,-99999.
123778,3426704,9.589097,-36.950042,8.,-1095,0.08170000000000001,-99999.,-99999.,-99999.,-99999.,-99999.,-99999.
123778,3426812,9.589827,-36.946058,8.,-1091,0.082,-99999.,-99999.,-99999.,-99999.,-99999.,-99999.
123778,3427113,9.591717,-36.935128,7.8,-1079,0.08270000000000001,-99999.,-99999.,-99999.,-99999.,-99999.,-99999.
123778,3427874,9.596182,-36.908237,7.6,-1134,0.0805,-99999.,-99999.,-99999.,-99999.,-99999.,-99999.
123778,3428123,9.597617,-36.899588,7.6,-1120,0.08120000000000001,-99999.,-99999.,-99999.,-99999.,-99999.,-99999.
123778,3428433,9.599243,-36.888555,7.5,-1103,0.082,-99999.,-99999.,-99999.,-99999.,-99999.,-99999.
123778,3429074,9.602713,-36.865668,7.7,-1070,0.0782,-99999.,-99999.,-99999.,-99999.,-99999.,-99999.
123778,3429493,9.604767,-36.851198,7.4,-1049,0.078,-99999.,-99999.,-99999.,-99999.,-99999.,-99999.
123778,3430743,9.610427,-36.808425,7.4,-1104,0.0747,-99999.,-99999.,-99999.,-99999.,-99999.,-99999.
123778,3431603,9.61364,-36.778897,7.5,-1055,0.0751,-99999.,-99999.,-99999.,-99999.,-99999.,-99999.
123778,3431893,9.61513,-36.76869,7.7,-1038,0.0745,-99999.,-99999.,-99999.,-99999.,-99999.,-99999.
123778,3432842,9.620763,-36.735092,7.5,-1105,0.0756,-99999.,-99999.,-99999.,-99999.,-99999.,-99999.
123778,3435643,9.63576,-36.635027,7.6,-1068,0.07200000000000001,-99999.,-99999.,-99999.,-99999.,-99999.,-99999.
123778,3449541,9.598188,-37.00682,6.6,-1015,0.0776,-99999.,-99999.,-99999.,-99999.,-99999.,-99999.
123778,3449542,9.598188,-37.00682,6.6,-1015,0.0776,-99999.,-99999.,-99999.,-99999.,-99999.,-99999.
123778,3449580,9.598053,-37.007997,6.5,-1016,0.0776,-99999.,-99999.,-99999.,-99999.,-99999.,-99999.
123778,3449581,9.598053,-37.007997,6.5,-1016,0.0776,-99999.,-99999.,-99999.,-99999.,-99999.,-99999.
123778,3449601,9.597968,-37.008633,6.6,-1017,0.0776,-99999.,-99999.,-99999.,-99999.,-99999.,-99999.
123778,3449602,9.597968,-37.008633,6.6,-1017,0.0776,-99999.,-99999.,-99999.,-99999.,-99999.,-99999.
123778,3449622,9.597895,-37.00924,6.5,-1017,0.0776,-99999.,-99999.,-99999.,-99999.,-99999.,-99999.
123778,3449661,9.59776,-37.010417,6.3,-1019,0.0777,-99999.,-99999.,-99999.,-99999.,-99999.,-99999.
123778,3449663,9.59776,-37.010417,6.3,-1019,0.0777,-99999.,-99999.,-99999.,-99999.,-99999.,-99999.
123778,3449712,9.597553,-37.011847,6.2,-1020,0.0777,-99999.,-99999.,-99999.,-99999.,-99999.,-99999.
123778,3449772,9.597355,-37.013618,6.3,-1022,0.07780000000000001,-99999.,-99999.,-99999.,-99999.,-99999.,-99999.
123778,3455171,9.583305,-37.162985,6.2,-1001,0.0565,-99999.,-99999.,-99999.,-99999.,-99999.,-99999.
123778,3455200,9.583218,-37.163842,6.1,-1002,0.056100000000000004,-99999.,-99999.,-99999.,-99999.,-99999.,-99999.
123778,3455231,9.583113,-37.164688,6.,-1002,0.0558,-99999.,-99999.,-99999.,-99999.,-99999.,-99999.
123778,3455232,9.583113,-37.164688,6.,-1002,0.0558,-99999.,-99999.,-99999.,-99999.,-99999.,-99999.
123778,3455260,9.582955,-37.1655,6.,-1003,0.0555,-99999.,-99999.,-99999.,-99999.,-99999.,-99999.
123778,3455282,9.582892,-37.166098,6.1,-1003,0.0553,-99999.,-99999.,-99999.,-99999.,-99999.,-99999.
123778,3455283,9.582892,-37.166098,6.1,-1003,0.0553,-99999.,-99999.,-99999.,-99999.,-99999.,-99999.
123778,3455343,9.582747,-37.167812,6.,-908,0.07250000000000001,-99999.,-99999.,-99999.,-99999.,-99999.,-99999.
123778,3455351,9.582722,-37.168067,6.,-908,0.0724,-99999.,-99999.,-99999.,-99999.,-99999.,-99999.
123778,3455402,9.582562,-37.169488,6.,-909,0.07150000000000001,-99999.,-99999.,-99999.,-99999.,-99999.,-99999.
123778,3455403,9.582562,-37.169488,6.,-909,0.07150000000000001,-99999.,-99999.,-99999.,-99999.,-99999.,-99999.
123778,3455562,9.582023,-37.173983,6.,-909,0.0688,-99999.,-99999.,-99999.,-99999.,-99999.,-99999.
123778,3455563,9.582023,-37.173983,6.,-909,0.0688,-99999.,-99999.,-99999.,-99999.,-99999.,-99999.
123778,3455583,9.581953,-37.174538,6.,-909,0.0685,-99999.,-99999.,-99999.,-99999.,-99999.,-99999.
123778,3455592,9.581922,-37.174788,6.,-909,0.0683,-99999.,-99999.,-99999.,-99999.,-99999.,-99999.
123778,3455622,9.58181,-37.175638,6.,-909,0.0678,-99999.,-99999.,-99999.,-99999.,-99999.,-99999.
123778,3455623,9.58181,-37.175638,6.,-909,0.0678,-99999.,-99999.,-99999.,-99999.,-99999.,-99999.
123778,3455643,9.581743,-37.176192,6.,-909,0.0675,-99999.,-99999.,-99999.,-99999.,-99999.,-99999.
123778,3455683,9.581607,-37.177295,5.9,-909,0.0668,-99999.,-99999.,-99999.,-99999.,-99999.,-99999.
123778,3455791,9.581242,-37.180363,6.1,-910,0.065,-99999.,-99999.,-99999.,-99999.,-99999.,-99999.
123778,3462134,9.542748,-37.352023,5.2,-910,0.062,-99999.,-99999.,-99999.,-99999.,-99999.,-99999.
123778,3466670,9.560447,-37.287322,1.7,-909,0.0665,-99999.,-99999.,-99999.,-99999.,-99999.,-99999.
123778,3467823,9.563015,-37.25483,7.3,-907,0.06860000000000001,-99999.,-99999.,-99999.,-99999.,-99999.,-99999.
123778,3468050,9.562778,-37.250142,5.3,-907,0.06860000000000001,-99999.,-99999.,-99999.,-99999.,-99999.,-99999.
123778,3469206,9.565082,-37.220313,7.6,-927,0.0649,-99999.,-99999.,-99999.,-99999.,-99999.,-99999.
123778,3469570,9.567907,-37.211577,3.7,-923,0.06910000000000001,-99999.,-99999.,-99999.,-99999.,-99999.,-99999.
123778,3470320,9.571492,-37.198457,1.9,-918,0.0553,-99999.,-99999.,-99999.,-99999.,-99999.,-99999.
123778,3470767,9.573498,-37.19074,2.7,-916,0.0594,-99999.,-99999.,-99999.,-99999.,-99999.,-99999.
123778,3471600,9.576977,-37.172253,2.3,-912,0.0699,-99999.,-99999.,-99999.,-99999.,-99999.,-99999.
123778,3471829,9.577403,-37.167698,2.4,-911,0.07250000000000001,-99999.,-99999.,-99999.,-99999.,-99999.,-99999.
123778,3472583,9.57694,-37.149507,7.5,-994,0.0635,-99999.,-99999.,-99999.,-99999.,-99999.,-99999.
123778,3473153,9.576513,-37.135282,8.1,-987,0.0685,-99999.,-99999.,-99999.,-99999.,-99999.,-99999.
123778,3473823,9.57681,-37.115788,8.3,-976,0.0723,-99999.,-99999.,-99999.,-99999.,-99999.,-99999.
123778,3474293,9.579477,-37.102207,8.,-968,0.0714,-99999.,-99999.,-99999.,-99999.,-99999.,-99999.
123778,3475304,9.587992,-37.074635,7.7,-1092,0.0779,-99999.,-99999.,-99999.,-99999.,-99999.,-99999.
123778,3475504,9.589858,-37.067737,7.4,-1084,0.07730000000000001,-99999.,-99999.,-99999.,-99999.,-99999.,-99999.
123778,3475803,9.592853,-37.057332,7.8,-1072,0.07640000000000001,-99999.,-99999.,-99999.,-99999.,-99999.,-99999.
123778,3476497,9.595908,-37.047862,5.7,-1061,0.0756,-99999.,-99999.,-99999.,-99999.,-99999.,-99999.
123778,3476686,9.598292,-37.043857,2.,-1056,0.0752,-99999.,-99999.,-99999.,-99999.,-99999.,-99999.
123778,3477685,9.606475,-37.027448,7.7,-1037,0.0779,-99999.,-99999.,-99999.,-99999.,-99999.,-99999.
123778,3478283,9.616453,-37.012017,7.6,-1020,0.07690000000000001,-99999.,-99999.,-99999.,-99999.,-99999.,-99999.
123778,3479024,9.634047,-36.990665,7.5,-1110,0.0738,-99999.,-99999.,-99999.,-99999.,-99999.,-99999.
123778,3479193,9.635465,-36.988848,7.4,-1108,0.0742,-99999.,-99999.,-99999.,-99999.,-99999.,-99999.
123778,3480308,9.655252,-36.964802,7.4,-1070,0.0777,-99999.,-99999.,-99999.,-99999.,-99999.,-99999.
123778,3482053,9.682545,-36.929,4.5,-1146,0.07010000000000001,-99999.,-99999.,-99999.,-99999.,-99999.,-99999.
123778,3493801,9.683658,-36.68755,8.1,-1139,0.0721,-99999.,-99999.,-99999.,-99999.,-99999.,-99999.
123778,3493802,9.683658,-36.68755,8.1,-1139,0.0721,-99999.,-99999.,-99999.,-99999.,-99999.,-99999.
123778,3493861,9.683778,-36.689817,8.,-1141,0.0721,-99999.,-99999.,-99999.,-99999.,-99999.,-99999.
123778,3493862,9.683778,-36.689817,8.,-1141,0.0721,-99999.,-99999.,-99999.,-99999.,-99999.,-99999.
123778,3493881,9.68381,-36.69057,8.,-1142,0.0721,-99999.,-99999.,-99999.,-99999.,-99999.,-99999.
123778,3493882,9.68381,-36.69057,8.,-1142,0.0721,-99999.,-99999.,-99999.,-99999.,-99999.,-99999.
123778,3493900,9.683873,-36.69128,8.,-1143,0.0722,-99999.,-99999.,-99999.,-99999.,-99999.,-99999.
123778,3493901,9.683873,-36.69128,8.,-1143,0.0722,-99999.,-99999.,-99999.,-99999.,-99999.,-99999.
123778,3493941,9.683932,-36.692812,8.,-1145,0.0722,-99999.,-99999.,-99999.,-99999.,-99999.,-99999.
123778,3493942,9.683932,-36.692812,8.,-1145,0.0722,-99999.,-99999.,-99999.,-99999.,-99999.,-99999.
123778,3494001,9.684057,-36.695077,8.,-1147,0.0722,-99999.,-99999.,-99999.,-99999.,-99999.,-99999.
123778,3494010,9.68414,-36.695393,7.8,-1147,0.0722,-99999.,-99999.,-99999.,-99999.,-99999.,-99999.
123778,3494011,9.68414,-36.695393,7.8,-1147,0.0722,-99999.,-99999.,-99999.,-99999.,-99999.,-99999.
123778,3494014,9.684197,-36.695527,7.7,-1148,0.0722,-99999.,-99999.,-99999.,-99999.,-99999.,-99999.
123778,3494015,9.684197,-36.695527,7.7,-1148,0.0722,-99999.,-99999.,-99999.,-99999.,-99999.,-99999.
123778,3494024,9.684405,-36.695862,7.6,-1148,0.0722,-99999.,-99999.,-99999.,-99999.,-99999.,-99999.
123778,3494025,9.684405,-36.695862,7.6,-1148,0.0722,-99999.,-99999.,-99999.,-99999.,-99999.,-99999.
123778,3494030,9.68454,-36.69603,7.6,-1148,0.0722,-99999.,-99999.,-99999.,-99999.,-99999.,-99999.
123778,3494031,9.68454,-36.69603,7.6,-1148,0.0722,-99999.,-99999.,-99999.,-99999.,-99999.,-99999.
123778,3494034,9.684617,-36.696107,7.5,-1148,0.0722,-99999.,-99999.,-99999.,-99999.,-99999.,-99999.
123778,3494035,9.684617,-36.696107,7.5,-1148,0.0722,-99999.,-99999.,-99999.,-99999.,-99999.,-99999.
123778,3494040,9.68478,-36.696252,7.6,-1149,0.0722,-99999.,-99999.,-99999.,-99999.,-99999.,-99999.
123778,3494070,9.685747,-36.696772,7.8,-1150,0.0722,-99999.,-99999.,-99999.,-99999.,-99999.,-99999.
123778,3494076,9.68599,-36.696855,7.8,-1150,0.0722,-99999.,-99999.,-99999.,-99999.,-99999.,-99999.
123778,3494077,9.68599,-36.696855,7.8,-1150,0.0722,-99999.,-99999.,-99999.,-99999.,-99999.,-99999.
123778,3494084,9.686207,-36.696912,7.9,-1150,0.0722,-99999.,-99999.,-99999.,-99999.,-99999.,-99999.
123778,3494088,9.686387,-36.696948,7.8,-1150,0.0722,-99999.,-99999.,-99999.,-99999.,-99999.,-99999.
123778,3494089,9.686387,-36.696948,7.8,-1150,0.0722,-99999.,-99999.,-99999.,-99999.,-99999.,-99999.
123778,3494100,9.686823,-36.697023,7.9,-1150,0.0722,-99999.,-99999.,-99999.,-99999.,-99999.,-99999.
123778,3494101,9.686823,-36.697023,7.9,-1150,0.0722,-99999.,-99999.,-99999.,-99999.,-99999.,-99999.
123778,3494128,9.68782,-36.697133,8.,-1151,0.0722,-99999.,-99999.,-99999.,-99999.,-99999.,-99999.
123778,3494160,9.68905,-36.697168,8.,-1152,0.0722,-99999.,-99999.,-99999.,-99999.,-99999.,-99999.
123778,3494161,9.68905,-36.697168,8.,-1152,0.0722,-99999.,-99999.,-99999.,-99999.,-99999.,-99999.
123778,3494190,9.690182,-36.697223,8.1,-1152,0.0722,-99999.,-99999.,-99999.,-99999.,-99999.,-99999.
123778,3494191,9.690182,-36.697223,8.1,-1152,0.0722,-99999.,-99999.,-99999.,-99999.,-99999.,-99999.
123778,3494242,9.692112,-36.697295,8.1,-1153,0.0722,-99999.,-99999.,-99999.,-99999.,-99999.,-99999.
123778,3494302,9.69439,-36.697402,8.3,-1154,0.0722,-99999.,-99999.,-99999.,-99999.,-99999.,-99999.
123778,3494312,9.694775,-36.697422,8.3,-1155,0.0722,-99999.,-99999.,-99999.,-99999.,-99999.,-99999.
123778,3494341,9.695938,-36.697458,8.3,-1155,0.0722,-99999.,-99999.,-99999.,-99999.,-99999.,-99999.
123778,3494342,9.695938,-36.697458,8.3,-1155,0.0722,-99999.,-99999.,-99999.,-99999.,-99999.,-99999.
123778,3494348,9.69617,-36.697443,8.3,-1155,0.0722,-99999.,-99999.,-99999.,-99999.,-99999.,-99999.
123778,3494382,9.69747,-36.697353,8.2,-1156,0.0722,-99999.,-99999.,-99999.,-99999.,-99999.,-99999.
123778,3499671,9.712973,-36.511187,7.8,-1108,0.0654,-99999.,-99999.,-99999.,-99999.,-99999.,-99999.
123778,3499740,9.713405,-36.508672,7.7,-1106,0.0654,-99999.,-99999.,-99999.,-99999.,-99999.,-99999.
123778,3499791,9.71369,-36.506878,7.8,-1104,0.0654,-99999.,-99999.,-99999.,-99999.,-99999.,-99999.
123778,3499810,9.713803,-36.506187,7.8,-1103,0.0654,-99999.,-99999.,-99999.,-99999.,-99999.,-99999.
123778,3499811,9.713803,-36.506187,7.8,-1103,0.0654,-99999.,-99999.,-99999.,-99999.,-99999.,-99999.
123778,3499829,9.713908,-36.50546,7.8,-1102,0.0654,-99999.,-99999.,-99999.,-99999.,-99999.,-99999.
123778,3499830,9.713908,-36.50546,7.8,-1102,0.0654,-99999.,-99999.,-99999.,-99999.,-99999.,-99999.
123778,3499931,9.71449,-36.501865,7.9,-1098,0.0654,-99999.,-99999.,-99999.,-99999.,-99999.,-99999.
123778,3503525,9.731555,-36.36951,8.,-1156,0.0674,-99999.,-99999.,-99999.,-99999.,-99999.,-99999.
123778,3505894,9.745047,-36.281442,8.,-1160,0.0698,-99999.,-99999.,-99999.,-99999.,-99999.,-99999.
123778,3507673,9.750925,-36.214747,8.,-1219,0.0718,-99999.,-99999.,-99999.,-99999.,-99999.,-99999.
123778,3508413,9.754822,-36.187262,8.2,-1230,0.0697,-99999.,-99999.,-99999.,-99999.,-99999.,-99999.
123778,3509154,9.759175,-36.159418,8.2,-1204,0.06910000000000001,-99999.,-99999.,-99999.,-99999.,-99999.,-99999.
123778,3509613,9.761058,-36.142082,8.1,-1213,0.0692,-99999.,-99999.,-99999.,-99999.,-99999.,-99999.
123778,3509863,9.761978,-36.13261,8.,-1218,0.0693,-99999.,-99999.,-99999.,-99999.,-99999.,-99999.
123778,3510183,9.763137,-36.120742,8.1,-1224,0.0689,-99999.,-99999.,-99999.,-99999.,-99999.,-99999.
123778,3510954,9.766095,-36.092403,7.8,-1240,0.0683,-99999.,-99999.,-99999.,-99999.,-99999.,-99999.
123778,3511244,9.766922,-36.081925,7.6,-1200,0.06910000000000001,-99999.,-99999.,-99999.,-99999.,-99999.,-99999.
123778,3511293,9.767067,-36.080178,7.6,-1201,0.06910000000000001,-99999.,-99999.,-99999.,-99999.,-99999.,-99999.
123778,3512083,9.76964,-36.05157,7.7,-1216,0.0682,-99999.,-99999.,-99999.,-99999.,-99999.,-99999.
123778,3512423,9.770712,-36.039207,7.9,-1223,0.0703,-99999.,-99999.,-99999.,-99999.,-99999.,-99999.
123778,3512684,9.771855,-36.029535,8.,-1228,0.0699,-99999.,-99999.,-99999.,-99999.,-99999.,-99999.
123778,3513584,9.776245,-35.996623,8.,-1200,0.07150000000000001,-99999.,-99999.,-99999.,-99999.,-99999.,-99999.
123778,3513864,9.777748,-35.986168,8.2,-1204,0.0711,-99999.,-99999.,-99999.,-99999.,-99999.,-99999.
123778,3514124,9.779372,-35.976397,8.1,-1208,0.0707,-99999.,-99999.,-99999.,-99999.,-99999.,-99999.
123778,3514774,9.783732,-35.952052,8.1,-1218,0.0724,-99999.,-99999.,-99999.,-99999.,-99999.,-99999.
123778,3515062,9.785565,-35.941478,7.9,-1222,0.0716,-99999.,-99999.,-99999.,-99999.,-99999.,-99999.
123778,3515274,9.786898,-35.933872,7.9,-1225,0.0711,-99999.,-99999.,-99999.,-99999.,-99999.,-99999.
123778,3515952,9.789982,-35.908597,8.2,-1207,0.0738,36.800000000000004,0.15,26.3,47.300000000000004,-0.03,0.08
123778,3516503,9.792872,-35.887595,8.,-1211,0.0762,36.800000000000004,0.15,26.3,46.900000000000006,-0.03,0.09
123778,3517263,9.797337,-35.859808,7.6,-1217,0.07,36.800000000000004,0.15,26.3,46.2,-0.04,0.09
123778,3518400,9.803635,-35.830103,1.9,-1207,0.0656,36.800000000000004,0.15,26.3,46.800000000000004,-0.04,0.11
123778,3519879,9.810013,-35.828313,0.8,-1209,0.0663,36.800000000000004,0.15,26.3,46.2,-0.05,0.12
123778,3537882,9.8277,-35.850072,0.3,-1218,0.0752,36.800000000000004,0.15,26.400000000000002,42.800000000000004,-0.04,0.13
123778,3537902,9.827715,-35.850077,0.2,-1218,0.0752,36.800000000000004,0.15,26.400000000000002,42.800000000000004,-0.04,0.13
123778,3537942,9.827748,-35.850082,0.2,-1218,0.0752,36.800000000000004,0.15,26.400000000000002,42.800000000000004,-0.04,0.13
123778,3537962,9.827758,-35.850088,0.2,-1218,0.0752,36.800000000000004,0.15,26.400000000000002,42.800000000000004,-0.04,0.13
123778,3537982,9.82777,-35.850098,0.2,-1218,0.0752,36.800000000000004,0.15,26.400000000000002,42.800000000000004,-0.04,0.13
123778,3538002,9.82778,-35.850107,0.1,-1218,0.0752,36.800000000000004,0.15,26.400000000000002,42.800000000000004,-0.04,0.13
123778,3538022,9.827787,-35.850118,0.1,-1218,0.0752,36.800000000000004,0.15,26.400000000000002,42.800000000000004,-0.04,0.13
123778,3538082,9.82782,-35.85015,0.2,-1218,0.0752,36.800000000000004,0.15,26.400000000000002,42.800000000000004,-0.04,0.13
123778,3538113,9.827825,-35.850168,0.2,-1218,0.0752,36.800000000000004,0.15,26.400000000000002,42.800000000000004,-0.04,0.13
123778,3538142,9.827825,-35.850183,0.,-1218,0.0752,36.800000000000004,0.15,26.400000000000002,42.800000000000004,-0.04,0.13
123778,3538193,9.827823,-35.850212,0.2,-1218,0.0752,36.800000000000004,0.15,26.400000000000002,42.800000000000004,-0.04,0.13
123778,3538262,9.827832,-35.850237,0.,-1218,0.0752,36.800000000000004,0.15,26.400000000000002,42.800000000000004,-0.04,0.13
123778,3543473,9.828622,-35.853768,0.4,-1217,0.0752,36.800000000000004,0.15,26.400000000000002,43.,-0.04,0.13
123778,3543632,9.82856,-35.854005,0.3,-1217,0.0752,36.800000000000004,0.15,26.400000000000002,43.,-0.04,0.13
123778,3543633,9.82856,-35.854005,0.3,-1217,0.0752,36.800000000000004,0.15,26.400000000000002,43.,-0.04,0.13
123778,3543722,9.828513,-35.854165,0.3,-1217,0.0752,36.800000000000004,0.15,26.400000000000002,43.,-0.04,0.13
123778,3543743,9.828498,-35.854205,0.5,-1217,0.0752,36.800000000000004,0.15,26.400000000000002,43.,-0.04,0.13
123778,3543752,9.828492,-35.854222,0.4,-1217,0.0752,36.800000000000004,0.15,26.400000000000002,43.,-0.04,0.13
123778,3543782,9.828478,-35.854285,0.4,-1217,0.0752,36.800000000000004,0.15,26.400000000000002,43.,-0.04,0.13
123778,3543802,9.828457,-35.854332,0.5,-1217,0.0751,36.800000000000004,0.15,26.400000000000002,43.,-0.04,0.13
123778,3543803,9.828457,-35.854332,0.5,-1217,0.0751,36.800000000000004,0.15,26.400000000000002,43.,-0.04,0.13
123778,3543812,9.828445,-35.854352,0.6,-1217,0.0751,36.800000000000004,0.15,26.400000000000002,43.,-0.04,0.13
123778,3543842,9.828405,-35.85442,0.6,-1217,0.0751,36.800000000000004,0.15,26.400000000000002,43.,-0.04,0.13
123778,3543862,9.828377,-35.85447,0.6,-1217,0.0751,36.800000000000004,0.15,26.400000000000002,43.,-0.04,0.13
123778,3543863,9.828377,-35.85447,0.6,-1217,0.0751,36.800000000000004,0.15,26.400000000000002,43.,-0.04,0.13
123778,3543872,9.828367,-35.854493,0.5,-1217,0.0751,36.800000000000004,0.15,26.400000000000002,43.1,-0.04,0.13
123778,3543902,9.828325,-35.854562,0.6,-1217,0.0751,36.800000000000004,0.15,26.400000000000002,43.1,-0.04,0.13
123778,3543911,9.828312,-35.85458,0.5,-1217,0.0751,36.800000000000004,0.15,26.400000000000002,43.1,-0.04,0.13
123778,3543912,9.828312,-35.85458,0.5,-1217,0.0751,36.800000000000004,0.15,26.400000000000002,43.1,-0.04,0.13
123778,3543962,9.828265,-35.854672,0.4,-1217,0.0751,36.800000000000004,0.15,26.400000000000002,43.1,-0.04,0.13
123778,3543971,9.828257,-35.854692,0.4,-1217,0.0751,36.800000000000004,0.15,26.400000000000002,43.1,-0.04,0.13
123778,3544003,9.828235,-35.854748,0.4,-1217,0.0751,36.800000000000004,0.15,26.400000000000002,43.1,-0.04,0.13
123778,3544043,9.828215,-35.85482,0.4,-1217,0.0751,36.800000000000004,0.15,26.400000000000002,43.1,-0.04,0.13
123778,3544093,9.82821,-35.854912,0.4,-1217,0.0751,36.800000000000004,0.15,26.400000000000002,43.1,-0.04,0.13
123778,3544102,9.828212,-35.85493,0.4,-1217,0.0751,36.800000000000004,0.15,26.400000000000002,43.1,-0.04,0.13
123778,3545523,9.8275,-35.85671,0.3,-1216,0.07490000000000001,36.800000000000004,0.15,26.400000000000002,43.300000000000004,-0.04,0.12
123778,3551063,9.799893,-35.92895,8.4,-1230,0.07400000000000001,-99999.,-99999.,-99999.,-99999.,-99999.,-99999.
123778,3552213,9.794692,-35.963608,7.7,-1214,0.0721,-99999.,-99999.,-99999.,-99999.,-99999.,-99999.
123778,3552422,9.793077,-35.971008,6.,-1211,0.0721,-99999.,-99999.,-99999.,-99999.,-99999.,-99999.
123778,3553345,9.790105,-35.99614,1.7,-1201,0.0712,-99999.,-99999.,-99999.,-99999.,-99999.,-99999.
123778,3554575,9.784987,-36.030903,7.7,-1228,0.0694,-99999.,-99999.,-99999.,-99999.,-99999.,-99999.
123778,3554915,9.78251,-36.039142,5.9,-1223,0.0697,-99999.,-99999.,-99999.,-99999.,-99999.,-99999.
123778,3555771,9.775413,-36.057503,7.7,-1213,0.0683,-99999.,-99999.,-99999.,-99999.,-99999.,-99999.
123778,3556180,9.771945,-36.066985,7.,-1208,0.06860000000000001,-99999.,-99999.,-99999.,-99999.,-99999.,-99999.
123778,3556990,9.762778,-36.085908,7.7,-1243,0.06810000000000001,-99999.,-99999.,-99999.,-99999.,-99999.,-99999.
123778,3557391,9.757542,-36.095312,6.5,-1238,0.0682,-99999.,-99999.,-99999.,-99999.,-99999.,-99999.
123778,3558289,9.74602,-36.113895,4.6,-1213,0.06910000000000001,-99999.,-99999.,-99999.,-99999.,-99999.,-99999.
123778,3558690,9.739897,-36.121867,8.3,-1219,0.06860000000000001,-99999.,-99999.,-99999.,-99999.,-99999.,-99999.
123778,3559540,9.733173,-36.129805,2.3,-1225,0.0719,-99999.,-99999.,-99999.,-99999.,-99999.,-99999.
123778,3559861,9.727135,-36.1395,8.,-1231,0.07100000000000001,-99999.,-99999.,-99999.,-99999.,-99999.,-99999.
123778,3560683,9.719073,-36.15668,4.8,-1240,0.0697,-99999.,-99999.,-99999.,-99999.,-99999.,-99999.
123778,3561126,9.711293,-36.169297,2.2,-1172,0.0732,-99999.,-99999.,-99999.,-99999.,-99999.,-99999.
123778,3561937,9.702557,-36.193285,2.2,-1185,0.0729,-99999.,-99999.,-99999.,-99999.,-99999.,-99999.
123778,3561967,9.702478,-36.193858,4.8,-1185,0.07300000000000001,-99999.,-99999.,-99999.,-99999.,-99999.,-99999.
123778,3563236,9.693182,-36.226045,2.1,-1206,0.0711,-99999.,-99999.,-99999.,-99999.,-99999.,-99999.
123778,3563774,9.689112,-36.239958,7.7,-1216,0.0728,-99999.,-99999.,-99999.,-99999.,-99999.,-99999.
123778,3564577,9.68639,-36.256588,2.3,-1150,0.0692,-99999.,-99999.,-99999.,-99999.,-99999.,-99999.
123778,3565876,9.684342,-36.280117,2.6,-1155,0.0699,-99999.,-99999.,-99999.,-99999.,-99999.,-99999.
123778,3567260,9.688045,-36.311992,2.5,-1161,0.06760000000000001,-99999.,-99999.,-99999.,-99999.,-99999.,-99999.
123778,3568548,9.691923,-36.342642,7.9,-1139,0.0673,-99999.,-99999.,-99999.,-99999.,-99999.,-99999.
123778,3582272,9.81893,-36.588985,7.8,-1196,0.07490000000000001,-99999.,-99999.,-99999.,-99999.,-99999.,-99999.
123778,3582273,9.81893,-36.588985,7.8,-1196,0.07490000000000001,-99999.,-99999.,-99999.,-99999.,-99999.,-99999.
123778,3582310,9.820307,-36.589412,8.,-1196,0.0751,-99999.,-99999.,-99999.,-99999.,-99999.,-99999.
123778,3582311,9.820307,-36.589412,8.,-1196,0.0751,-99999.,-99999.,-99999.,-99999.,-99999.,-99999.
123778,3582321,9.820653,-36.589518,7.9,-1196,0.0751,-99999.,-99999.,-99999.,-99999.,-99999.,-99999.
123778,3582423,9.8242,-36.590605,7.9,-1198,0.0756,-99999.,-99999.,-99999.,-99999.,-99999.,-99999.
123778,3582442,9.824908,-36.590808,7.9,-1198,0.0757,-99999.,-99999.,-99999.,-99999.,-99999.,-99999.
123778,3582443,9.824908,-36.590808,7.9,-1198,0.0757,-99999.,-99999.,-99999.,-99999.,-99999.,-99999.
123778,3582451,9.825225,-36.590915,7.9,-1198,0.0757,-99999.,-99999.,-99999.,-99999.,-99999.,-99999.
123778,3582471,9.82595,-36.591182,7.8,-1198,0.0758,-99999.,-99999.,-99999.,-99999.,-99999.,-99999.
123778,3582472,9.82595,-36.591182,7.8,-1198,0.0758,-99999.,-99999.,-99999.,-99999.,-99999.,-99999.
123778,3582591,9.830205,-36.592488,8.1,-1200,0.07640000000000001,-99999.,-99999.,-99999.,-99999.,-99999.,-99999.
123778,3582592,9.830205,-36.592488,8.1,-1200,0.07640000000000001,-99999.,-99999.,-99999.,-99999.,-99999.,-99999.
123778,3582631,9.831623,-36.592947,7.9,-1200,0.0766,-99999.,-99999.,-99999.,-99999.,-99999.,-99999.
123778,3582711,9.834485,-36.593757,8.,-1231,0.0721,-99999.,-99999.,-99999.,-99999.,-99999.,-99999.
123778,3582712,9.834485,-36.593757,8.,-1231,0.0721,-99999.,-99999.,-99999.,-99999.,-99999.,-99999.
123778,3582772,9.836612,-36.594427,8.1,-1231,0.0724,-99999.,-99999.,-99999.,-99999.,-99999.,-99999.
123778,3582801,9.83763,-36.594748,7.9,-1230,0.07250000000000001,-99999.,-99999.,-99999.,-99999.,-99999.,-99999.
123778,3582901,9.841238,-36.595885,8.,-1229,0.07300000000000001,-99999.,-99999.,-99999.,-99999.,-99999.,-99999.
123778,3591753,9.86246,-36.884185,7.8,-1209,0.0704,-99999.,-99999.,-99999.,-99999.,-99999.,-99999.
123778,3592452,9.860957,-36.89106,0.3,-1205,0.0699,-99999.,-99999.,-99999.,-99999.,-99999.,-99999.
123778,3593912,9.854325,-36.931823,8.3,-1209,0.0687,-99999.,-99999.,-99999.,-99999.,-99999.,-99999.
123778,3594392,9.851598,-36.950223,8.3,-1200,0.0689,-99999.,-99999.,-99999.,-99999.,-99999.,-99999.
123778,3595643,9.845132,-36.997488,8.2,-1172,0.069,-99999.,-99999.,-99999.,-99999.,-99999.,-99999.
123778,3596423,9.84105,-37.027477,8.5,-1167,0.0659,-99999.,-99999.,-99999.,-99999.,-99999.,-99999.
123778,3596584,9.84036,-37.033845,8.4,-1165,0.0655,-99999.,-99999.,-99999.,-99999.,-99999.,-99999.
123778,3596963,9.838712,-37.048857,8.6,-1160,0.0692,-99999.,-99999.,-99999.,-99999.,-99999.,-99999.
123778,3597593,9.83596,-37.07337,8.7,-1151,0.0631,-99999.,-99999.,-99999.,-99999.,-99999.,-99999.
123778,3598082,9.833412,-37.092553,8.3,-1156,0.068,-99999.,-99999.,-99999.,-99999.,-99999.,-99999.
123778,3598824,9.829715,-37.12145,8.4,-1146,0.0694,-99999.,-99999.,-99999.,-99999.,-99999.,-99999.
123778,3599363,9.827028,-37.142552,8.5,-1146,0.06910000000000001,-99999.,-99999.,-99999.,-99999.,-99999.,-99999.
123778,3600114,9.823952,-37.17187,8.5,-1117,0.0675,-99999.,-99999.,-99999.,-99999.,-99999.,-99999.
123778,3600653,9.821705,-37.192885,8.5,-1124,0.06720000000000001,-99999.,-99999.,-99999.,-99999.,-99999.,-99999.
123778,3601434,9.817523,-37.2239,8.6,-1135,0.0687,-99999.,-99999.,-99999.,-99999.,-99999.,-99999.
123778,3601904,9.814488,-37.242455,8.5,-1141,0.07060000000000001,-99999.,-99999.,-99999.,-99999.,-99999.,-99999.
123778,3602893,9.809823,-37.281928,8.6,-1115,0.0711,-99999.,-99999.,-99999.,-99999.,-99999.,-99999.
123778,3604002,9.806125,-37.32578,8.3,-1138,0.0665,-99999.,-99999.,-99999.,-99999.,-99999.,-99999.
123778,3604453,9.804978,-37.343275,8.4,-1100,0.0655,-99999.,-99999.,-99999.,-99999.,-99999.,-99999.
123778,3605272,9.801567,-37.376025,8.6,-1119,0.0692,-99999.,-99999.,-99999.,-99999.,-99999.,-99999.
123778,3626102,9.864385,-36.876337,5.4,-1213,0.0708,-99999.,-99999.,-99999.,-99999.,-99999.,-99999.
123778,3626103,9.864385,-36.876337,5.4,-1213,0.0708,-99999.,-99999.,-99999.,-99999.,-99999.,-99999.
123778,3626121,9.864362,-36.875858,5.4,-1213,0.0709,-99999.,-99999.,-99999.,-99999.,-99999.,-99999.
123778,3626122,9.864362,-36.875858,5.4,-1213,0.0709,-99999.,-99999.,-99999.,-99999.,-99999.,-99999.
123778,3626152,9.86437,-36.875103,5.2,-1214,0.0709,-99999.,-99999.,-99999.,-99999.,-99999.,-99999.
123778,3626181,9.864375,-36.874397,5.1,-1214,0.0682,-99999.,-99999.,-99999.,-99999.,-99999.,-99999.
123778,3626182,9.864375,-36.874397,5.1,-1214,0.0682,-99999.,-99999.,-99999.,-99999.,-99999.,-99999.
123778,3626192,9.864385,-36.874155,5.1,-1214,0.0683,-99999.,-99999.,-99999.,-99999.,-99999.,-99999.
123778,3626281,9.864358,-36.871923,5.4,-1215,0.0685,-99999.,-99999.,-99999.,-99999.,-99999.,-99999.
123778,3626282,9.864358,-36.871923,5.4,-1215,0.0685,-99999.,-99999.,-99999.,-99999.,-99999.,-99999.
123778,3626323,9.864368,-36.870872,5.3,-1216,0.0687,-99999.,-99999.,-99999.,-99999.,-99999.,-99999.
123778,3626412,9.86441,-36.868658,5.3,-1217,0.0689,-99999.,-99999.,-99999.,-99999.,-99999.,-99999.
123778,3626431,9.864407,-36.868188,5.3,-1218,0.069,-99999.,-99999.,-99999.,-99999.,-99999.,-99999.
123778,3626432,9.864407,-36.868188,5.3,-1218,0.069,-99999.,-99999.,-99999.,-99999.,-99999.,-99999.
123778,3626441,9.864407,-36.86794,5.2,-1218,0.069,-99999.,-99999.,-99999.,-99999.,-99999.,-99999.
123778,3626442,9.864407,-36.86794,5.2,-1218,0.069,-99999.,-99999.,-99999.,-99999.,-99999.,-99999.
123778,3626502,9.864413,-36.866448,5.2,-1219,0.0692,-99999.,-99999.,-99999.,-99999.,-99999.,-99999.
123778,3626522,9.864437,-36.86594,5.1,-1219,0.0692,-99999.,-99999.,-99999.,-99999.,-99999.,-99999.
123778,3626611,9.864495,-36.863828,5.2,-1220,0.0695,-99999.,-99999.,-99999.,-99999.,-99999.,-99999.
123778,3626612,9.864495,-36.863828,5.2,-1220,0.0695,-99999.,-99999.,-99999.,-99999.,-99999.,-99999.
123778,3626652,9.864503,-36.862823,5.4,-1221,0.06960000000000001,-99999.,-99999.,-99999.,-99999.,-99999.,-99999.
123778,3632359,9.870115,-36.721075,5.3,-1184,0.0736,-99999.,-99999.,-99999.,-99999.,-99999.,-99999.
123778,3632368,9.870147,-36.720852,5.4,-1184,0.0736,-99999.,-99999.,-99999.,-99999.,-99999.,-99999.
123778,3634455,9.873272,-36.669472,4.4,-1239,0.0746,-99999.,-99999.,-99999.,-99999.,-99999.,-99999.
123778,3637770,9.850565,-36.715635,7.1,-1190,0.0742,-99999.,-99999.,-99999.,-99999.,-99999.,-99999.
123778,3638931,9.848292,-36.748088,8.1,-1155,0.07490000000000001,-99999.,-99999.,-99999.,-99999.,-99999.,-99999.
123778,3640443,9.847472,-36.788927,7.3,-1204,0.0717,-99999.,-99999.,-99999.,-99999.,-99999.,-99999.
123778,3641403,9.848683,-36.810562,7.7,-1183,0.07060000000000001,-99999.,-99999.,-99999.,-99999.,-99999.,-99999.
123778,3641792,9.848897,-36.821082,3.1,-1173,0.0698,-99999.,-99999.,-99999.,-99999.,-99999.,-99999.
123778,3642692,9.849153,-36.833502,8.,-1240,0.0722,-99999.,-99999.,-99999.,-99999.,-99999.,-99999.
123778,3643027,9.848577,-36.841913,3.2,-1235,0.07150000000000001,-99999.,-99999.,-99999.,-99999.,-99999.,-99999.
123778,3643765,9.849697,-36.86196,8.3,-1224,0.07,-99999.,-99999.,-99999.,-99999.,-99999.,-99999.
123778,3644115,9.850568,-36.871298,8.1,-1218,0.0692,-99999.,-99999.,-99999.,-99999.,-99999.,-99999.
123778,3644986,9.855175,-36.897358,7.6,-1203,0.06960000000000001,-99999.,-99999.,-99999.,-99999.,-99999.,-99999.
123778,3645487,9.85806,-36.911925,8.,-1193,0.0682,-99999.,-99999.,-99999.,-99999.,-99999.,-99999.
123778,3646220,9.860755,-36.93528,7.7,-1204,0.0687,-99999.,-99999.,-99999.,-99999.,-99999.,-99999.
123778,3646683,9.862217,-36.945412,2.4,-1197,0.06910000000000001,-99999.,-99999.,-99999.,-99999.,-99999.,-99999.
123778,3647595,9.859905,-36.96854,8.2,-1185,0.0671,-99999.,-99999.,-99999.,-99999.,-99999.,-99999.
123778,3647859,9.858185,-36.974278,8.,-1182,0.0673,-99999.,-99999.,-99999.,-99999.,-99999.,-99999.
123778,3648913,9.848808,-37.000718,8.6,-1175,0.0685,-99999.,-99999.,-99999.,-99999.,-99999.,-99999.
123778,3649367,9.845588,-37.01441,2.2,-1171,0.0669,-99999.,-99999.,-99999.,-99999.,-99999.,-99999.
123778,3650108,9.8411,-37.032548,6.6,-1165,0.0655,-99999.,-99999.,-99999.,-99999.,-99999.,-99999.
123778,3650643,9.838053,-37.045242,7.6,-1161,0.07010000000000001,-99999.,-99999.,-99999.,-99999.,-99999.,-99999.
123778,3651437,9.835338,-37.066538,1.8,-1154,0.0648,-99999.,-99999.,-99999.,-99999.,-99999.,-99999.
123778,3651942,9.835407,-37.074062,6.9,-1151,0.0629,-99999.,-99999.,-99999.,-99999.,-99999.,-99999.
123778,3652803,9.834517,-37.097532,8.,-1156,0.0673,-99999.,-99999.,-99999.,-99999.,-99999.,-99999.
123778,3665111,9.77993,-37.418278,6.7,-1095,0.0459,-99999.,-99999.,-99999.,-99999.,-99999.,-99999.
123778,3665112,9.77993,-37.418278,6.7,-1095,0.0459,-99999.,-99999.,-99999.,-99999.,-99999.,-99999.
123778,3670632,9.77784,-37.557637,8.2,-1127,0.046900000000000004,-99999.,-99999.,-99999.,-99999.,-99999.,-99999.
123778,3670638,9.777782,-37.557897,8.1,-1127,0.046900000000000004,-99999.,-99999.,-99999.,-99999.,-99999.,-99999.
123778,3670639,9.777782,-37.557897,8.1,-1127,0.046900000000000004,-99999.,-99999.,-99999.,-99999.,-99999.,-99999.
123778,3670652,9.777632,-37.558403,8.1,-1127,0.047,-99999.,-99999.,-99999.,-99999.,-99999.,-99999.
123778,3670653,9.777632,-37.558403,8.1,-1127,0.047,-99999.,-99999.,-99999.,-99999.,-99999.,-99999.
123778,3670654,9.777612,-37.558477,8.1,-1127,0.047,-99999.,-99999.,-99999.,-99999.,-99999.,-99999.
123778,3670655,9.777612,-37.558477,8.1,-1127,0.047,-99999.,-99999.,-99999.,-99999.,-99999.,-99999.
123778,3670678,9.777418,-37.559322,8.1,-1128,0.0471,-99999.,-99999.,-99999.,-99999.,-99999.,-99999.
123778,3670679,9.777418,-37.559322,8.1,-1128,0.0471,-99999.,-99999.,-99999.,-99999.,-99999.,-99999.
123778,3670681,9.77739,-37.559433,8.1,-1128,0.0471,-99999.,-99999.,-99999.,-99999.,-99999.,-99999.
123778,3670682,9.77739,-37.559433,8.1,-1128,0.0471,-99999.,-99999.,-99999.,-99999.,-99999.,-99999.
123778,3670692,9.777297,-37.55984,8.,-1128,0.0471,-99999.,-99999.,-99999.,-99999.,-99999.,-99999.
123778,3670693,9.777297,-37.55984,8.,-1128,0.0471,-99999.,-99999.,-99999.,-99999.,-99999.,-99999.
123778,3670701,9.777203,-37.560208,8.1,-1128,0.0472,-99999.,-99999.,-99999.,-99999.,-99999.,-99999.
123778,3670702,9.777203,-37.560208,8.1,-1128,0.0472,-99999.,-99999.,-99999.,-99999.,-99999.,-99999.
123778,3670712,9.777113,-37.560613,8.1,-1128,0.0472,-99999.,-99999.,-99999.,-99999.,-99999.,-99999.
123778,3670713,9.777113,-37.560613,8.1,-1128,0.0472,-99999.,-99999.,-99999.,-99999.,-99999.,-99999.
123778,3670722,9.777043,-37.560947,8.1,-1129,0.0473,-99999.,-99999.,-99999.,-99999.,-99999.,-99999.
123778,3670723,9.777043,-37.560947,8.1,-1129,0.0473,-99999.,-99999.,-99999.,-99999.,-99999.,-99999.
123778,3670732,9.776983,-37.561325,8.2,-1129,0.0473,-99999.,-99999.,-99999.,-99999.,-99999.,-99999.
123778,3670733,9.776983,-37.561325,8.2,-1129,0.0473,-99999.,-99999.,-99999.,-99999.,-99999.,-99999.
123778,3670741,9.776932,-37.56167,8.2,-1129,0.0473,-99999.,-99999.,-99999.,-99999.,-99999.,-99999.
123778,3670742,9.776932,-37.56167,8.2,-1129,0.0473,-99999.,-99999.,-99999.,-99999.,-99999.,-99999.
123778,3670761,9.776827,-37.562477,8.2,-1129,0.047400000000000005,-99999.,-99999.,-99999.,-99999.,-99999.,-99999.
123778,3670762,9.776827,-37.562477,8.2,-1129,0.047400000000000005,-99999.,-99999.,-99999.,-99999.,-99999.,-99999.
123778,3670772,9.776763,-37.562895,8.2,-1130,0.0475,-99999.,-99999.,-99999.,-99999.,-99999.,-99999.
123778,3670773,9.776763,-37.562895,8.2,-1130,0.0475,-99999.,-99999.,-99999.,-99999.,-99999.,-99999.
123778,3670801,9.776575,-37.563948,8.2,-1130,0.0476,-99999.,-99999.,-99999.,-99999.,-99999.,-99999.
123778,3670802,9.776575,-37.563948,8.2,-1130,0.0476,-99999.,-99999.,-99999.,-99999.,-99999.,-99999.
123778,3670812,9.776502,-37.564365,8.2,-1130,0.0476,-99999.,-99999.,-99999.,-99999.,-99999.,-99999.
123778,3670813,9.776502,-37.564365,8.2,-1130,0.0476,-99999.,-99999.,-99999.,-99999.,-99999.,-99999.
123778,3670821,9.776445,-37.564747,8.3,-1131,0.0476,-99999.,-99999.,-99999.,-99999.,-99999.,-99999.
123778,3670861,9.776235,-37.566235,8.2,-1132,0.0478,-99999.,-99999.,-99999.,-99999.,-99999.,-99999.
123778,3670914,9.775807,-37.568157,7.8,-1133,0.048,-99999.,-99999.,-99999.,-99999.,-99999.,-99999.
123778,3670915,9.775807,-37.568157,7.8,-1133,0.048,-99999.,-99999.,-99999.,-99999.,-99999.,-99999.
123778,3670929,9.775743,-37.568672,7.9,-1133,0.048100000000000004,-99999.,-99999.,-99999.,-99999.,-99999.,-99999.
123778,3670983,9.77539,-37.570667,8.1,-1134,0.0483,-99999.,-99999.,-99999.,-99999.,-99999.,-99999.
123778,3671012,9.775165,-37.571833,7.8,-1135,0.048400000000000006,-99999.,-99999.,-99999.,-99999.,-99999.,-99999.
123778,3671013,9.775165,-37.571833,7.8,-1135,0.048400000000000006,-99999.,-99999.,-99999.,-99999.,-99999.,-99999.
123778,3671022,9.77509,-37.572152,7.7,-1135,0.048400000000000006,-99999.,-99999.,-99999.,-99999.,-99999.,-99999.
123778,3671073,9.774813,-37.574028,8.,-1136,0.048600000000000004,-99999.,-99999.,-99999.,-99999.,-99999.,-99999.
123778,3671082,9.774767,-37.574363,8.,-1136,0.048600000000000004,-99999.,-99999.,-99999.,-99999.,-99999.,-99999.
123778,3671173,9.774162,-37.577677,7.8,-1138,0.049,-99999.,-99999.,-99999.,-99999.,-99999.,-99999.
123778,3671212,9.773995,-37.579127,7.9,-1139,0.049100000000000005,-99999.,-99999.,-99999.,-99999.,-99999.,-99999.
123778,3675873,9.742123,-37.76294,8.6,-1021,0.046700000000000005,-99999.,-99999.,-99999.,-99999.,-99999.,-99999.
123778,3677170,9.735315,-37.81428,8.3,-1073,0.0519,-99999.,-99999.,-99999.,-99999.,-99999.,-99999.
123778,3678233,9.730058,-37.856083,8.3,-1028,0.0575,-99999.,-99999.,-99999.,-99999.,-99999.,-99999.
123778,3678564,9.728527,-37.869282,8.7,-1040,0.0604,-99999.,-99999.,-99999.,-99999.,-99999.,-99999.
123778,3678834,9.727323,-37.880155,8.5,-1050,0.059300000000000005,-99999.,-99999.,-99999.,-99999.,-99999.,-99999.
123778,3679530,9.724193,-37.907575,8.5,-1075,0.063,-99999.,-99999.,-99999.,-99999.,-99999.,-99999.
123778,3679723,9.723115,-37.915143,8.6,-1082,0.064,-99999.,-99999.,-99999.,-99999.,-99999.,-99999.
123778,3680023,9.721723,-37.927188,8.6,-1008,0.0582,-99999.,-99999.,-99999.,-99999.,-99999.,-99999.
123778,3680653,9.719702,-37.95205,8.3,-1017,0.061200000000000004,-99999.,-99999.,-99999.,-99999.,-99999.,-99999.
123778,3680894,9.718742,-37.961478,8.5,-1020,0.055600000000000004,-99999.,-99999.,-99999.,-99999.,-99999.,-99999.
123778,3681173,9.717553,-37.972428,8.7,-1025,0.056,-99999.,-99999.,-99999.,-99999.,-99999.,-99999.
123778,3681234,9.71728,-37.974863,8.6,-1026,0.056100000000000004,-99999.,-99999.,-99999.,-99999.,-99999.,-99999.
123778,3681903,9.714393,-38.001138,8.4,-951,0.0562,-99999.,-99999.,-99999.,-99999.,-99999.,-99999.
123778,3682384,9.711515,-38.020297,8.8,-960,0.056,-99999.,-99999.,-99999.,-99999.,-99999.,-99999.
123778,3683371,9.70639,-38.059902,8.4,-977,0.0565,-99999.,-99999.,-99999.,-99999.,-99999.,-99999.
123778,3683513,9.705687,-38.065568,8.7,-979,0.056900000000000006,-99999.,-99999.,-99999.,-99999.,-99999.,-99999.
123778,3683873,9.703838,-38.07989,8.8,-984,0.057800000000000004,-99999.,-99999.,-99999.,-99999.,-99999.,-99999.
123778,3684433,9.701068,-38.102485,8.6,-921,0.057300000000000004,-99999.,-99999.,-99999.,-99999.,-99999.,-99999.
123778,3684933,9.698665,-38.122387,8.5,-927,0.0572,-99999.,-99999.,-99999.,-99999.,-99999.,-99999.
123778,3685839,9.69459,-38.158218,8.,-940,0.058600000000000006,-99999.,-99999.,-99999.,-99999.,-99999.,-99999.
123778,3686982,9.688525,-38.202983,8.2,-922,0.058800000000000005,-99999.,-99999.,-99999.,-99999.,-99999.,-99999.
123778,3688244,9.681508,-38.243922,3.3,-922,0.0591,-99999.,-99999.,-99999.,-99999.,-99999.,-99999.
123778,3689557,9.71549,-38.244825,2.,-944,0.059500000000000004,-99999.,-99999.,-99999.,-99999.,-99999.,-99999.
123778,3708992,9.651628,-38.35844,1.2,-894,0.062200000000000005,-99999.,-99999.,-99999.,-99999.,-99999.,-99999.
123778,3709150,9.651518,-38.359317,1.1,-894,0.062400000000000004,-99999.,-99999.,-99999.,-99999.,-99999.,-99999.
123778,3709161,9.65151,-38.35937,1.1,-894,0.062400000000000004,-99999.,-99999.,-99999.,-99999.,-99999.,-99999.
123778,3709172,9.651502,-38.359432,1.3,-894,0.062400000000000004,-99999.,-99999.,-99999.,-99999.,-99999.,-99999.
123778,3709232,9.651432,-38.359772,1.2,-894,0.0625,-99999.,-99999.,-99999.,-99999.,-99999.,-99999.
123778,3709242,9.65142,-38.359833,1.2,-894,0.0625,-99999.,-99999.,-99999.,-99999.,-99999.,-99999.
123778,3709243,9.65142,-38.359833,1.2,-894,0.0625,-99999.,-99999.,-99999.,-99999.,-99999.,-99999.
123778,3709263,9.6514,-38.359948,1.2,-894,0.0625,-99999.,-99999.,-99999.,-99999.,-99999.,-99999.
123778,3714401,9.643145,-38.386412,1.2,-895,0.059800000000000006,-99999.,-99999.,-99999.,-99999.,-99999.,-99999.
123778,3714402,9.643145,-38.386412,1.2,-895,0.059800000000000006,-99999.,-99999.,-99999.,-99999.,-99999.,-99999.
123778,3714440,9.643077,-38.386643,1.2,-895,0.0599,-99999.,-99999.,-99999.,-99999.,-99999.,-99999.
123778,3714441,9.643077,-38.386643,1.2,-895,0.0599,-99999.,-99999.,-99999.,-99999.,-99999.,-99999.
123778,3714501,9.642977,-38.386985,1.3,-895,0.0599,-99999.,-99999.,-99999.,-99999.,-99999.,-99999.
123778,3714513,9.642958,-38.387058,1.2,-895,0.0599,-99999.,-99999.,-99999.,-99999.,-99999.,-99999.
123778,3714772,9.642233,-38.388495,1.4,-895,0.060200000000000004,-99999.,-99999.,-99999.,-99999.,-99999.,-99999.
123778,3714782,9.642205,-38.388543,1.4,-895,0.060200000000000004,-99999.,-99999.,-99999.,-99999.,-99999.,-99999.
123778,3714793,9.642173,-38.388603,1.3,-895,0.060200000000000004,-99999.,-99999.,-99999.,-99999.,-99999.,-99999.
123778,3714832,9.642062,-38.388828,1.4,-895,0.0603,-99999.,-99999.,-99999.,-99999.,-99999.,-99999.
123778,3714853,9.642003,-38.38894,1.4,-895,0.0603,-99999.,-99999.,-99999.,-99999.,-99999.,-99999.
123778,3714854,9.642003,-38.38894,1.4,-895,0.0603,-99999.,-99999.,-99999.,-99999.,-99999.,-99999.
123778,3714855,9.641997,-38.388953,1.4,-895,0.0603,-99999.,-99999.,-99999.,-99999.,-99999.,-99999.
123778,3714882,9.641932,-38.389093,1.3,-895,0.0603,-99999.,-99999.,-99999.,-99999.,-99999.,-99999.
123778,3714891,9.641912,-38.38914,1.2,-895,0.0603,-99999.,-99999.,-99999.,-99999.,-99999.,-99999.
123778,3714942,9.641812,-38.389413,1.3,-896,0.0604,-99999.,-99999.,-99999.,-99999.,-99999.,-99999.
123778,3714973,9.641742,-38.389562,1.2,-896,0.0604,-99999.,-99999.,-99999.,-99999.,-99999.,-99999.
123778,3714992,9.6417,-38.389663,1.2,-896,0.0604,-99999.,-99999.,-99999.,-99999.,-99999.,-99999.
123778,3715052,9.641593,-38.389973,1.1,-896,0.060500000000000005,-99999.,-99999.,-99999.,-99999.,-99999.,-99999.
123778,3715132,9.64137,-38.390373,1.3,-896,0.0606,-99999.,-99999.,-99999.,-99999.,-99999.,-99999.
123778,3717844,9.638203,-38.401753,4.1,-896,0.0627,-99999.,-99999.,-99999.,-99999.,-99999.,-99999.
123778,3722196,9.65217,-38.298147,6.1,-905,0.0601,-99999.,-99999.,-99999.,-99999.,-99999.,-99999.
123778,3723187,9.65403,-38.282638,6.6,-904,0.062400000000000004,-99999.,-99999.,-99999.,-99999.,-99999.,-99999.
123778,3723316,9.654627,-38.28202,2.7,-904,0.062400000000000004,-99999.,-99999.,-99999.,-99999.,-99999.,-99999.
123778,3724610,9.667255,-38.253547,6.8,-910,0.061000000000000006,-99999.,-99999.,-99999.,-99999.,-99999.,-99999.
123778,3724977,9.670308,-38.247028,6.3,-915,0.058600000000000006,-99999.,-99999.,-99999.,-99999.,-99999.,-99999.
123778,3725706,9.676342,-38.230875,3.,-919,0.0599,-99999.,-99999.,-99999.,-99999.,-99999.,-99999.
123778,3726021,9.676965,-38.224807,5.8,-919,0.0603,-99999.,-99999.,-99999.,-99999.,-99999.,-99999.
123778,3726863,9.678968,-38.205752,6.6,-920,0.058600000000000006,-99999.,-99999.,-99999.,-99999.,-99999.,-99999.
123778,3727288,9.680102,-38.193495,6.5,-920,0.0597,-99999.,-99999.,-99999.,-99999.,-99999.,-99999.
123778,3728094,9.681837,-38.17543,3.,-919,0.0613,-99999.,-99999.,-99999.,-99999.,-99999.,-99999.
123778,3728581,9.681258,-38.161647,6.6,-949,0.0577,-99999.,-99999.,-99999.,-99999.,-99999.,-99999.
123778,3729334,9.681467,-38.148505,6.,-943,0.0584,-99999.,-99999.,-99999.,-99999.,-99999.,-99999.
123778,3729863,9.682042,-38.146332,0.8,-941,0.0585,-99999.,-99999.,-99999.,-99999.,-99999.,-99999.
123778,3730673,9.681598,-38.138242,3.4,-938,0.0589,-99999.,-99999.,-99999.,-99999.,-99999.,-99999.
123778,3731089,9.682347,-38.130418,2.3,-934,0.059300000000000005,-99999.,-99999.,-99999.,-99999.,-99999.,-99999.
123778,3731874,9.682068,-38.115907,2.2,-928,0.0574,-99999.,-99999.,-99999.,-99999.,-99999.,-99999.
123778,3733066,9.686347,-38.086422,1.5,-915,0.0565,-99999.,-99999.,-99999.,-99999.,-99999.,-99999.
123778,3733564,9.688852,-38.077533,7.2,-993,0.057,-99999.,-99999.,-99999.,-99999.,-99999.,-99999.
123778,3734404,9.694352,-38.060622,2.1,-986,0.0563,-99999.,-99999.,-99999.,-99999.,-99999.,-99999.
123778,3735992,9.707055,-38.02949,1.1,-967,0.056,-99999.,-99999.,-99999.,-99999.,-99999.,-99999.
123778,3736253,9.70655,-38.032612,7.3,-969,0.056,-99999.,-99999.,-99999.,-99999.,-99999.,-99999.
123778,3753111,9.783462,-37.712928,7.2,-1120,0.058100000000000006,-99999.,-99999.,-99999.,-99999.,-99999.,-99999.
123778,3753112,9.783462,-37.712928,7.2,-1120,0.058100000000000006,-99999.,-99999.,-99999.,-99999.,-99999.,-99999.
123778,3753169,9.783242,-37.710965,7.1,-1119,0.058100000000000006,-99999.,-99999.,-99999.,-99999.,-99999.,-99999.
123778,3753170,9.783242,-37.710965,7.1,-1119,0.058100000000000006,-99999.,-99999.,-99999.,-99999.,-99999.,-99999.
123778,3753171,9.783228,-37.710895,7.,-1119,0.058100000000000006,-99999.,-99999.,-99999.,-99999.,-99999.,-99999.
123778,3753172,9.783228,-37.710895,7.,-1119,0.058100000000000006,-99999.,-99999.,-99999.,-99999.,-99999.,-99999.
123778,3753177,9.783208,-37.7107,7.1,-1119,0.058100000000000006,-99999.,-99999.,-99999.,-99999.,-99999.,-99999.
123778,3753178,9.783208,-37.7107,7.1,-1119,0.058100000000000006,-99999.,-99999.,-99999.,-99999.,-99999.,-99999.
123778,3753191,9.783352,-37.710382,5.2,-1119,0.058100000000000006,-99999.,-99999.,-99999.,-99999.,-99999.,-99999.
123778,3753231,9.783682,-37.710833,2.5,-1119,0.058100000000000006,-99999.,-99999.,-99999.,-99999.,-99999.,-99999.
123778,3753234,9.783643,-37.710857,2.4,-1119,0.058100000000000006,-99999.,-99999.,-99999.,-99999.,-99999.,-99999.
123778,3753235,9.783643,-37.710857,2.4,-1119,0.058100000000000006,-99999.,-99999.,-99999.,-99999.,-99999.,-99999.
123778,3753241,9.783573,-37.710877,2.1,-1119,0.058100000000000006,-99999.,-99999.,-99999.,-99999.,-99999.,-99999.
123778,3753251,9.783483,-37.710857,1.3,-1119,0.058100000000000006,-99999.,-99999.,-99999.,-99999.,-99999.,-99999.
123778,3753254,9.783462,-37.710838,1.3,-1119,0.058100000000000006,-99999.,-99999.,-99999.,-99999.,-99999.,-99999.
123778,3753257,9.783452,-37.710827,1.2,-1119,0.058100000000000006,-99999.,-99999.,-99999.,-99999.,-99999.,-99999.
123778,3753258,9.783452,-37.710827,1.2,-1119,0.058100000000000006,-99999.,-99999.,-99999.,-99999.,-99999.,-99999.
123778,3753268,9.783423,-37.710722,1.6,-1119,0.058100000000000006,-99999.,-99999.,-99999.,-99999.,-99999.,-99999.
123778,3753269,9.783423,-37.710722,1.6,-1119,0.058100000000000006,-99999.,-99999.,-99999.,-99999.,-99999.,-99999.
123778,3753284,9.783337,-37.710477,3.5,-1119,0.058100000000000006,-99999.,-99999.,-99999.,-99999.,-99999.,-99999.
123778,3753291,9.783278,-37.710293,4.3,-1119,0.058100000000000006,-99999.,-99999.,-99999.,-99999.,-99999.,-99999.
123778,3753292,9.783278,-37.710293,4.3,-1119,0.058100000000000006,-99999.,-99999.,-99999.,-99999.,-99999.,-99999.
123778,3753308,9.783203,-37.709872,4.8,-1118,0.058100000000000006,-99999.,-99999.,-99999.,-99999.,-99999.,-99999.
123778,3753309,9.783203,-37.709872,4.8,-1118,0.058100000000000006,-99999.,-99999.,-99999.,-99999.,-99999.,-99999.
123778,3753311,9.783195,-37.709828,4.8,-1118,0.058100000000000006,-99999.,-99999.,-99999.,-99999.,-99999.,-99999.
123778,3753327,9.783165,-37.709517,3.9,-1118,0.058100000000000006,-99999.,-99999.,-99999.,-99999.,-99999.,-99999.
123778,3753328,9.783165,-37.709517,3.9,-1118,0.058100000000000006,-99999.,-99999.,-99999.,-99999.,-99999.,-99999.
123778,3753335,9.78317,-37.7094,3.8,-1118,0.058100000000000006,-99999.,-99999.,-99999.,-99999.,-99999.,-99999.
123778,3753338,9.783167,-37.709323,4.,-1118,0.058100000000000006,-99999.,-99999.,-99999.,-99999.,-99999.,-99999.
123778,3753339,9.783167,-37.709323,4.,-1118,0.058100000000000006,-99999.,-99999.,-99999.,-99999.,-99999.,-99999.
123778,3753371,9.783137,-37.708472,6.1,-1118,0.058100000000000006,-99999.,-99999.,-99999.,-99999.,-99999.,-99999.
123778,3753372,9.783137,-37.708472,6.1,-1118,0.058100000000000006,-99999.,-99999.,-99999.,-99999.,-99999.,-99999.
123778,3753392,9.783097,-37.707793,6.8,-1117,0.059500000000000004,-99999.,-99999.,-99999.,-99999.,-99999.,-99999.
123778,3753411,9.78304,-37.707105,7.3,-1117,0.0594,-99999.,-99999.,-99999.,-99999.,-99999.,-99999.
123778,3753412,9.78304,-37.707105,7.3,-1117,0.0594,-99999.,-99999.,-99999.,-99999.,-99999.,-99999.
123778,3753431,9.782978,-37.706423,7.6,-1116,0.059300000000000005,-99999.,-99999.,-99999.,-99999.,-99999.,-99999.
123778,3753432,9.782978,-37.706423,7.6,-1116,0.059300000000000005,-99999.,-99999.,-99999.,-99999.,-99999.,-99999.
123778,3753451,9.782908,-37.705653,7.8,-1116,0.0592,-99999.,-99999.,-99999.,-99999.,-99999.,-99999.
123778,3753452,9.782908,-37.705653,7.8,-1116,0.0592,-99999.,-99999.,-99999.,-99999.,-99999.,-99999.
123778,3753460,9.782878,-37.705325,7.7,-1116,0.0592,-99999.,-99999.,-99999.,-99999.,-99999.,-99999.
123778,3753461,9.782878,-37.705325,7.7,-1116,0.0592,-99999.,-99999.,-99999.,-99999.,-99999.,-99999.
123778,3753480,9.782813,-37.704612,7.7,-1115,0.0591,-99999.,-99999.,-99999.,-99999.,-99999.,-99999.
123778,3753511,9.782732,-37.703552,7.5,-1115,0.0589,-99999.,-99999.,-99999.,-99999.,-99999.,-99999.
123778,3753512,9.782732,-37.703552,7.5,-1115,0.0589,-99999.,-99999.,-99999.,-99999.,-99999.,-99999.
123778,3753569,9.782633,-37.701638,7.1,-1114,0.0587,-99999.,-99999.,-99999.,-99999.,-99999.,-99999.
123778,3753585,9.782695,-37.701183,5.6,-1113,0.058600000000000006,-99999.,-99999.,-99999.,-99999.,-99999.,-99999.
123778,3753608,9.78315,-37.70129,3.2,-1114,0.058600000000000006,-99999.,-99999.,-99999.,-99999.,-99999.,-99999.
123778,3753609,9.78315,-37.70129,3.2,-1114,0.058600000000000006,-99999.,-99999.,-99999.,-99999.,-99999.,-99999.
123778,3753614,9.783187,-37.701397,3.3,-1114,0.0587,-99999.,-99999.,-99999.,-99999.,-99999.,-99999.
123778,3753697,9.782813,-37.701377,2.5,-1114,0.058600000000000006,-99999.,-99999.,-99999.,-99999.,-99999.,-99999.
123778,3753698,9.782813,-37.701377,2.5,-1114,0.058600000000000006,-99999.,-99999.,-99999.,-99999.,-99999.,-99999.
123778,3759121,9.860258,-37.608307,8.2,-1132,0.059300000000000005,-99999.,-99999.,-99999.,-99999.,-99999.,-99999.
123778,3759122,9.860258,-37.608307,8.2,-1132,0.059300000000000005,-99999.,-99999.,-99999.,-99999.,-99999.,-99999.
123778,3762723,9.987442,-37.559415,7.9,-1091,-99999,-99999.,-99999.,-99999.,-99999.,-99999.,-99999.
123778,3763863,9.996258,-37.524187,7.5,-1108,0.066,-99999.,-99999.,-99999.,-99999.,-99999.,-99999.
123778,3764184,9.997618,-37.513073,7.4,-1111,0.066,-99999.,-99999.,-99999.,-99999.,-99999.,-99999.
123778,3764613,9.999292,-37.498035,7.7,-1005,0.066,-99999.,-99999.,-99999.,-99999.,-99999.,-99999.
123778,3765143,10.001882,-37.479513,7.6,-918,0.0682,-99999.,-99999.,-99999.,-99999.,-99999.,-99999.
123778,3765243,10.00239,-37.475895,7.6,-921,0.0679,-99999.,-99999.,-99999.,-99999.,-99999.,-99999.
123778,3765543,10.003633,-37.465213,7.3,-929,0.0671,-99999.,-99999.,-99999.,-99999.,-99999.,-99999.
123778,3766493,10.007088,-37.432398,7.4,-951,0.0679,-99999.,-99999.,-99999.,-99999.,-99999.,-99999.
123778,3766802,10.00811,-37.421662,7.2,-958,0.0674,-99999.,-99999.,-99999.,-99999.,-99999.,-99999.
123778,3766862,10.008227,-37.419593,7.4,-959,0.0673,-99999.,-99999.,-99999.,-99999.,-99999.,-99999.
123778,3767803,10.012667,-37.387123,7.7,-994,0.066,-99999.,-99999.,-99999.,-99999.,-99999.,-99999.
123778,3767923,10.013395,-37.38295,7.6,-996,0.0658,-99999.,-99999.,-99999.,-99999.,-99999.,-99999.
123778,3768152,10.014528,-37.375202,7.3,-1001,0.0654,-99999.,-99999.,-99999.,-99999.,-99999.,-99999.
123778,3769173,10.019988,-37.33991,7.8,-1020,0.06420000000000001,-99999.,-99999.,-99999.,-99999.,-99999.,-99999.
123778,3769383,10.02121,-37.332432,7.6,-987,0.066,-99999.,-99999.,-99999.,-99999.,-99999.,-99999.
123778,3770383,10.026775,-37.297328,7.,-999,0.0646,-99999.,-99999.,-99999.,-99999.,-99999.,-99999.
123778,3770582,10.027717,-37.29067,7.2,-1002,0.0668,-99999.,-99999.,-99999.,-99999.,-99999.,-99999.
123778,3771424,10.031335,-37.262195,7.2,-1014,0.067,-99999.,-99999.,-99999.,-99999.,-99999.,-99999.
123778,3771794,10.032687,-37.249738,7.3,-936,0.06770000000000001,-99999.,-99999.,-99999.,-99999.,-99999.,-99999.
123778,3772752,10.036038,-37.2166,7.7,-965,0.06910000000000001,-99999.,-99999.,-99999.,-99999.,-99999.,-99999.
123778,3773061,10.037762,-37.205405,7.8,-975,0.0675,-99999.,-99999.,-99999.,-99999.,-99999.,-99999.
123778,3775454,10.051028,-37.121308,7.6,-962,0.0645,-99999.,-99999.,-99999.,-99999.,-99999.,-99999.
123778,3797257,10.115503,-36.800578,0.5,-1131,0.0669,-99999.,-99999.,-99999.,-99999.,-99999.,-99999.
123778,3797357,10.115402,-36.800792,0.6,-1131,0.0669,-99999.,-99999.,-99999.,-99999.,-99999.,-99999.
123778,3797377,10.11537,-36.800835,0.5,-1131,0.0669,-99999.,-99999.,-99999.,-99999.,-99999.,-99999.
123778,3797406,10.115333,-36.800913,0.7,-1131,0.0669,-99999.,-99999.,-99999.,-99999.,-99999.,-99999.
123778,3797407,10.115333,-36.800913,0.7,-1131,0.0669,-99999.,-99999.,-99999.,-99999.,-99999.,-99999.
123778,3797417,10.115322,-36.800937,0.6,-1131,0.0669,-99999.,-99999.,-99999.,-99999.,-99999.,-99999.
123778,3797466,10.115272,-36.801045,0.4,-1131,0.0669,-99999.,-99999.,-99999.,-99999.,-99999.,-99999.
123778,3797467,10.115272,-36.801045,0.4,-1131,0.0669,-99999.,-99999.,-99999.,-99999.,-99999.,-99999.
123778,3797486,10.115258,-36.801088,0.5,-1131,0.0669,-99999.,-99999.,-99999.,-99999.,-99999.,-99999.
123778,3797487,10.115258,-36.801088,0.5,-1131,0.0669,-99999.,-99999.,-99999.,-99999.,-99999.,-99999.
123778,3797526,10.115232,-36.801175,0.3,-1132,0.0669,-99999.,-99999.,-99999.,-99999.,-99999.,-99999.
123778,3797527,10.115232,-36.801175,0.3,-1132,0.0669,-99999.,-99999.,-99999.,-99999.,-99999.,-99999.
123778,3797537,10.115225,-36.801202,0.5,-1132,0.0669,-99999.,-99999.,-99999.,-99999.,-99999.,-99999.
123778,3797547,10.115218,-36.801222,0.7,-1132,0.0669,-99999.,-99999.,-99999.,-99999.,-99999.,-99999.
123778,3802857,10.11072,-36.812605,0.8,-1141,0.0666,-99999.,-99999.,-99999.,-99999.,-99999.,-99999.
123778,3803107,10.110938,-36.813447,0.6,-1142,0.0666,-99999.,-99999.,-99999.,-99999.,-99999.,-99999.
123778,3803108,10.110938,-36.813447,0.6,-1142,0.0666,-99999.,-99999.,-99999.,-99999.,-99999.,-99999.
123778,3803128,10.110942,-36.813498,0.6,-1142,0.0666,-99999.,-99999.,-99999.,-99999.,-99999.,-99999.
123778,3803141,10.11094,-36.813532,0.4,-1142,0.0666,-99999.,-99999.,-99999.,-99999.,-99999.,-99999.
123778,3803150,10.110943,-36.813552,0.4,-1142,0.0666,-99999.,-99999.,-99999.,-99999.,-99999.,-99999.
123778,3803151,10.110943,-36.813552,0.4,-1142,0.0666,-99999.,-99999.,-99999.,-99999.,-99999.,-99999.
123778,3803167,10.110947,-36.813582,0.5,-1142,0.0666,-99999.,-99999.,-99999.,-99999.,-99999.,-99999.
123778,3803208,10.110952,-36.813653,0.3,-1142,0.0666,-99999.,-99999.,-99999.,-99999.,-99999.,-99999.
123778,3803227,10.11095,-36.813687,0.3,-1142,0.0666,-99999.,-99999.,-99999.,-99999.,-99999.,-99999.
123778,3803287,10.110953,-36.813797,0.4,-1142,0.0666,-99999.,-99999.,-99999.,-99999.,-99999.,-99999.
123778,3803308,10.110953,-36.813847,0.6,-1142,0.0666,-99999.,-99999.,-99999.,-99999.,-99999.,-99999.
123778,3803347,10.110967,-36.813943,0.5,-1142,0.0666,-99999.,-99999.,-99999.,-99999.,-99999.,-99999.
123778,3803358,10.11097,-36.81398,0.6,-1142,0.0666,-99999.,-99999.,-99999.,-99999.,-99999.,-99999.
123778,3806565,10.112195,-36.818712,0.3,-1145,0.0664,-99999.,-99999.,-99999.,-99999.,-99999.,-99999.
123778,3807804,10.112142,-36.818962,2.2,-1146,0.0664,-99999.,-99999.,-99999.,-99999.,-99999.,-99999.
123778,3807904,10.112252,-36.817517,4.1,-1145,0.0665,-99999.,-99999.,-99999.,-99999.,-99999.,-99999.
123778,3810209,10.095368,-36.864238,7.6,-1091,0.0663,-99999.,-99999.,-99999.,-99999.,-99999.,-99999.
123778,3810405,10.093782,-36.87129,8.2,-1099,0.0661,-99999.,-99999.,-99999.,-99999.,-99999.,-99999.
123778,3810593,10.092865,-36.875483,1.9,-1103,0.0673,-99999.,-99999.,-99999.,-99999.,-99999.,-99999.
123778,3811251,10.091785,-36.894505,7.9,-1127,0.0669,-99999.,-99999.,-99999.,-99999.,-99999.,-99999.
123778,3811750,10.091452,-36.909487,8.1,-1146,0.0665,-99999.,-99999.,-99999.,-99999.,-99999.,-99999.
123778,3812211,10.093522,-36.925612,7.2,-1143,0.0668,-99999.,-99999.,-99999.,-99999.,-99999.,-99999.
123778,3812439,10.094172,-36.933927,6.4,-1143,0.0668,-99999.,-99999.,-99999.,-99999.,-99999.,-99999.
123778,3812843,10.095185,-36.9406,7.9,-1142,0.0668,-99999.,-99999.,-99999.,-99999.,-99999.,-99999.
123778,3813769,10.095805,-36.965197,2.3,-1144,0.0649,-99999.,-99999.,-99999.,-99999.,-99999.,-99999.
123778,3814309,10.09504,-36.977393,7.3,-1145,0.0656,-99999.,-99999.,-99999.,-99999.,-99999.,-99999.
123778,3814953,10.091737,-36.994965,8.1,-1149,0.0666,-99999.,-99999.,-99999.,-99999.,-99999.,-99999.
123778,3815227,10.089483,-37.003233,2.1,-1070,0.0632,-99999.,-99999.,-99999.,-99999.,-99999.,-99999.
123778,3815526,10.087767,-37.01208,8.1,-1076,0.06380000000000001,-99999.,-99999.,-99999.,-99999.,-99999.,-99999.
123778,3816200,10.081243,-37.03269,2.4,-976,0.06430000000000001,-99999.,-99999.,-99999.,-99999.,-99999.,-99999.
123778,3816584,10.078548,-37.042262,8.4,-970,0.0673,-99999.,-99999.,-99999.,-99999.,-99999.,-99999.
123778,3816769,10.076732,-37.049095,8.2,-966,0.06670000000000001,-99999.,-99999.,-99999.,-99999.,-99999.,-99999.
123778,3817458,10.073068,-37.067823,7.9,-954,0.0653,-99999.,-99999.,-99999.,-99999.,-99999.,-99999.
123778,3817834,10.072498,-37.075377,6.1,-948,0.0648,-99999.,-99999.,-99999.,-99999.,-99999.,-99999.
123778,3818729,10.069137,-37.094368,8.5,-992,0.0661,-99999.,-99999.,-99999.,-99999.,-99999.,-99999.
123778,3819322,10.067745,-37.117733,8.2,-965,0.0644,-99999.,-99999.,-99999.,-99999.,-99999.,-99999.
123778,3820086,10.067922,-37.147277,4.8,-929,0.0646,-99999.,-99999.,-99999.,-99999.,-99999.,-99999.
123778,3821290,10.068,-37.150088,4.6,-926,0.0644,-99999.,-99999.,-99999.,-99999.,-99999.,-99999.
123778,3821330,10.067803,-37.15079,3.9,-925,0.0644,-99999.,-99999.,-99999.,-99999.,-99999.,-99999.
123778,3822642,10.06646,-37.183315,8.,-996,0.0661,-99999.,-99999.,-99999.,-99999.,-99999.,-99999.
123778,3823034,10.065933,-37.194635,7.,-992,0.0656,-99999.,-99999.,-99999.,-99999.,-99999.,-99999.
123778,3841591,10.000897,-37.581598,8.1,-996,0.0594,-99999.,-99999.,-99999.,-99999.,-99999.,-99999.
123778,3841612,10.000828,-37.582382,7.9,-996,0.0594,-99999.,-99999.,-99999.,-99999.,-99999.,-99999.
123778,3841613,10.000828,-37.582382,7.9,-996,0.0594,-99999.,-99999.,-99999.,-99999.,-99999.,-99999.
123778,3841616,10.000813,-37.582528,8.,-996,0.0594,-99999.,-99999.,-99999.,-99999.,-99999.,-99999.
123778,3841617,10.000813,-37.582528,8.,-996,0.0594,-99999.,-99999.,-99999.,-99999.,-99999.,-99999.
123778,3841619,10.00081,-37.582603,8.,-996,0.0594,-99999.,-99999.,-99999.,-99999.,-99999.,-99999.
123778,3841621,10.0008,-37.582713,7.8,-996,0.0594,-99999.,-99999.,-99999.,-99999.,-99999.,-99999.
123778,3841632,10.000755,-37.583073,7.7,-996,0.0594,-99999.,-99999.,-99999.,-99999.,-99999.,-99999.
123778,3841651,10.000703,-37.583782,7.7,-1093,0.0587,-99999.,-99999.,-99999.,-99999.,-99999.,-99999.
123778,3841652,10.000703,-37.583782,7.7,-1093,0.0587,-99999.,-99999.,-99999.,-99999.,-99999.,-99999.
123778,3841681,10.000615,-37.584842,7.6,-1092,0.0587,-99999.,-99999.,-99999.,-99999.,-99999.,-99999.
123778,3841682,10.000615,-37.584842,7.6,-1092,0.0587,-99999.,-99999.,-99999.,-99999.,-99999.,-99999.
123778,3841731,10.000467,-37.586622,7.7,-1090,0.0587,-99999.,-99999.,-99999.,-99999.,-99999.,-99999.
123778,3841732,10.000467,-37.586622,7.7,-1090,0.0587,-99999.,-99999.,-99999.,-99999.,-99999.,-99999.
123778,3841741,10.000423,-37.586982,7.8,-1090,0.0587,-99999.,-99999.,-99999.,-99999.,-99999.,-99999.
123778,3841742,10.000423,-37.586982,7.8,-1090,0.0587,-99999.,-99999.,-99999.,-99999.,-99999.,-99999.
123778,3841801,10.000143,-37.589195,8.,-1087,0.0587,-99999.,-99999.,-99999.,-99999.,-99999.,-99999.
123778,3841802,10.000143,-37.589195,8.,-1087,0.0587,-99999.,-99999.,-99999.,-99999.,-99999.,-99999.
123778,3841831,10.000005,-37.590318,8.1,-1086,0.0587,-99999.,-99999.,-99999.,-99999.,-99999.,-99999.
123778,3841840,9.999975,-37.590657,8.1,-1134,0.0601,-99999.,-99999.,-99999.,-99999.,-99999.,-99999.
123778,3841841,9.999975,-37.590657,8.1,-1134,0.0601,-99999.,-99999.,-99999.,-99999.,-99999.,-99999.
123778,3841882,9.999787,-37.59224,8.2,-1135,0.0601,-99999.,-99999.,-99999.,-99999.,-99999.,-99999.
123778,3841892,9.99973,-37.592653,8.1,-1135,0.0601,-99999.,-99999.,-99999.,-99999.,-99999.,-99999.
123778,3841893,9.999733,-37.592615,8.1,-1135,0.0601,-99999.,-99999.,-99999.,-99999.,-99999.,-99999.
123778,3841894,9.99973,-37.592653,8.1,-1135,0.0601,-99999.,-99999.,-99999.,-99999.,-99999.,-99999.
123778,3841896,9.999712,-37.592767,8.1,-1135,0.0601,-99999.,-99999.,-99999.,-99999.,-99999.,-99999.
123778,3841905,9.999653,-37.593102,8.1,-1135,0.0601,-99999.,-99999.,-99999.,-99999.,-99999.,-99999.
123778,3841906,9.999653,-37.593102,8.1,-1135,0.0601,-99999.,-99999.,-99999.,-99999.,-99999.,-99999.
123778,3841921,9.999548,-37.5937,8.1,-1135,0.0601,-99999.,-99999.,-99999.,-99999.,-99999.,-99999.
123778,3841922,9.999548,-37.5937,8.1,-1135,0.0601,-99999.,-99999.,-99999.,-99999.,-99999.,-99999.
123778,3841963,9.999327,-37.59518,8.,-1135,0.0601,-99999.,-99999.,-99999.,-99999.,-99999.,-99999.
123778,3842003,9.999088,-37.596723,8.1,-1135,0.0601,-99999.,-99999.,-99999.,-99999.,-99999.,-99999.
123778,3842013,9.999027,-37.597098,8.1,-1135,0.0601,-99999.,-99999.,-99999.,-99999.,-99999.,-99999.
123778,3842022,9.99898,-37.597435,8.1,-1135,0.0601,-99999.,-99999.,-99999.,-99999.,-99999.,-99999.
123778,3842032,9.998947,-37.597808,8.1,-1135,0.0601,-99999.,-99999.,-99999.,-99999.,-99999.,-99999.
123778,3842082,9.998663,-37.599688,8.2,-1135,0.0601,-99999.,-99999.,-99999.,-99999.,-99999.,-99999.
123778,3842123,9.99839,-37.601217,8.1,-1135,0.0601,-99999.,-99999.,-99999.,-99999.,-99999.,-99999.
123778,3846104,9.974333,-37.751795,8.2,-1143,0.058600000000000006,-99999.,-99999.,-99999.,-99999.,-99999.,-99999.
123778,3846954,9.970567,-37.784235,8.4,-1142,0.060700000000000004,-99999.,-99999.,-99999.,-99999.,-99999.,-99999.
123778,3847716,9.966632,-37.81391,8.1,-1142,0.059800000000000006,-99999.,-99999.,-99999.,-99999.,-99999.,-99999.
123778,3847717,9.966632,-37.81391,8.1,-1142,0.059800000000000006,-99999.,-99999.,-99999.,-99999.,-99999.,-99999.
123778,3847718,9.966632,-37.81391,8.1,-1142,0.059800000000000006,-99999.,-99999.,-99999.,-99999.,-99999.,-99999.
123778,3847728,9.966602,-37.814332,8.2,-1142,0.059800000000000006,-99999.,-99999.,-99999.,-99999.,-99999.,-99999.
123778,3847742,9.966562,-37.814873,8.2,-1142,0.059800000000000006,-99999.,-99999.,-99999.,-99999.,-99999.,-99999.
123778,3847983,9.965612,-37.824022,7.8,-1141,0.0604,-99999.,-99999.,-99999.,-99999.,-99999.,-99999.
123778,3848154,9.964958,-37.830458,8.4,-1141,0.0609,-99999.,-99999.,-99999.,-99999.,-99999.,-99999.
123778,3848454,9.963717,-37.842132,8.4,-1141,0.058100000000000006,-99999.,-99999.,-99999.,-99999.,-99999.,-99999.
123778,3849583,9.95799,-37.884923,8.3,-1141,0.060500000000000005,-99999.,-99999.,-99999.,-99999.,-99999.,-99999.
123778,3850583,9.953298,-37.923047,8.3,-1127,0.06620000000000001,-99999.,-99999.,-99999.,-99999.,-99999.,-99999.
123778,3852064,9.945425,-37.981075,8.3,-1127,0.068,-99999.,-99999.,-99999.,-99999.,-99999.,-99999.
123778,3852703,9.942405,-38.005635,8.4,-1121,0.0674,-99999.,-99999.,-99999.,-99999.,-99999.,-99999.
123778,3853062,9.94063,-38.019713,8.4,-1116,0.0673,-99999.,-99999.,-99999.,-99999.,-99999.,-99999.
123778,3853383,9.939102,-38.032308,8.5,-1112,0.0673,-99999.,-99999.,-99999.,-99999.,-99999.,-99999.
123778,3853603,9.938045,-38.041077,8.5,-1109,0.0673,-99999.,-99999.,-99999.,-99999.,-99999.,-99999.
123778,3854313,9.93422,-38.069282,8.7,-1101,0.0658,-99999.,-99999.,-99999.,-99999.,-99999.,-99999.
123778,3854913,9.930522,-38.093485,8.5,-1136,0.06430000000000001,-99999.,-99999.,-99999.,-99999.,-99999.,-99999.
123778,3855682,9.925848,-38.1245,8.8,-1121,0.06470000000000001,-99999.,-99999.,-99999.,-99999.,-99999.,-99999.
123778,3856193,9.92214,-38.145493,8.6,-1110,0.0644,-99999.,-99999.,-99999.,-99999.,-99999.,-99999.
123778,3856866,9.917318,-38.172695,8.6,-1140,0.0663,-99999.,-99999.,-99999.,-99999.,-99999.,-99999.
123778,3857551,9.91319,-38.200397,8.7,-1121,0.0692,-99999.,-99999.,-99999.,-99999.,-99999.,-99999.
123778,3858273,9.909022,-38.229232,8.7,-1113,0.0692,-99999.,-99999.,-99999.,-99999.,-99999.,-99999.
123778,3858763,9.90641,-38.249387,8.7,-1110,0.07060000000000001,-99999.,-99999.,-99999.,-99999.,-99999.,-99999.
123778,3859484,9.902538,-38.278025,8.6,-1060,0.0697,-99999.,-99999.,-99999.,-99999.,-99999.,-99999.
123778,3860856,9.895695,-38.330995,7.6,-1126,0.06910000000000001,-99999.,-99999.,-99999.,-99999.,-99999.,-99999.
123778,3885510,9.954485,-37.823015,3.8,-1141,0.0585,-99999.,-99999.,-99999.,-99999.,-99999.,-99999.
123778,3885520,9.954492,-37.82284,3.7,-1141,0.058600000000000006,-99999.,-99999.,-99999.,-99999.,-99999.,-99999.
123778,3885521,9.954492,-37.82284,3.7,-1141,0.058600000000000006,-99999.,-99999.,-99999.,-99999.,-99999.,-99999.
123778,3885570,9.954507,-37.821942,3.8,-1141,0.058600000000000006,-99999.,-99999.,-99999.,-99999.,-99999.,-99999.
123778,3885590,9.954523,-37.8216,3.8,-1141,0.058600000000000006,-99999.,-99999.,-99999.,-99999.,-99999.,-99999.
123778,3885601,9.95453,-37.821393,3.8,-1141,0.058600000000000006,-99999.,-99999.,-99999.,-99999.,-99999.,-99999.
123778,3885602,9.95453,-37.821393,3.8,-1141,0.058600000000000006,-99999.,-99999.,-99999.,-99999.,-99999.,-99999.
123778,3885611,9.954522,-37.821215,3.9,-1141,0.0587,-99999.,-99999.,-99999.,-99999.,-99999.,-99999.
123778,3885612,9.954522,-37.821215,3.9,-1141,0.0587,-99999.,-99999.,-99999.,-99999.,-99999.,-99999.
123778,3885620,9.954508,-37.82107,3.9,-1141,0.0587,-99999.,-99999.,-99999.,-99999.,-99999.,-99999.
123778,3885630,9.954498,-37.820868,3.9,-1141,0.0587,-99999.,-99999.,-99999.,-99999.,-99999.,-99999.
123778,3885691,9.954528,-37.819757,4.,-1141,0.0587,-99999.,-99999.,-99999.,-99999.,-99999.,-99999.
123778,3885692,9.954528,-37.819757,4.,-1141,0.0587,-99999.,-99999.,-99999.,-99999.,-99999.,-99999.
123778,3885710,9.954525,-37.819418,3.9,-1141,0.058800000000000005,-99999.,-99999.,-99999.,-99999.,-99999.,-99999.
123778,3885751,9.95453,-37.818648,3.9,-1141,0.058800000000000005,-99999.,-99999.,-99999.,-99999.,-99999.,-99999.
123778,3885752,9.95453,-37.818648,3.9,-1141,0.058800000000000005,-99999.,-99999.,-99999.,-99999.,-99999.,-99999.
123778,3885769,9.954543,-37.81833,3.7,-1141,0.058800000000000005,-99999.,-99999.,-99999.,-99999.,-99999.,-99999.
123778,3885770,9.954543,-37.81833,3.7,-1141,0.058800000000000005,-99999.,-99999.,-99999.,-99999.,-99999.,-99999.
123778,3885780,9.95453,-37.818143,3.8,-1141,0.058800000000000005,-99999.,-99999.,-99999.,-99999.,-99999.,-99999.
123778,3885781,9.95453,-37.818143,3.8,-1141,0.058800000000000005,-99999.,-99999.,-99999.,-99999.,-99999.,-99999.
123778,3885791,9.954527,-37.817957,3.7,-1141,0.0589,-99999.,-99999.,-99999.,-99999.,-99999.,-99999.
123778,3885792,9.954527,-37.817957,3.7,-1141,0.0589,-99999.,-99999.,-99999.,-99999.,-99999.,-99999.
123778,3885812,9.95454,-37.817617,3.6,-1141,0.0589,-99999.,-99999.,-99999.,-99999.,-99999.,-99999.
123778,3885880,9.954593,-37.816438,3.7,-1141,0.0589,-99999.,-99999.,-99999.,-99999.,-99999.,-99999.
123778,3885922,9.954632,-37.815713,3.7,-1141,0.059000000000000004,-99999.,-99999.,-99999.,-99999.,-99999.,-99999.
123778,3886009,9.95469,-37.81433,3.3,-1141,0.0591,-99999.,-99999.,-99999.,-99999.,-99999.,-99999.
123778,3890194,9.96108,-37.736562,3.8,-1140,0.0589,-99999.,-99999.,-99999.,-99999.,-99999.,-99999.
123778,3893212,9.966403,-37.688902,3.1,-1139,0.0589,-99999.,-99999.,-99999.,-99999.,-99999.,-99999.
123778,3894411,9.970642,-37.681258,1.1,-1140,0.0585,-99999.,-99999.,-99999.,-99999.,-99999.,-99999.
123778,3894880,9.971925,-37.695432,8.4,-1140,0.0591,-99999.,-99999.,-99999.,-99999.,-99999.,-99999.
123778,3895454,9.971862,-37.704392,2.9,-1140,0.059500000000000004,-99999.,-99999.,-99999.,-99999.,-99999.,-99999.
123778,3895636,9.97214,-37.709245,7.8,-1140,0.0574,-99999.,-99999.,-99999.,-99999.,-99999.,-99999.
123778,3895990,9.972568,-37.715537,7.6,-1140,0.057800000000000004,-99999.,-99999.,-99999.,-99999.,-99999.,-99999.
123778,3896860,9.97017,-37.739437,3.7,-1140,0.0594,-99999.,-99999.,-99999.,-99999.,-99999.,-99999.
123778,3897233,9.970103,-37.746453,7.5,-1140,0.0599,-99999.,-99999.,-99999.,-99999.,-99999.,-99999.
123778,3898041,9.970112,-37.766412,2.6,-1143,0.059500000000000004,-99999.,-99999.,-99999.,-99999.,-99999.,-99999.
123778,3898596,9.968682,-37.780795,2.1,-1142,0.060500000000000005,-99999.,-99999.,-99999.,-99999.,-99999.,-99999.
123778,3899311,9.967078,-37.800205,7.4,-1142,0.0589,-99999.,-99999.,-99999.,-99999.,-99999.,-99999.
123778,3899609,9.965885,-37.808152,8.2,-1142,0.0594,-99999.,-99999.,-99999.,-99999.,-99999.,-99999.
123778,3900530,9.962848,-37.828545,2.3,-1141,0.0609,-99999.,-99999.,-99999.,-99999.,-99999.,-99999.
123778,3900806,9.962345,-37.838237,5.9,-1141,0.058,-99999.,-99999.,-99999.,-99999.,-99999.,-99999.
123778,3901101,9.962082,-37.841443,1.7,-1141,0.058,-99999.,-99999.,-99999.,-99999.,-99999.,-99999.
123778,3901883,9.96065,-37.849653,1.3,-1141,0.0582,-99999.,-99999.,-99999.,-99999.,-99999.,-99999.
123778,3902202,9.960138,-37.85034,6.5,-1141,0.0582,-99999.,-99999.,-99999.,-99999.,-99999.,-99999.
123778,3903092,9.958052,-37.869565,4.4,-1141,0.0584,-99999.,-99999.,-99999.,-99999.,-99999.,-99999.
123778,3903667,9.956102,-37.881788,7.1,-1141,0.060500000000000005,-99999.,-99999.,-99999.,-99999.,-99999.,-99999.
123778,3904310,9.953057,-37.89858,2.8,-1141,0.060200000000000004,-99999.,-99999.,-99999.,-99999.,-99999.,-99999.
123778,3904804,9.950607,-37.909535,3.7,-1142,0.060000000000000005,-99999.,-99999.,-99999.,-99999.,-99999.,-99999.
123778,3905582,9.944583,-37.932835,8.5,-1130,0.065,-99999.,-99999.,-99999.,-99999.,-99999.,-99999.
123778,3906047,9.940612,-37.947382,7.2,-1130,0.0645,-99999.,-99999.,-99999.,-99999.,-99999.,-99999.
123778,3906923,9.934177,-37.972068,5.5,-1133,0.06770000000000001,-99999.,-99999.,-99999.,-99999.,-99999.,-99999.
123778,3908286,9.928547,-38.01035,8.5,-1115,0.0679,-99999.,-99999.,-99999.,-99999.,-99999.,-99999.
123778,3908536,9.926875,-38.017402,2.8,-1113,0.0679,-99999.,-99999.,-99999.,-99999.,-99999.,-99999.
123778,3924208,9.858147,-38.400485,1.4,-1109,0.0675,-99999.,-99999.,-99999.,-99999.,-99999.,-99999.
123778,3924221,9.85815,-38.40057,1.4,-1109,0.0675,-99999.,-99999.,-99999.,-99999.,-99999.,-99999.
123778,3924222,9.85815,-38.40057,1.4,-1109,0.0675,-99999.,-99999.,-99999.,-99999.,-99999.,-99999.
123778,3924234,9.858093,-38.400662,1.8,-1110,0.0675,-99999.,-99999.,-99999.,-99999.,-99999.,-99999.
123778,3924477,9.855112,-38.40653,7.7,-1119,0.067,-99999.,-99999.,-99999.,-99999.,-99999.,-99999.
123778,3929902,9.879202,-38.505583,9.,-968,0.0656,-99999.,-99999.,-99999.,-99999.,-99999.,-99999.
123778,3929903,9.879202,-38.505583,9.,-968,0.0656,-99999.,-99999.,-99999.,-99999.,-99999.,-99999.
123778,3929930,9.878958,-38.506738,9.,-969,0.0655,-99999.,-99999.,-99999.,-99999.,-99999.,-99999.
123778,3929931,9.878958,-38.506738,9.,-969,0.0655,-99999.,-99999.,-99999.,-99999.,-99999.,-99999.
123778,3929950,9.878845,-38.507628,9.,-969,0.0654,-99999.,-99999.,-99999.,-99999.,-99999.,-99999.
123778,3929951,9.878845,-38.507628,9.,-969,0.0654,-99999.,-99999.,-99999.,-99999.,-99999.,-99999.
123778,3929962,9.878775,-38.508092,9.,-969,0.0653,-99999.,-99999.,-99999.,-99999.,-99999.,-99999.
123778,3929963,9.878775,-38.508092,9.,-969,0.0653,-99999.,-99999.,-99999.,-99999.,-99999.,-99999.
123778,3929972,9.878713,-38.50851,9.,-969,0.0653,-99999.,-99999.,-99999.,-99999.,-99999.,-99999.
123778,3929973,9.878713,-38.50851,9.,-969,0.0653,-99999.,-99999.,-99999.,-99999.,-99999.,-99999.
123778,3929990,9.87859,-38.50925,8.9,-970,0.06520000000000001,-99999.,-99999.,-99999.,-99999.,-99999.,-99999.
123778,3929991,9.87859,-38.50925,8.9,-970,0.06520000000000001,-99999.,-99999.,-99999.,-99999.,-99999.,-99999.
123778,3930032,9.878257,-38.510975,9.,-971,0.0651,-99999.,-99999.,-99999.,-99999.,-99999.,-99999.
123778,3930033,9.878257,-38.510975,9.,-971,0.0651,-99999.,-99999.,-99999.,-99999.,-99999.,-99999.
123778,3930050,9.878135,-38.511723,9.,-971,0.065,-99999.,-99999.,-99999.,-99999.,-99999.,-99999.
123778,3930070,9.877972,-38.512582,8.9,-972,0.065,-99999.,-99999.,-99999.,-99999.,-99999.,-99999.
123778,3930071,9.877972,-38.512582,8.9,-972,0.065,-99999.,-99999.,-99999.,-99999.,-99999.,-99999.
123778,3930093,9.877835,-38.51344,8.8,-972,0.0649,-99999.,-99999.,-99999.,-99999.,-99999.,-99999.
123778,3930121,9.877648,-38.514625,8.8,-973,0.0648,-99999.,-99999.,-99999.,-99999.,-99999.,-99999.
123778,3930130,9.877585,-38.515032,8.8,-973,0.0648,-99999.,-99999.,-99999.,-99999.,-99999.,-99999.
123778,3930131,9.877585,-38.515032,8.8,-973,0.0648,-99999.,-99999.,-99999.,-99999.,-99999.,-99999.
123778,3930162,9.87736,-38.516278,8.7,-973,0.06470000000000001,-99999.,-99999.,-99999.,-99999.,-99999.,-99999.
123778,3930310,9.876355,-38.522278,8.8,-976,0.0641,-99999.,-99999.,-99999.,-99999.,-99999.,-99999.
123778,3930311,9.876355,-38.522278,8.8,-976,0.0641,-99999.,-99999.,-99999.,-99999.,-99999.,-99999.
123778,3930321,9.876285,-38.522725,8.8,-977,0.0641,-99999.,-99999.,-99999.,-99999.,-99999.,-99999.
123778,3930331,9.876218,-38.523092,8.8,-977,0.0641,-99999.,-99999.,-99999.,-99999.,-99999.,-99999.
123778,3930342,9.876137,-38.523545,8.9,-977,0.064,-99999.,-99999.,-99999.,-99999.,-99999.,-99999.
123778,3930411,9.875622,-38.526452,8.7,-979,0.06380000000000001,-99999.,-99999.,-99999.,-99999.,-99999.,-99999.
123778,3930413,9.875622,-38.526452,8.7,-979,0.06380000000000001,-99999.,-99999.,-99999.,-99999.,-99999.,-99999.
123778,3930422,9.875567,-38.526813,8.7,-979,0.0637,-99999.,-99999.,-99999.,-99999.,-99999.,-99999.
123778,3930442,9.875413,-38.527615,8.7,-979,0.0637,-99999.,-99999.,-99999.,-99999.,-99999.,-99999.
123778,3930452,9.875348,-38.527982,8.8,-979,0.0636,-99999.,-99999.,-99999.,-99999.,-99999.,-99999.
123778,3930502,9.874975,-38.530047,8.7,-980,0.0645,-99999.,-99999.,-99999.,-99999.,-99999.,-99999.
123778,3930509,9.87492,-38.530413,8.8,-981,0.0645,-99999.,-99999.,-99999.,-99999.,-99999.,-99999.
123778,3930511,9.87492,-38.530413,8.8,-981,0.0645,-99999.,-99999.,-99999.,-99999.,-99999.,-99999.
123778,3932494,9.863953,-38.607855,8.4,-951,0.06330000000000001,-99999.,-99999.,-99999.,-99999.,-99999.,-99999.
123778,3932894,9.86158,-38.623287,8.4,-955,0.062,-99999.,-99999.,-99999.,-99999.,-99999.,-99999.
123778,3933874,9.854547,-38.66116,8.5,-965,0.06380000000000001,-99999.,-99999.,-99999.,-99999.,-99999.,-99999.
123778,3935052,9.846403,-38.705715,8.3,-964,0.0669,-99999.,-99999.,-99999.,-99999.,-99999.,-99999.
123778,3935323,9.844615,-38.716248,8.3,-965,0.0697,-99999.,-99999.,-99999.,-99999.,-99999.,-99999.
123778,3936754,9.836193,-38.77162,8.5,-989,0.0704,-99999.,-99999.,-99999.,-99999.,-99999.,-99999.
123778,3937394,9.832825,-38.79654,8.4,-984,0.0565,-99999.,-99999.,-99999.,-99999.,-99999.,-99999.
123778,3937834,9.830392,-38.813712,8.,-989,0.056600000000000004,-99999.,-99999.,-99999.,-99999.,-99999.,-99999.
123778,3938731,9.82542,-38.849218,8.5,-994,0.0584,-99999.,-99999.,-99999.,-99999.,-99999.,-99999.
123778,3940062,9.819258,-38.901862,8.5,-994,0.058100000000000006,-99999.,-99999.,-99999.,-99999.,-99999.,-99999.
123778,3941341,9.814018,-38.952972,8.4,-983,0.057100000000000005,-99999.,-99999.,-99999.,-99999.,-99999.,-99999.
123778,3941903,9.810903,-38.97502,8.6,-990,-99999,-99999.,-99999.,-99999.,-99999.,-99999.,-99999.
123778,3942335,9.80868,-38.992073,8.7,-994,-99999,-99999.,-99999.,-99999.,-99999.,-99999.,-99999.
123778,3943722,9.799293,-39.04744,8.5,-968,0.061900000000000004,-99999.,-99999.,-99999.,-99999.,-99999.,-99999.
123778,3944154,9.79666,-39.064233,8.6,-982,0.062200000000000005,-99999.,-99999.,-99999.,-99999.,-99999.,-99999.
123778,3944264,9.796012,-39.0687,8.8,-986,0.062200000000000005,-99999.,-99999.,-99999.,-99999.,-99999.,-99999.
123778,3945033,9.791567,-39.099907,8.5,-924,0.0567,-99999.,-99999.,-99999.,-99999.,-99999.,-99999.
123778,3946383,9.784318,-39.154085,8.4,-983,0.055600000000000004,-99999.,-99999.,-99999.,-99999.,-99999.,-99999.
123778,3968323,9.847055,-39.3366,1.3,-993,0.0587,-99999.,-99999.,-99999.,-99999.,-99999.,-99999.
123778,3968392,9.847153,-39.337025,1.4,-993,0.0587,-99999.,-99999.,-99999.,-99999.,-99999.,-99999.
123778,3968393,9.847153,-39.337025,1.4,-993,0.0587,-99999.,-99999.,-99999.,-99999.,-99999.,-99999.
123778,3968422,9.847195,-39.337205,1.4,-993,0.0587,-99999.,-99999.,-99999.,-99999.,-99999.,-99999.
123778,3968502,9.847307,-39.337693,1.4,-993,0.058800000000000005,-99999.,-99999.,-99999.,-99999.,-99999.,-99999.
123778,3968562,9.847372,-39.338045,1.2,-993,0.058800000000000005,-99999.,-99999.,-99999.,-99999.,-99999.,-99999.
123778,3973833,9.854652,-39.367953,1.2,-990,0.0604,-99999.,-99999.,-99999.,-99999.,-99999.,-99999.
123778,3973872,9.854692,-39.368195,1.4,-990,0.0604,-99999.,-99999.,-99999.,-99999.,-99999.,-99999.
123778,3974103,9.855032,-39.369632,1.3,-989,0.060500000000000005,-99999.,-99999.,-99999.,-99999.,-99999.,-99999.
123778,3974113,9.85503,-39.369692,1.2,-989,0.060500000000000005,-99999.,-99999.,-99999.,-99999.,-99999.,-99999.
123778,3974142,9.855038,-39.369867,1.4,-989,0.060500000000000005,-99999.,-99999.,-99999.,-99999.,-99999.,-99999.
123778,3974143,9.855038,-39.369867,1.4,-989,0.060500000000000005,-99999.,-99999.,-99999.,-99999.,-99999.,-99999.
123778,3974233,9.855092,-39.370405,1.3,-989,0.060500000000000005,-99999.,-99999.,-99999.,-99999.,-99999.,-99999.
123778,3974312,9.855175,-39.370815,1.1,-989,0.0606,-99999.,-99999.,-99999.,-99999.,-99999.,-99999.
123778,3974343,9.855215,-39.370992,1.2,-989,0.0606,-99999.,-99999.,-99999.,-99999.,-99999.,-99999.
123778,3974379,9.855277,-39.371182,1.2,-989,0.0606,-99999.,-99999.,-99999.,-99999.,-99999.,-99999.
123778,3974388,9.855293,-39.37123,1.2,-989,0.0606,-99999.,-99999.,-99999.,-99999.,-99999.,-99999.
123778,3974397,9.855308,-39.37127,1.1,-989,0.0606,-99999.,-99999.,-99999.,-99999.,-99999.,-99999.
123778,3974399,9.855312,-39.37128,1.2,-989,0.0606,-99999.,-99999.,-99999.,-99999.,-99999.,-99999.
123778,3974429,9.85537,-39.371432,1.2,-989,0.0606,-99999.,-99999.,-99999.,-99999.,-99999.,-99999.
123778,3974437,9.855382,-39.371468,1.1,-989,0.0606,-99999.,-99999.,-99999.,-99999.,-99999.,-99999.
123778,3974443,9.855392,-39.371507,1.2,-989,0.0606,-99999.,-99999.,-99999.,-99999.,-99999.,-99999.
123778,3974452,9.855402,-39.37155,1.2,-989,0.0606,-99999.,-99999.,-99999.,-99999.,-99999.,-99999.
123778,3974512,9.85547,-39.371878,1.3,-989,0.0606,-99999.,-99999.,-99999.,-99999.,-99999.,-99999.
123778,3974523,9.855482,-39.371943,1.1,-989,0.0606,-99999.,-99999.,-99999.,-99999.,-99999.,-99999.
123778,3977611,9.844967,-39.3742,4.9,-989,0.061200000000000004,-99999.,-99999.,-99999.,-99999.,-99999.,-99999.
123778,3978763,9.82377,-39.357733,5.1,-929,0.0585,-99999.,-99999.,-99999.,-99999.,-99999.,-99999.
123778,3978814,9.822835,-39.356957,5.1,-929,0.0585,-99999.,-99999.,-99999.,-99999.,-99999.,-99999.
123778,3980063,9.803903,-39.335083,4.8,-905,0.058100000000000006,-99999.,-99999.,-99999.,-99999.,-99999.,-99999.
123778,3980364,9.800435,-39.329102,5.,-989,0.059300000000000005,-99999.,-99999.,-99999.,-99999.,-99999.,-99999.
123778,3981147,9.798407,-39.318043,5.1,-977,0.0589,-99999.,-99999.,-99999.,-99999.,-99999.,-99999.
123778,3981640,9.803055,-39.305597,7.6,-964,0.0582,-99999.,-99999.,-99999.,-99999.,-99999.,-99999.
123778,3982343,9.808745,-39.300253,6.4,-958,0.058,-99999.,-99999.,-99999.,-99999.,-99999.,-99999.
123778,3982854,9.81107,-39.289283,7.5,-946,0.0596,-99999.,-99999.,-99999.,-99999.,-99999.,-99999.
123778,3983570,9.812773,-39.271572,7.,-926,0.0587,-99999.,-99999.,-99999.,-99999.,-99999.,-99999.
123778,3983823,9.812853,-39.263112,7.2,-917,0.058300000000000005,-99999.,-99999.,-99999.,-99999.,-99999.,-99999.
123778,3984114,9.813142,-39.253217,7.4,-906,0.057800000000000004,-99999.,-99999.,-99999.,-99999.,-99999.,-99999.
123778,3984275,9.813592,-39.2476,7.3,-992,0.0656,-99999.,-99999.,-99999.,-99999.,-99999.,-99999.
123778,3984890,9.81458,-39.233877,7.2,-977,0.0608,-99999.,-99999.,-99999.,-99999.,-99999.,-99999.
123778,3985343,9.815052,-39.221228,7.6,-963,0.0563,-99999.,-99999.,-99999.,-99999.,-99999.,-99999.
123778,3986237,9.816957,-39.205843,6.3,-946,0.06570000000000001,-99999.,-99999.,-99999.,-99999.,-99999.,-99999.
123778,3986648,9.820368,-39.192158,7.2,-931,0.061000000000000006,-99999.,-99999.,-99999.,-99999.,-99999.,-99999.
123778,3987341,9.82487,-39.175562,7.4,-913,0.055200000000000006,-99999.,-99999.,-99999.,-99999.,-99999.,-99999.
123778,3987857,9.82818,-39.164377,7.4,-993,0.06570000000000001,-99999.,-99999.,-99999.,-99999.,-99999.,-99999.
123778,3988666,9.83194,-39.143412,7.1,-970,0.059300000000000005,-99999.,-99999.,-99999.,-99999.,-99999.,-99999.
123778,3989193,9.83365,-39.13192,4.6,-997,0.0665,-99999.,-99999.,-99999.,-99999.,-99999.,-99999.
123778,3989897,9.834898,-39.121745,2.4,-997,0.062400000000000004,-99999.,-99999.,-99999.,-99999.,-99999.,-99999.
123778,3991177,9.837638,-39.09415,7.4,-997,0.062400000000000004,-99999.,-99999.,-99999.,-99999.,-99999.,-99999.
123778,3991364,9.837853,-39.091167,6.9,-997,0.062400000000000004,-99999.,-99999.,-99999.,-99999.,-99999.,-99999.
123778,3992630,9.840802,-39.065775,3.1,-997,0.062400000000000004,-99999.,-99999.,-99999.,-99999.,-99999.,-99999.
123778,4012534,9.900895,-38.64695,7.7,-964,0.061500000000000006,-99999.,-99999.,-99999.,-99999.,-99999.,-99999.
123778,4012535,9.900887,-38.646913,7.7,-964,0.061500000000000006,-99999.,-99999.,-99999.,-99999.,-99999.,-99999.
123778,4012538,9.900857,-38.64681,7.7,-964,0.061500000000000006,-99999.,-99999.,-99999.,-99999.,-99999.,-99999.
123778,4012539,9.900857,-38.64681,7.7,-964,0.061500000000000006,-99999.,-99999.,-99999.,-99999.,-99999.,-99999.
123778,4012542,9.900812,-38.646672,7.7,-964,0.061500000000000006,-99999.,-99999.,-99999.,-99999.,-99999.,-99999.
123778,4012545,9.900775,-38.64657,7.7,-964,0.061500000000000006,-99999.,-99999.,-99999.,-99999.,-99999.,-99999.
123778,4012548,9.900743,-38.646467,7.7,-964,0.061500000000000006,-99999.,-99999.,-99999.,-99999.,-99999.,-99999.
123778,4012552,9.900707,-38.646328,7.6,-964,0.061500000000000006,-99999.,-99999.,-99999.,-99999.,-99999.,-99999.
123778,4012581,9.900448,-38.645343,7.4,-963,0.0616,-99999.,-99999.,-99999.,-99999.,-99999.,-99999.
123778,4012589,9.900368,-38.645083,7.3,-963,0.0616,-99999.,-99999.,-99999.,-99999.,-99999.,-99999.
123778,4012602,9.900252,-38.644685,6.7,-963,0.061700000000000005,-99999.,-99999.,-99999.,-99999.,-99999.,-99999.
123778,4012606,9.900267,-38.644578,6.1,-963,0.061700000000000005,-99999.,-99999.,-99999.,-99999.,-99999.,-99999.
123778,4012609,9.900292,-38.644512,5.6,-963,0.061700000000000005,-99999.,-99999.,-99999.,-99999.,-99999.,-99999.
123778,4012612,9.900327,-38.644453,5.2,-963,0.061700000000000005,-99999.,-99999.,-99999.,-99999.,-99999.,-99999.
123778,4012636,9.900663,-38.644295,2.8,-963,0.061700000000000005,-99999.,-99999.,-99999.,-99999.,-99999.,-99999.
123778,4012639,9.900697,-38.644303,2.5,-963,0.061700000000000005,-99999.,-99999.,-99999.,-99999.,-99999.,-99999.
123778,4012640,9.900697,-38.644303,2.5,-963,0.061700000000000005,-99999.,-99999.,-99999.,-99999.,-99999.,-99999.
123778,4012662,9.900928,-38.644507,2.3,-963,0.061700000000000005,-99999.,-99999.,-99999.,-99999.,-99999.,-99999.
123778,4012663,9.900928,-38.644507,2.3,-963,0.061700000000000005,-99999.,-99999.,-99999.,-99999.,-99999.,-99999.
123778,4012671,9.900892,-38.644618,2.,-963,0.061700000000000005,-99999.,-99999.,-99999.,-99999.,-99999.,-99999.
123778,4012676,9.900845,-38.644653,1.7,-963,0.061700000000000005,-99999.,-99999.,-99999.,-99999.,-99999.,-99999.
123778,4012679,9.900815,-38.644665,1.7,-963,0.061700000000000005,-99999.,-99999.,-99999.,-99999.,-99999.,-99999.
123778,4012680,9.900815,-38.644665,1.7,-963,0.061700000000000005,-99999.,-99999.,-99999.,-99999.,-99999.,-99999.
123778,4012681,9.900797,-38.64467,1.6,-963,0.061700000000000005,-99999.,-99999.,-99999.,-99999.,-99999.,-99999.
123778,4012682,9.900797,-38.64467,1.6,-963,0.061700000000000005,-99999.,-99999.,-99999.,-99999.,-99999.,-99999.
123778,4012686,9.900748,-38.644668,1.5,-963,0.061700000000000005,-99999.,-99999.,-99999.,-99999.,-99999.,-99999.
123778,4012695,9.900677,-38.644635,1.4,-963,0.061700000000000005,-99999.,-99999.,-99999.,-99999.,-99999.,-99999.
123778,4012718,9.900548,-38.644383,2.7,-963,0.061700000000000005,-99999.,-99999.,-99999.,-99999.,-99999.,-99999.
123778,4012735,9.900422,-38.644047,4.3,-963,0.061700000000000005,-99999.,-99999.,-99999.,-99999.,-99999.,-99999.
123778,4012738,9.900388,-38.643982,4.5,-963,0.061700000000000005,-99999.,-99999.,-99999.,-99999.,-99999.,-99999.
123778,4012741,9.900352,-38.643915,4.6,-963,0.061700000000000005,-99999.,-99999.,-99999.,-99999.,-99999.,-99999.
123778,4012745,9.900313,-38.643822,4.8,-963,0.061700000000000005,-99999.,-99999.,-99999.,-99999.,-99999.,-99999.
123778,4012762,9.900177,-38.643393,5.4,-963,0.0618,-99999.,-99999.,-99999.,-99999.,-99999.,-99999.
123778,4012775,9.900055,-38.643082,5.4,-963,0.0618,-99999.,-99999.,-99999.,-99999.,-99999.,-99999.
123778,4012786,9.899943,-38.642843,5.2,-963,0.0618,-99999.,-99999.,-99999.,-99999.,-99999.,-99999.
123778,4012821,9.899637,-38.641973,5.5,-963,0.061900000000000004,-99999.,-99999.,-99999.,-99999.,-99999.,-99999.
123778,4012822,9.899637,-38.641973,5.5,-963,0.061900000000000004,-99999.,-99999.,-99999.,-99999.,-99999.,-99999.
123778,4012851,9.899402,-38.641272,5.3,-962,0.062,-99999.,-99999.,-99999.,-99999.,-99999.,-99999.
123778,4012862,9.8993,-38.641045,5.4,-962,0.062,-99999.,-99999.,-99999.,-99999.,-99999.,-99999.
123778,4012872,9.899192,-38.64078,5.5,-962,0.062,-99999.,-99999.,-99999.,-99999.,-99999.,-99999.
123778,4012882,9.899088,-38.64054,5.5,-962,0.062,-99999.,-99999.,-99999.,-99999.,-99999.,-99999.
123778,4012891,9.898987,-38.640332,5.5,-962,0.062,-99999.,-99999.,-99999.,-99999.,-99999.,-99999.
123778,4012892,9.898987,-38.640332,5.5,-962,0.062,-99999.,-99999.,-99999.,-99999.,-99999.,-99999.
123778,4012901,9.89884,-38.64007,5.7,-962,0.062,-99999.,-99999.,-99999.,-99999.,-99999.,-99999.
123778,4012902,9.89884,-38.64007,5.7,-962,0.062,-99999.,-99999.,-99999.,-99999.,-99999.,-99999.
123778,4012912,9.898743,-38.63985,5.6,-962,0.0621,-99999.,-99999.,-99999.,-99999.,-99999.,-99999.
123778,4012915,9.898702,-38.63973,5.5,-962,0.0621,-99999.,-99999.,-99999.,-99999.,-99999.,-99999.
123778,4012916,9.898702,-38.63973,5.5,-962,0.0621,-99999.,-99999.,-99999.,-99999.,-99999.,-99999.
123778,4012919,9.898667,-38.639642,5.3,-962,0.0621,-99999.,-99999.,-99999.,-99999.,-99999.,-99999.
123778,4012920,9.898667,-38.639642,5.3,-962,0.0621,-99999.,-99999.,-99999.,-99999.,-99999.,-99999.
123778,4012924,9.898628,-38.639532,5.2,-962,0.0621,-99999.,-99999.,-99999.,-99999.,-99999.,-99999.
123778,4012925,9.898628,-38.639532,5.2,-962,0.0621,-99999.,-99999.,-99999.,-99999.,-99999.,-99999.
123778,4012932,9.898568,-38.63939,4.9,-962,0.0621,-99999.,-99999.,-99999.,-99999.,-99999.,-99999.
123778,4012940,9.898503,-38.639262,4.6,-962,0.0621,-99999.,-99999.,-99999.,-99999.,-99999.,-99999.
123778,4012982,9.898432,-38.63831,5.4,-962,0.062200000000000005,-99999.,-99999.,-99999.,-99999.,-99999.,-99999.
123778,4012985,9.898483,-38.638233,5.7,-962,0.062200000000000005,-99999.,-99999.,-99999.,-99999.,-99999.,-99999.
123778,4012989,9.898557,-38.638133,5.9,-962,0.062200000000000005,-99999.,-99999.,-99999.,-99999.,-99999.,-99999.
123778,4012992,9.898617,-38.638057,6.1,-962,0.062200000000000005,-99999.,-99999.,-99999.,-99999.,-99999.,-99999.
123778,4013002,9.898852,-38.637817,6.7,-962,0.0623,-99999.,-99999.,-99999.,-99999.,-99999.,-99999.
123778,4013052,9.900252,-38.636552,8.3,-961,0.0625,-99999.,-99999.,-99999.,-99999.,-99999.,-99999.
123778,4013092,9.901427,-38.635482,8.5,-961,0.0626,-99999.,-99999.,-99999.,-99999.,-99999.,-99999.
123778,4016913,10.00715,-38.542108,8.,-1017,0.056900000000000006,-99999.,-99999.,-99999.,-99999.,-99999.,-99999.
123778,4016973,10.008688,-38.540503,7.8,-1017,0.057300000000000004,-99999.,-99999.,-99999.,-99999.,-99999.,-99999.
123778,4018184,10.039665,-38.510288,7.9,-1011,0.057300000000000004,-99999.,-99999.,-99999.,-99999.,-99999.,-99999.
123778,4018213,10.040397,-38.509573,7.8,-1010,0.057300000000000004,-99999.,-99999.,-99999.,-99999.,-99999.,-99999.
123778,4018381,10.044862,-38.505157,8.2,-1008,0.0575,-99999.,-99999.,-99999.,-99999.,-99999.,-99999.
123778,4018732,10.0539,-38.496397,7.5,-1003,0.0599,-99999.,-99999.,-99999.,-99999.,-99999.,-99999.
123778,4018791,10.05542,-38.494852,7.8,-1004,0.059800000000000006,-99999.,-99999.,-99999.,-99999.,-99999.,-99999.
123778,4018851,10.056935,-38.493207,8.,-1006,0.0597,-99999.,-99999.,-99999.,-99999.,-99999.,-99999.
123778,4018852,10.056935,-38.493207,8.,-1006,0.0597,-99999.,-99999.,-99999.,-99999.,-99999.,-99999.
123778,4019402,10.061297,-38.47576,7.7,-1019,0.0585,-99999.,-99999.,-99999.,-99999.,-99999.,-99999.
123778,4019503,10.061997,-38.472218,7.7,-1021,0.0582,-99999.,-99999.,-99999.,-99999.,-99999.,-99999.
123778,4019854,10.064202,-38.459535,7.9,-1030,0.0572,-99999.,-99999.,-99999.,-99999.,-99999.,-99999.
123778,4020275,10.067012,-38.44447,7.7,-1039,0.0597,-99999.,-99999.,-99999.,-99999.,-99999.,-99999.
123778,4020674,10.0695,-38.429915,7.9,-1048,0.058600000000000006,-99999.,-99999.,-99999.,-99999.,-99999.,-99999.
123778,4020754,10.070072,-38.427093,7.8,-1049,0.0584,-99999.,-99999.,-99999.,-99999.,-99999.,-99999.
123778,4021064,10.072227,-38.415645,7.7,-1003,0.061900000000000004,-99999.,-99999.,-99999.,-99999.,-99999.,-99999.
123778,4021854,10.077993,-38.386237,8.1,-1050,0.059500000000000004,-99999.,-99999.,-99999.,-99999.,-99999.,-99999.
123778,4022183,10.080447,-38.373813,8.3,-1070,0.063,-99999.,-99999.,-99999.,-99999.,-99999.,-99999.
123778,4023413,10.08892,-38.328487,7.9,-989,0.064,-99999.,-99999.,-99999.,-99999.,-99999.,-99999.
123778,4023653,10.090355,-38.319873,7.8,-989,0.0639,-99999.,-99999.,-99999.,-99999.,-99999.,-99999.
123778,4024413,10.094955,-38.292522,8.1,-993,0.0632,-99999.,-99999.,-99999.,-99999.,-99999.,-99999.
123778,4024753,10.097492,-38.280203,7.6,-995,0.06430000000000001,-99999.,-99999.,-99999.,-99999.,-99999.,-99999.
123778,4025583,10.10422,-38.250528,7.8,-1004,0.0644,-99999.,-99999.,-99999.,-99999.,-99999.,-99999.
123778,4025584,10.10422,-38.250528,7.8,-1004,0.0644,-99999.,-99999.,-99999.,-99999.,-99999.,-99999.
123778,4026183,10.109165,-38.22898,7.8,-1004,0.0654,-99999.,-99999.,-99999.,-99999.,-99999.,-99999.
123778,4027192,10.116808,-38.192108,8.1,-1004,0.0674,-99999.,-99999.,-99999.,-99999.,-99999.,-99999.
123778,4027273,10.11751,-38.189142,8.1,-1004,0.0673,-99999.,-99999.,-99999.,-99999.,-99999.,-99999.
123778,4028213,10.124907,-38.153837,8.4,-1007,0.0716,-99999.,-99999.,-99999.,-99999.,-99999.,-99999.
123778,4028464,10.126667,-38.144185,8.,-1007,0.07050000000000001,-99999.,-99999.,-99999.,-99999.,-99999.,-99999.
123778,4029582,10.13454,-38.102468,7.9,-1007,0.06670000000000001,-99999.,-99999.,-99999.,-99999.,-99999.,-99999.
123778,4031023,10.142707,-38.049695,8.3,-1007,0.06430000000000001,-99999.,-99999.,-99999.,-99999.,-99999.,-99999.
123778,4056472,10.180637,-37.725672,0.9,-1004,0.0627,-99999.,-99999.,-99999.,-99999.,-99999.,-99999.
123778,4056473,10.180637,-37.725672,0.9,-1004,0.0627,-99999.,-99999.,-99999.,-99999.,-99999.,-99999.
123778,4056503,10.180555,-37.72576,0.8,-1004,0.0627,-99999.,-99999.,-99999.,-99999.,-99999.,-99999.
123778,4056513,10.180532,-37.725788,0.8,-1004,0.0627,-99999.,-99999.,-99999.,-99999.,-99999.,-99999.
123778,4056532,10.180477,-37.72586,1.,-1004,0.0627,-99999.,-99999.,-99999.,-99999.,-99999.,-99999.
123778,4056552,10.180433,-37.725918,0.9,-1004,0.0627,-99999.,-99999.,-99999.,-99999.,-99999.,-99999.
123778,4056582,10.180352,-37.726025,0.8,-1004,0.0627,-99999.,-99999.,-99999.,-99999.,-99999.,-99999.
123778,4056642,10.1802,-37.726212,0.9,-1004,0.0627,-99999.,-99999.,-99999.,-99999.,-99999.,-99999.
123778,4056643,10.1802,-37.726212,0.9,-1004,0.0627,-99999.,-99999.,-99999.,-99999.,-99999.,-99999.
123778,4056663,10.180143,-37.726283,0.9,-1004,0.0627,-99999.,-99999.,-99999.,-99999.,-99999.,-99999.
123778,4056672,10.180125,-37.72631,0.8,-1004,0.0627,-99999.,-99999.,-99999.,-99999.,-99999.,-99999.
123778,4056702,10.180053,-37.7264,1.,-1004,0.0627,-99999.,-99999.,-99999.,-99999.,-99999.,-99999.
123778,4056742,10.179938,-37.726527,0.9,-1004,0.0627,-99999.,-99999.,-99999.,-99999.,-99999.,-99999.
123778,4056743,10.179938,-37.726527,0.9,-1004,0.0627,-99999.,-99999.,-99999.,-99999.,-99999.,-99999.
123778,4062208,10.164075,-37.73894,0.6,-923,0.065,-99999.,-99999.,-99999.,-99999.,-99999.,-99999.
123778,4062235,10.164035,-37.738983,0.6,-923,0.065,-99999.,-99999.,-99999.,-99999.,-99999.,-99999.
123778,4062272,10.16397,-37.739083,0.7,-923,0.065,-99999.,-99999.,-99999.,-99999.,-99999.,-99999.
123778,4062278,10.163957,-37.739108,0.5,-923,0.065,-99999.,-99999.,-99999.,-99999.,-99999.,-99999.
123778,4062282,10.163957,-37.739108,0.5,-923,0.065,-99999.,-99999.,-99999.,-99999.,-99999.,-99999.
123778,4062328,10.163863,-37.73924,0.7,-923,0.065,-99999.,-99999.,-99999.,-99999.,-99999.,-99999.
123778,4062332,10.163863,-37.73924,0.7,-923,0.065,-99999.,-99999.,-99999.,-99999.,-99999.,-99999.
123778,4062368,10.163793,-37.739348,0.6,-923,0.065,-99999.,-99999.,-99999.,-99999.,-99999.,-99999.
123778,4062388,10.163745,-37.73941,1.,-923,0.065,-99999.,-99999.,-99999.,-99999.,-99999.,-99999.
123778,4062448,10.163602,-37.739613,1.,-923,0.0649,-99999.,-99999.,-99999.,-99999.,-99999.,-99999.
123778,4062453,10.163602,-37.739613,1.,-923,0.0649,-99999.,-99999.,-99999.,-99999.,-99999.,-99999.
123778,4062468,10.163553,-37.739688,1.,-923,0.0649,-99999.,-99999.,-99999.,-99999.,-99999.,-99999.
123778,4062469,10.163553,-37.739688,1.,-923,0.0649,-99999.,-99999.,-99999.,-99999.,-99999.,-99999.
123778,4062514,10.16342,-37.73985,1.,-923,0.0649,-99999.,-99999.,-99999.,-99999.,-99999.,-99999.
123778,4062521,10.163397,-37.739875,1.,-923,0.0649,-99999.,-99999.,-99999.,-99999.,-99999.,-99999.
123778,4062522,10.163397,-37.739875,1.,-923,0.0649,-99999.,-99999.,-99999.,-99999.,-99999.,-99999.
123778,4062537,10.163338,-37.739927,1.,-923,0.0649,-99999.,-99999.,-99999.,-99999.,-99999.,-99999.
123778,4062557,10.163277,-37.739993,0.9,-923,0.0649,-99999.,-99999.,-99999.,-99999.,-99999.,-99999.
123778,4062597,10.16312,-37.740105,1.,-923,0.0649,-99999.,-99999.,-99999.,-99999.,-99999.,-99999.
123778,4062617,10.163045,-37.740142,0.8,-923,0.0649,-99999.,-99999.,-99999.,-99999.,-99999.,-99999.
123778,4062688,10.162795,-37.74024,0.8,-923,0.0649,-99999.,-99999.,-99999.,-99999.,-99999.,-99999.
123778,4062689,10.162795,-37.74024,0.8,-923,0.0649,-99999.,-99999.,-99999.,-99999.,-99999.,-99999.
123778,4064642,10.156917,-37.74517,1.,-926,0.06430000000000001,-99999.,-99999.,-99999.,-99999.,-99999.,-99999.
123778,4065553,10.16217,-37.747543,3.8,-919,0.06420000000000001,-99999.,-99999.,-99999.,-99999.,-99999.,-99999.
123778,4066042,10.17087,-37.748998,3.6,-1009,0.0614,-99999.,-99999.,-99999.,-99999.,-99999.,-99999.
123778,4066843,10.185153,-37.749193,5.2,-1009,0.0621,-99999.,-99999.,-99999.,-99999.,-99999.,-99999.
123778,4067266,10.187937,-37.751502,3.6,-933,0.06670000000000001,-99999.,-99999.,-99999.,-99999.,-99999.,-99999.
123778,4067537,10.186482,-37.759448,7.8,-939,0.0661,-99999.,-99999.,-99999.,-99999.,-99999.,-99999.
123778,4067954,10.179582,-37.772318,8.3,-947,0.0649,-99999.,-99999.,-99999.,-99999.,-99999.,-99999.
123778,4068433,10.173478,-37.789368,7.7,-961,0.0637,-99999.,-99999.,-99999.,-99999.,-99999.,-99999.
123778,4069259,10.164215,-37.815098,8.5,-990,0.0726,-99999.,-99999.,-99999.,-99999.,-99999.,-99999.
123778,4069536,10.163053,-37.817867,2.,-989,0.0724,-99999.,-99999.,-99999.,-99999.,-99999.,-99999.
123778,4069836,10.159758,-37.826807,8.,-984,0.07200000000000001,-99999.,-99999.,-99999.,-99999.,-99999.,-99999.
123778,4070383,10.153513,-37.842577,2.3,-1006,0.0687,-99999.,-99999.,-99999.,-99999.,-99999.,-99999.
123778,4070694,10.149803,-37.852378,8.2,-1006,0.0689,-99999.,-99999.,-99999.,-99999.,-99999.,-99999.
123778,4071012,10.146342,-37.86358,8.,-1005,0.0689,-99999.,-99999.,-99999.,-99999.,-99999.,-99999.
123778,4071650,10.141558,-37.880372,7.8,-1003,0.06760000000000001,-99999.,-99999.,-99999.,-99999.,-99999.,-99999.
123778,4072267,10.136317,-37.904085,8.4,-1001,0.0656,-99999.,-99999.,-99999.,-99999.,-99999.,-99999.
123778,4072943,10.133225,-37.927138,5.8,-1007,0.0673,-99999.,-99999.,-99999.,-99999.,-99999.,-99999.
123778,4073367,10.132873,-37.940403,1.9,-1007,0.0658,-99999.,-99999.,-99999.,-99999.,-99999.,-99999.
123778,4074210,10.133653,-37.962983,4.3,-1006,0.065,-99999.,-99999.,-99999.,-99999.,-99999.,-99999.
123778,4074747,10.134638,-37.974833,7.3,-1006,0.06430000000000001,-99999.,-99999.,-99999.,-99999.,-99999.,-99999.
123778,4074755,10.13471,-37.975133,7.3,-1006,0.06430000000000001,-99999.,-99999.,-99999.,-99999.,-99999.,-99999.
123778,4075564,10.133592,-37.997943,7.3,-1006,0.0631,-99999.,-99999.,-99999.,-99999.,-99999.,-99999.
123778,4076158,10.130443,-38.01576,7.8,-1007,0.0637,-99999.,-99999.,-99999.,-99999.,-99999.,-99999.
123778,4076823,10.127277,-38.027827,7.6,-1007,0.0632,-99999.,-99999.,-99999.,-99999.,-99999.,-99999.
123778,4077237,10.123618,-38.040252,1.6,-1007,0.064,-99999.,-99999.,-99999.,-99999.,-99999.,-99999.
123778,4078143,10.118283,-38.063203,8.6,-1006,0.065,-99999.,-99999.,-99999.,-99999.,-99999.,-99999.
123778,4078543,10.115967,-38.071633,7.9,-1006,0.0645,-99999.,-99999.,-99999.,-99999.,-99999.,-99999.
123778,4100851,10.091853,-38.599685,8.6,-983,0.0582,-99999.,-99999.,-99999.,-99999.,-99999.,-99999.
123778,4100852,10.091853,-38.599685,8.6,-983,0.0582,-99999.,-99999.,-99999.,-99999.,-99999.,-99999.
123778,4100931,10.091548,-38.60296,8.8,-980,0.0582,-99999.,-99999.,-99999.,-99999.,-99999.,-99999.
123778,4100932,10.091548,-38.60296,8.8,-980,0.0582,-99999.,-99999.,-99999.,-99999.,-99999.,-99999.
123778,4100991,10.09131,-38.605355,8.5,-977,0.0582,-99999.,-99999.,-99999.,-99999.,-99999.,-99999.
123778,4101031,10.091148,-38.60692,8.4,-976,0.058300000000000005,-99999.,-99999.,-99999.,-99999.,-99999.,-99999.
123778,4101032,10.091148,-38.60692,8.4,-976,0.058300000000000005,-99999.,-99999.,-99999.,-99999.,-99999.,-99999.
123778,4101040,10.091113,-38.607275,8.4,-975,0.058300000000000005,-99999.,-99999.,-99999.,-99999.,-99999.,-99999.
123778,4101051,10.091065,-38.607713,8.5,-975,0.058300000000000005,-99999.,-99999.,-99999.,-99999.,-99999.,-99999.
123778,4101052,10.091065,-38.607713,8.5,-975,0.058300000000000005,-99999.,-99999.,-99999.,-99999.,-99999.,-99999.
123778,4101111,10.090767,-38.610132,8.7,-972,0.058300000000000005,-99999.,-99999.,-99999.,-99999.,-99999.,-99999.
123778,4101112,10.090767,-38.610132,8.7,-972,0.058300000000000005,-99999.,-99999.,-99999.,-99999.,-99999.,-99999.
123778,4101171,10.090457,-38.612578,8.6,-970,0.0584,-99999.,-99999.,-99999.,-99999.,-99999.,-99999.
123778,4101172,10.090457,-38.612578,8.6,-970,0.0584,-99999.,-99999.,-99999.,-99999.,-99999.,-99999.
123778,4101212,10.090273,-38.614142,8.4,-968,0.0584,-99999.,-99999.,-99999.,-99999.,-99999.,-99999.
123778,4101241,10.090125,-38.615335,8.5,-967,0.0584,-99999.,-99999.,-99999.,-99999.,-99999.,-99999.
123778,4101271,10.089955,-38.616537,8.6,-966,0.0584,-99999.,-99999.,-99999.,-99999.,-99999.,-99999.
123778,4101272,10.089955,-38.616537,8.6,-966,0.0584,-99999.,-99999.,-99999.,-99999.,-99999.,-99999.
123778,4101285,10.089918,-38.617015,8.5,-965,0.0584,-99999.,-99999.,-99999.,-99999.,-99999.,-99999.
123778,4101361,10.089528,-38.620087,8.6,-962,0.0585,-99999.,-99999.,-99999.,-99999.,-99999.,-99999.
123778,4101382,10.08939,-38.62092,8.6,-961,0.0585,-99999.,-99999.,-99999.,-99999.,-99999.,-99999.
123778,4101401,10.089268,-38.62166,8.4,-960,0.0585,-99999.,-99999.,-99999.,-99999.,-99999.,-99999.
123778,4101421,10.089168,-38.622437,8.4,-960,0.0585,-99999.,-99999.,-99999.,-99999.,-99999.,-99999.
123778,4101570,10.088073,-38.628405,8.5,-953,0.0536,-99999.,-99999.,-99999.,-99999.,-99999.,-99999.
123778,4101571,10.088073,-38.628405,8.5,-953,0.0536,-99999.,-99999.,-99999.,-99999.,-99999.,-99999.
123778,4101582,10.087995,-38.62884,8.5,-953,0.0536,-99999.,-99999.,-99999.,-99999.,-99999.,-99999.
123778,4102413,10.08327,-38.662233,8.5,-998,0.052000000000000005,-99999.,-99999.,-99999.,-99999.,-99999.,-99999.
123778,4103632,10.077113,-38.710265,8.5,-998,0.054900000000000004,-99999.,-99999.,-99999.,-99999.,-99999.,-99999.
123778,4103663,10.076952,-38.711447,8.4,-998,0.0548,-99999.,-99999.,-99999.,-99999.,-99999.,-99999.
123778,4104846,10.071233,-38.757547,8.2,-994,0.0534,-99999.,-99999.,-99999.,-99999.,-99999.,-99999.
123778,4105032,10.070427,-38.764662,8.4,-991,0.053000000000000005,-99999.,-99999.,-99999.,-99999.,-99999.,-99999.
123778,4105313,10.068992,-38.775655,8.4,-986,0.052500000000000005,-99999.,-99999.,-99999.,-99999.,-99999.,-99999.
123778,4106343,10.06464,-38.815963,8.5,-968,0.052500000000000005,-99999.,-99999.,-99999.,-99999.,-99999.,-99999.
123778,4106604,10.063528,-38.826173,8.5,-964,0.0521,-99999.,-99999.,-99999.,-99999.,-99999.,-99999.
123778,4107014,10.06197,-38.842455,8.3,-997,0.057600000000000005,-99999.,-99999.,-99999.,-99999.,-99999.,-99999.
123778,4107412,10.060913,-38.858223,8.5,-995,0.057600000000000005,-99999.,-99999.,-99999.,-99999.,-99999.,-99999.
123778,4107803,10.059573,-38.87391,8.8,-993,0.057600000000000005,-99999.,-99999.,-99999.,-99999.,-99999.,-99999.
123778,4108603,10.055567,-38.906213,8.7,-986,0.0574,-99999.,-99999.,-99999.,-99999.,-99999.,-99999.
123778,4109004,10.053647,-38.921872,8.4,-990,0.0572,-99999.,-99999.,-99999.,-99999.,-99999.,-99999.
123778,4109112,10.05318,-38.926182,8.5,-990,0.057300000000000004,-99999.,-99999.,-99999.,-99999.,-99999.,-99999.
123778,4109823,10.049482,-38.954445,8.4,-995,0.057600000000000005,-99999.,-99999.,-99999.,-99999.,-99999.,-99999.
123778,4110294,10.04661,-38.97336,8.7,-998,0.0582,-99999.,-99999.,-99999.,-99999.,-99999.,-99999.
123778,4111164,10.041255,-39.008002,8.7,-991,0.061900000000000004,-99999.,-99999.,-99999.,-99999.,-99999.,-99999.
123778,4111814,10.037112,-39.034078,8.6,-995,0.0625,-99999.,-99999.,-99999.,-99999.,-99999.,-99999.
123778,4112374,10.033948,-39.056083,8.6,-998,0.061000000000000006,-99999.,-99999.,-99999.,-99999.,-99999.,-99999.
123778,4113753,10.025573,-39.110848,8.6,-999,0.0594,-99999.,-99999.,-99999.,-99999.,-99999.,-99999.
123778,4114991,10.016845,-39.160263,8.7,-1002,0.0584,-99999.,-99999.,-99999.,-99999.,-99999.,-99999.
123778,4115313,10.014777,-39.172687,8.3,-993,0.055400000000000005,-99999.,-99999.,-99999.,-99999.,-99999.,-99999.
123778,4116353,10.008683,-39.212788,8.,-999,0.0597,-99999.,-99999.,-99999.,-99999.,-99999.,-99999.
123778,4144890,9.99752,-39.423118,1.1,-993,0.058100000000000006,-99999.,-99999.,-99999.,-99999.,-99999.,-99999.
123778,4144891,9.99752,-39.423118,1.1,-993,0.058100000000000006,-99999.,-99999.,-99999.,-99999.,-99999.,-99999.
123778,4144901,9.997507,-39.423172,1.1,-993,0.058100000000000006,-99999.,-99999.,-99999.,-99999.,-99999.,-99999.
123778,4144902,9.997507,-39.423172,1.1,-993,0.058100000000000006,-99999.,-99999.,-99999.,-99999.,-99999.,-99999.
123778,4144911,9.997492,-39.423215,1.1,-993,0.058100000000000006,-99999.,-99999.,-99999.,-99999.,-99999.,-99999.
123778,4144920,9.997475,-39.423262,1.1,-993,0.058100000000000006,-99999.,-99999.,-99999.,-99999.,-99999.,-99999.
123778,4144921,9.997475,-39.423262,1.1,-993,0.058100000000000006,-99999.,-99999.,-99999.,-99999.,-99999.,-99999.
123778,4144950,9.997432,-39.423403,1.1,-993,0.058,-99999.,-99999.,-99999.,-99999.,-99999.,-99999.
123778,4144951,9.997432,-39.423403,1.1,-993,0.058,-99999.,-99999.,-99999.,-99999.,-99999.,-99999.
123778,4144961,9.997422,-39.423458,1.1,-993,0.058,-99999.,-99999.,-99999.,-99999.,-99999.,-99999.
123778,4145010,9.997363,-39.4237,1.1,-993,0.058,-99999.,-99999.,-99999.,-99999.,-99999.,-99999.
123778,4145011,9.997363,-39.4237,1.1,-993,0.058,-99999.,-99999.,-99999.,-99999.,-99999.,-99999.
123778,4145040,9.997322,-39.423862,1.1,-993,0.058,-99999.,-99999.,-99999.,-99999.,-99999.,-99999.
123778,4145070,9.997285,-39.424015,1.2,-993,0.0579,-99999.,-99999.,-99999.,-99999.,-99999.,-99999.
123778,4145081,9.99727,-39.424068,1.2,-993,0.0579,-99999.,-99999.,-99999.,-99999.,-99999.,-99999.
123778,4145082,9.99727,-39.424068,1.2,-993,0.0579,-99999.,-99999.,-99999.,-99999.,-99999.,-99999.
123778,4145091,9.997257,-39.424117,1.,-993,0.0579,-99999.,-99999.,-99999.,-99999.,-99999.,-99999.
123778,4145121,9.9972,-39.424267,1.2,-993,0.0579,-99999.,-99999.,-99999.,-99999.,-99999.,-99999.
123778,4145122,9.9972,-39.424267,1.2,-993,0.0579,-99999.,-99999.,-99999.,-99999.,-99999.,-99999.
123778,4145131,9.997183,-39.42431,1.2,-993,0.0579,-99999.,-99999.,-99999.,-99999.,-99999.,-99999.
123778,4145141,9.997167,-39.424355,0.9,-993,0.0579,-99999.,-99999.,-99999.,-99999.,-99999.,-99999.
123778,4145142,9.997167,-39.424355,0.9,-993,0.0579,-99999.,-99999.,-99999.,-99999.,-99999.,-99999.
123778,4145152,9.997147,-39.424398,1.1,-993,0.0579,-99999.,-99999.,-99999.,-99999.,-99999.,-99999.
123778,4145162,9.997123,-39.424447,1.2,-993,0.0579,-99999.,-99999.,-99999.,-99999.,-99999.,-99999.
123778,4145186,9.997077,-39.42455,1.2,-993,0.0579,-99999.,-99999.,-99999.,-99999.,-99999.,-99999.
123778,4145201,9.997048,-39.424618,1.,-993,0.0579,-99999.,-99999.,-99999.,-99999.,-99999.,-99999.
123778,4145227,9.99699,-39.424735,1.2,-993,0.057800000000000004,-99999.,-99999.,-99999.,-99999.,-99999.,-99999.
123778,4145233,9.996983,-39.42476,1.,-993,0.057800000000000004,-99999.,-99999.,-99999.,-99999.,-99999.,-99999.
123778,4145239,9.99697,-39.424795,1.1,-993,0.057800000000000004,-99999.,-99999.,-99999.,-99999.,-99999.,-99999.
123778,4145253,9.996937,-39.424868,1.1,-993,0.057800000000000004,-99999.,-99999.,-99999.,-99999.,-99999.,-99999.
123778,4145254,9.996937,-39.424868,1.1,-993,0.057800000000000004,-99999.,-99999.,-99999.,-99999.,-99999.,-99999.
123778,4145268,9.996903,-39.424942,1.1,-993,0.057800000000000004,-99999.,-99999.,-99999.,-99999.,-99999.,-99999.
123778,4145269,9.996903,-39.424942,1.1,-993,0.057800000000000004,-99999.,-99999.,-99999.,-99999.,-99999.,-99999.
123778,4145271,9.9969,-39.42495,1.1,-993,0.057800000000000004,-99999.,-99999.,-99999.,-99999.,-99999.,-99999.
123778,4145274,9.996888,-39.42497,1.2,-993,0.057800000000000004,-99999.,-99999.,-99999.,-99999.,-99999.,-99999.
123778,4145275,9.996888,-39.42497,1.2,-993,0.057800000000000004,-99999.,-99999.,-99999.,-99999.,-99999.,-99999.
123778,4145280,9.996877,-39.425,1.1,-993,0.057800000000000004,-99999.,-99999.,-99999.,-99999.,-99999.,-99999.
123778,4145281,9.996877,-39.425,1.1,-993,0.057800000000000004,-99999.,-99999.,-99999.,-99999.,-99999.,-99999.
123778,4145331,9.996775,-39.425242,1.2,-993,0.057800000000000004,-99999.,-99999.,-99999.,-99999.,-99999.,-99999.
123778,4145370,9.996682,-39.425437,1.2,-993,0.057800000000000004,-99999.,-99999.,-99999.,-99999.,-99999.,-99999.
123778,4145371,9.996682,-39.425437,1.2,-993,0.057800000000000004,-99999.,-99999.,-99999.,-99999.,-99999.,-99999.
123778,4145405,9.996618,-39.425608,1.1,-993,0.0577,-99999.,-99999.,-99999.,-99999.,-99999.,-99999.
123778,4145412,9.996607,-39.425645,1.,-993,0.0577,-99999.,-99999.,-99999.,-99999.,-99999.,-99999.
123778,4145444,9.996547,-39.425812,1.,-993,0.0577,-99999.,-99999.,-99999.,-99999.,-99999.,-99999.
123778,4145450,9.996527,-39.425847,1.1,-993,0.0577,-99999.,-99999.,-99999.,-99999.,-99999.,-99999.
123778,4148722,9.994168,-39.43789,0.3,-993,0.0558,-99999.,-99999.,-99999.,-99999.,-99999.,-99999.
123778,4149843,9.993367,-39.441327,0.8,-993,0.055200000000000006,-99999.,-99999.,-99999.,-99999.,-99999.,-99999.
123778,4150164,9.993338,-39.442497,0.6,-992,0.055,-99999.,-99999.,-99999.,-99999.,-99999.,-99999.
123778,4150934,9.995208,-39.440302,4.,-993,0.055200000000000006,-99999.,-99999.,-99999.,-99999.,-99999.,-99999.
123778,4151063,9.996593,-39.438252,4.2,-993,0.0555,-99999.,-99999.,-99999.,-99999.,-99999.,-99999.
123778,4151484,10.001323,-39.43149,4.3,-966,0.056400000000000006,-99999.,-99999.,-99999.,-99999.,-99999.,-99999.
123778,4152463,10.012557,-39.415697,4.2,-998,0.0596,-99999.,-99999.,-99999.,-99999.,-99999.,-99999.
123778,4152773,10.016125,-39.410722,4.2,-996,0.059300000000000005,-99999.,-99999.,-99999.,-99999.,-99999.,-99999.
123778,4153519,10.02574,-39.401098,0.6,-992,0.0584,-99999.,-99999.,-99999.,-99999.,-99999.,-99999.
123778,4154100,10.027647,-39.393115,7.3,-989,0.057800000000000004,-99999.,-99999.,-99999.,-99999.,-99999.,-99999.
123778,4154724,10.020853,-39.382232,7.5,-985,0.057600000000000005,-99999.,-99999.,-99999.,-99999.,-99999.,-99999.
123778,4155147,10.013902,-39.37607,4.,-983,0.058,-99999.,-99999.,-99999.,-99999.,-99999.,-99999.
123778,4155984,10.00126,-39.365463,7.2,-980,0.0585,-99999.,-99999.,-99999.,-99999.,-99999.,-99999.
123778,4156218,9.999133,-39.361253,7.3,-979,0.061200000000000004,-99999.,-99999.,-99999.,-99999.,-99999.,-99999.
123778,4156485,9.99739,-39.3554,2.2,-981,0.062,-99999.,-99999.,-99999.,-99999.,-99999.,-99999.
123778,4156542,9.996967,-39.354022,6.3,-982,0.062200000000000005,-99999.,-99999.,-99999.,-99999.,-99999.,-99999.
123778,4157340,9.991817,-39.334585,5.7,-988,0.0651,-99999.,-99999.,-99999.,-99999.,-99999.,-99999.
123778,4157744,9.989163,-39.321727,7.4,-972,0.061200000000000004,-99999.,-99999.,-99999.,-99999.,-99999.,-99999.
123778,4158620,9.987577,-39.30112,6.7,-975,0.0644,-99999.,-99999.,-99999.,-99999.,-99999.,-99999.
123778,4159247,9.987307,-39.28687,6.1,-978,0.0606,-99999.,-99999.,-99999.,-99999.,-99999.,-99999.
123778,4159819,9.986795,-39.275668,6.9,-979,0.0611,-99999.,-99999.,-99999.,-99999.,-99999.,-99999.
123778,4161191,9.985877,-39.244718,5.,-981,0.061900000000000004,-99999.,-99999.,-99999.,-99999.,-99999.,-99999.
123778,4161672,9.986423,-39.235875,6.9,-982,0.060700000000000004,-99999.,-99999.,-99999.,-99999.,-99999.,-99999.
123778,4163784,9.978265,-39.191182,3.1,-989,0.056100000000000004,-99999.,-99999.,-99999.,-99999.,-99999.,-99999.
123778,4183577,10.044183,-38.777083,1.9,-990,0.0526,-99999.,-99999.,-99999.,-99999.,-99999.,-99999.
123778,4183611,10.044288,-38.776732,2.4,-990,0.0526,-99999.,-99999.,-99999.,-99999.,-99999.,-99999.
123778,4183612,10.044288,-38.776732,2.4,-990,0.0526,-99999.,-99999.,-99999.,-99999.,-99999.,-99999.
123778,4183634,10.044118,-38.776472,3.,-990,0.0526,-99999.,-99999.,-99999.,-99999.,-99999.,-99999.
123778,4183635,10.044118,-38.776472,3.,-990,0.0526,-99999.,-99999.,-99999.,-99999.,-99999.,-99999.
123778,4183770,10.039767,-38.775768,7.9,-991,0.0575,-99999.,-99999.,-99999.,-99999.,-99999.,-99999.
123778,4183791,10.039008,-38.775602,8.,-991,0.0575,-99999.,-99999.,-99999.,-99999.,-99999.,-99999.
123778,4183792,10.039008,-38.775602,8.,-991,0.0575,-99999.,-99999.,-99999.,-99999.,-99999.,-99999.
123778,4183829,10.03764,-38.775332,7.6,-991,0.0575,-99999.,-99999.,-99999.,-99999.,-99999.,-99999.
123778,4183830,10.03764,-38.775332,7.6,-991,0.0575,-99999.,-99999.,-99999.,-99999.,-99999.,-99999.
123778,4183861,10.036573,-38.775102,7.7,-992,0.0575,-99999.,-99999.,-99999.,-99999.,-99999.,-99999.
123778,4183862,10.036573,-38.775102,7.7,-992,0.0575,-99999.,-99999.,-99999.,-99999.,-99999.,-99999.
123778,4187993,9.892658,-38.728032,7.9,-979,0.0666,-99999.,-99999.,-99999.,-99999.,-99999.,-99999.
123778,4189202,9.849845,-38.711483,8.2,-966,0.0694,-99999.,-99999.,-99999.,-99999.,-99999.,-99999.
123778,4189341,9.844802,-38.709455,8.4,-964,0.0692,-99999.,-99999.,-99999.,-99999.,-99999.,-99999.
123778,4189360,9.844115,-38.70916,8.4,-964,0.0692,-99999.,-99999.,-99999.,-99999.,-99999.,-99999.
123778,4189430,9.841655,-38.708132,8.2,-963,0.0661,-99999.,-99999.,-99999.,-99999.,-99999.,-99999.
123778,4189461,9.840555,-38.707685,8.2,-962,0.0659,-99999.,-99999.,-99999.,-99999.,-99999.,-99999.
123778,4189462,9.840555,-38.707685,8.2,-962,0.0659,-99999.,-99999.,-99999.,-99999.,-99999.,-99999.
123778,4189521,9.838473,-38.706792,8.1,-961,0.0656,-99999.,-99999.,-99999.,-99999.,-99999.,-99999.
123778,4189522,9.838473,-38.706792,8.1,-961,0.0656,-99999.,-99999.,-99999.,-99999.,-99999.,-99999.
123778,4189621,9.835022,-38.705388,8.,-960,0.06520000000000001,-99999.,-99999.,-99999.,-99999.,-99999.,-99999.
123778,4189631,9.83471,-38.70527,7.9,-960,0.0651,-99999.,-99999.,-99999.,-99999.,-99999.,-99999.
123778,4189633,9.83471,-38.70527,7.9,-960,0.0651,-99999.,-99999.,-99999.,-99999.,-99999.,-99999.
123778,4189676,9.833173,-38.704555,7.9,-960,0.0673,-99999.,-99999.,-99999.,-99999.,-99999.,-99999.
123778,4189677,9.833173,-38.704555,7.9,-960,0.0673,-99999.,-99999.,-99999.,-99999.,-99999.,-99999.
123778,4189771,9.829902,-38.703328,7.9,-958,0.06670000000000001,-99999.,-99999.,-99999.,-99999.,-99999.,-99999.
123778,4189820,9.828198,-38.702687,8.,-957,0.0664,-99999.,-99999.,-99999.,-99999.,-99999.,-99999.
123778,4189821,9.828198,-38.702687,8.,-957,0.0664,-99999.,-99999.,-99999.,-99999.,-99999.,-99999.
123778,4189830,9.827813,-38.702542,8.,-957,0.0664,-99999.,-99999.,-99999.,-99999.,-99999.,-99999.
123778,4189831,9.827813,-38.702542,8.,-957,0.0664,-99999.,-99999.,-99999.,-99999.,-99999.,-99999.
123778,4189881,9.82612,-38.701843,8.,-955,0.0661,-99999.,-99999.,-99999.,-99999.,-99999.,-99999.
123778,4189970,9.822992,-38.700602,8.,-953,0.0656,-99999.,-99999.,-99999.,-99999.,-99999.,-99999.
123778,4189971,9.822992,-38.700602,8.,-953,0.0656,-99999.,-99999.,-99999.,-99999.,-99999.,-99999.
123778,4190622,9.801412,-38.691573,8.,-939,0.06330000000000001,-99999.,-99999.,-99999.,-99999.,-99999.,-99999.
123778,4190953,9.789827,-38.687155,8.,-932,0.051800000000000006,-99999.,-99999.,-99999.,-99999.,-99999.,-99999.
123778,4191013,9.787747,-38.686368,8.,-931,0.0521,-99999.,-99999.,-99999.,-99999.,-99999.,-99999.
123778,4191663,9.76454,-38.678517,8.1,-918,0.054,-99999.,-99999.,-99999.,-99999.,-99999.,-99999.
123778,4191773,9.760605,-38.677352,8.1,-916,0.0541,-99999.,-99999.,-99999.,-99999.,-99999.,-99999.
123778,4192020,9.75299,-38.676322,4.4,-913,0.054400000000000004,-99999.,-99999.,-99999.,-99999.,-99999.,-99999.
123778,4192343,9.743815,-38.679713,7.6,-894,0.059500000000000004,-99999.,-99999.,-99999.,-99999.,-99999.,-99999.
123778,4192864,9.726068,-38.686227,7.9,-883,0.057600000000000005,-99999.,-99999.,-99999.,-99999.,-99999.,-99999.
123778,4195492,9.635275,-38.719197,7.7,-877,0.0648,-99999.,-99999.,-99999.,-99999.,-99999.,-99999.
123778,4195953,9.624138,-38.729463,8.5,-864,0.061000000000000006,-99999.,-99999.,-99999.,-99999.,-99999.,-99999.
123778,4196914,9.621992,-38.766542,8.3,-922,0.058300000000000005,-99999.,-99999.,-99999.,-99999.,-99999.,-99999.
123778,4197763,9.619183,-38.800068,8.6,-910,0.0606,-99999.,-99999.,-99999.,-99999.,-99999.,-99999.
123778,4197973,9.618265,-38.808548,8.5,-907,0.060700000000000004,-99999.,-99999.,-99999.,-99999.,-99999.,-99999.
123778,4199354,9.610527,-38.863703,8.7,-941,0.06380000000000001,-99999.,-99999.,-99999.,-99999.,-99999.,-99999.
123778,4201914,9.595057,-38.9648,8.7,-934,0.0663,-99999.,-99999.,-99999.,-99999.,-99999.,-99999.
123778,4227715,9.6498,-38.977233,6.3,-912,0.053500000000000006,-99999.,-99999.,-99999.,-99999.,-99999.,-99999.
123778,4227716,9.6498,-38.977233,6.3,-912,0.053500000000000006,-99999.,-99999.,-99999.,-99999.,-99999.,-99999.
123778,4227718,9.64982,-38.977148,6.3,-912,0.053500000000000006,-99999.,-99999.,-99999.,-99999.,-99999.,-99999.
123778,4227752,9.650085,-38.97622,6.2,-912,0.053500000000000006,-99999.,-99999.,-99999.,-99999.,-99999.,-99999.
123778,4227771,9.65022,-38.975665,6.1,-912,0.053500000000000006,-99999.,-99999.,-99999.,-99999.,-99999.,-99999.
123778,4227772,9.65022,-38.975665,6.1,-912,0.053500000000000006,-99999.,-99999.,-99999.,-99999.,-99999.,-99999.
123778,4227791,9.65036,-38.975108,6.1,-912,0.053500000000000006,-99999.,-99999.,-99999.,-99999.,-99999.,-99999.
123778,4227793,9.65036,-38.975108,6.1,-912,0.053500000000000006,-99999.,-99999.,-99999.,-99999.,-99999.,-99999.
123778,4227884,9.651027,-38.972515,6.1,-912,0.053500000000000006,-99999.,-99999.,-99999.,-99999.,-99999.,-99999.
123778,4227885,9.651027,-38.972515,6.1,-912,0.053500000000000006,-99999.,-99999.,-99999.,-99999.,-99999.,-99999.
123778,4227887,9.651047,-38.972433,6.1,-912,0.053500000000000006,-99999.,-99999.,-99999.,-99999.,-99999.,-99999.
123778,4227891,9.651068,-38.972322,6.1,-912,0.053500000000000006,-99999.,-99999.,-99999.,-99999.,-99999.,-99999.
123778,4227892,9.651068,-38.972322,6.1,-912,0.053500000000000006,-99999.,-99999.,-99999.,-99999.,-99999.,-99999.
123778,4233174,9.682458,-38.844123,4.7,-921,0.0563,-99999.,-99999.,-99999.,-99999.,-99999.,-99999.
123778,4233184,9.682498,-38.84391,4.6,-921,0.0563,-99999.,-99999.,-99999.,-99999.,-99999.,-99999.
123778,4233235,9.682745,-38.842877,4.5,-920,0.0563,-99999.,-99999.,-99999.,-99999.,-99999.,-99999.
123778,4233236,9.682745,-38.842877,4.5,-920,0.0563,-99999.,-99999.,-99999.,-99999.,-99999.,-99999.
123778,4233241,9.682785,-38.842757,4.5,-920,0.0563,-99999.,-99999.,-99999.,-99999.,-99999.,-99999.
123778,4233242,9.682785,-38.842757,4.5,-920,0.0563,-99999.,-99999.,-99999.,-99999.,-99999.,-99999.
123778,4233261,9.682912,-38.842355,4.5,-920,0.056400000000000006,-99999.,-99999.,-99999.,-99999.,-99999.,-99999.
123778,4233292,9.683067,-38.841723,4.6,-919,0.056400000000000006,-99999.,-99999.,-99999.,-99999.,-99999.,-99999.
123778,4233301,9.683128,-38.841515,4.6,-919,0.056400000000000006,-99999.,-99999.,-99999.,-99999.,-99999.,-99999.
123778,4233392,9.683643,-38.839687,4.5,-918,0.056600000000000004,-99999.,-99999.,-99999.,-99999.,-99999.,-99999.
123778,4233482,9.684003,-38.837915,4.2,-917,0.0567,-99999.,-99999.,-99999.,-99999.,-99999.,-99999.
123778,4233487,9.68404,-38.837825,4.2,-917,0.0567,-99999.,-99999.,-99999.,-99999.,-99999.,-99999.
123778,4233553,9.68442,-38.836532,4.6,-916,0.0568,-99999.,-99999.,-99999.,-99999.,-99999.,-99999.
123778,4233681,9.685173,-38.83394,4.5,-914,0.057100000000000005,-99999.,-99999.,-99999.,-99999.,-99999.,-99999.
123778,4233712,9.685327,-38.833308,4.5,-942,0.0545,-99999.,-99999.,-99999.,-99999.,-99999.,-99999.
123778,4233719,9.685362,-38.833165,4.5,-942,0.0545,-99999.,-99999.,-99999.,-99999.,-99999.,-99999.
123778,4233736,9.685477,-38.832818,4.6,-942,0.0545,-99999.,-99999.,-99999.,-99999.,-99999.,-99999.
123778,4233742,9.685517,-38.832695,4.6,-942,0.0545,-99999.,-99999.,-99999.,-99999.,-99999.,-99999.
123778,4233748,9.685558,-38.832572,4.6,-942,0.0545,-99999.,-99999.,-99999.,-99999.,-99999.,-99999.
123778,4233811,9.685925,-38.831227,4.7,-941,0.054400000000000004,-99999.,-99999.,-99999.,-99999.,-99999.,-99999.
123778,4233815,9.685945,-38.831165,4.6,-941,0.054400000000000004,-99999.,-99999.,-99999.,-99999.,-99999.,-99999.
123778,4233866,9.686077,-38.83017,4.2,-941,0.054400000000000004,-99999.,-99999.,-99999.,-99999.,-99999.,-99999.
123778,4234202,9.688302,-38.823288,4.8,-938,0.054200000000000005,-99999.,-99999.,-99999.,-99999.,-99999.,-99999.
123778,4234614,9.69081,-38.814872,4.5,-934,0.0539,-99999.,-99999.,-99999.,-99999.,-99999.,-99999.
123778,4235489,9.696597,-38.796792,4.4,-926,0.0536,-99999.,-99999.,-99999.,-99999.,-99999.,-99999.
123778,4236003,9.700058,-38.785902,4.7,-920,0.054200000000000005,-99999.,-99999.,-99999.,-99999.,-99999.,-99999.
123778,4236803,9.706168,-38.76795,5.1,-911,0.0522,-99999.,-99999.,-99999.,-99999.,-99999.,-99999.
123778,4237144,9.708672,-38.759958,5.5,-907,0.055900000000000005,-99999.,-99999.,-99999.,-99999.,-99999.,-99999.
123778,4237911,9.7142,-38.74086,5.5,-915,0.0548,-99999.,-99999.,-99999.,-99999.,-99999.,-99999.
123778,4238383,9.717248,-38.729135,5.7,-908,0.057,-99999.,-99999.,-99999.,-99999.,-99999.,-99999.
123778,4239788,9.724437,-38.691298,6.8,-885,0.056600000000000004,-99999.,-99999.,-99999.,-99999.,-99999.,-99999.
123778,4240307,9.722818,-38.69492,5.1,-887,0.055900000000000005,-99999.,-99999.,-99999.,-99999.,-99999.,-99999.
123778,4240904,9.713578,-38.705127,6.1,-888,0.054,-99999.,-99999.,-99999.,-99999.,-99999.,-99999.
123778,4241669,9.696438,-38.711998,1.7,-882,0.0528,-99999.,-99999.,-99999.,-99999.,-99999.,-99999.
123778,4242286,9.687947,-38.716997,2.7,-882,0.056400000000000006,-99999.,-99999.,-99999.,-99999.,-99999.,-99999.
123778,4242853,9.681593,-38.723178,3.,-884,0.0589,-99999.,-99999.,-99999.,-99999.,-99999.,-99999.
123778,4243476,9.671397,-38.728038,5.8,-884,0.0618,-99999.,-99999.,-99999.,-99999.,-99999.,-99999.
123778,4244054,9.661433,-38.732038,0.9,-891,0.0534,-99999.,-99999.,-99999.,-99999.,-99999.,-99999.
123778,4246746,9.630367,-38.756478,5.8,-931,0.055600000000000004,-99999.,-99999.,-99999.,-99999.,-99999.,-99999.
123778,4248326,9.6217,-38.787633,3.2,-915,0.0575,-99999.,-99999.,-99999.,-99999.,-99999.,-99999.
123778,4249464,9.621383,-38.812015,5.1,-907,0.061000000000000006,-99999.,-99999.,-99999.,-99999.,-99999.,-99999.
123778,4271840,9.598255,-39.23749,4.2,-862,0.0632,-99999.,-99999.,-99999.,-99999.,-99999.,-99999.
123778,4271968,9.598003,-39.239098,1.3,-863,0.0631,-99999.,-99999.,-99999.,-99999.,-99999.,-99999.
123778,4271970,9.598017,-39.239102,1.2,-863,0.0631,-99999.,-99999.,-99999.,-99999.,-99999.,-99999.
123778,4271971,9.598017,-39.239102,1.2,-863,0.0631,-99999.,-99999.,-99999.,-99999.,-99999.,-99999.
123778,4271981,9.598072,-39.239117,1.1,-863,0.0631,-99999.,-99999.,-99999.,-99999.,-99999.,-99999.
123778,4272004,9.59817,-39.239115,1.,-863,0.0632,-99999.,-99999.,-99999.,-99999.,-99999.,-99999.
123778,4272008,9.598185,-39.239113,0.9,-863,0.0632,-99999.,-99999.,-99999.,-99999.,-99999.,-99999.
123778,4272009,9.598185,-39.239113,0.9,-863,0.0632,-99999.,-99999.,-99999.,-99999.,-99999.,-99999.
123778,4272030,9.598267,-39.239147,0.6,-862,0.0631,-99999.,-99999.,-99999.,-99999.,-99999.,-99999.
123778,4272031,9.598267,-39.239147,0.6,-862,0.0631,-99999.,-99999.,-99999.,-99999.,-99999.,-99999.
123778,4272084,9.598107,-39.23962,1.9,-863,0.0631,-99999.,-99999.,-99999.,-99999.,-99999.,-99999.
123778,4272090,9.598095,-39.239652,1.5,-863,0.0631,-99999.,-99999.,-99999.,-99999.,-99999.,-99999.
123778,4272091,9.598095,-39.239652,1.5,-863,0.0631,-99999.,-99999.,-99999.,-99999.,-99999.,-99999.
123778,4272101,9.598062,-39.239673,1.,-863,0.0631,-99999.,-99999.,-99999.,-99999.,-99999.,-99999.
123778,4272102,9.598062,-39.239673,1.,-863,0.0631,-99999.,-99999.,-99999.,-99999.,-99999.,-99999.
123778,4272104,9.598057,-39.239683,1.2,-863,0.0631,-99999.,-99999.,-99999.,-99999.,-99999.,-99999.
123778,4272110,9.598018,-39.239693,1.3,-863,0.0631,-99999.,-99999.,-99999.,-99999.,-99999.,-99999.
123778,4272129,9.597745,-39.239697,3.2,-863,0.0631,-99999.,-99999.,-99999.,-99999.,-99999.,-99999.
123778,4272150,9.597282,-39.23963,4.5,-863,0.0631,-99999.,-99999.,-99999.,-99999.,-99999.,-99999.
123778,4272151,9.597282,-39.23963,4.5,-863,0.0631,-99999.,-99999.,-99999.,-99999.,-99999.,-99999.
123778,4274042,9.54662,-39.247127,5.7,-839,0.06520000000000001,-99999.,-99999.,-99999.,-99999.,-99999.,-99999.
123778,4275154,9.515757,-39.253075,6.,-896,0.068,-99999.,-99999.,-99999.,-99999.,-99999.,-99999.
123778,4275486,9.505912,-39.255222,6.6,-894,0.0674,-99999.,-99999.,-99999.,-99999.,-99999.,-99999.
123778,4276103,9.488362,-39.259005,6.7,-981,0.06770000000000001,-99999.,-99999.,-99999.,-99999.,-99999.,-99999.
123778,4276403,9.479807,-39.261015,6.6,-979,0.06770000000000001,-99999.,-99999.,-99999.,-99999.,-99999.,-99999.
123778,4277782,9.441632,-39.272795,6.2,-966,0.0723,-99999.,-99999.,-99999.,-99999.,-99999.,-99999.
123778,4277841,9.439913,-39.273152,6.,-966,0.0722,-99999.,-99999.,-99999.,-99999.,-99999.,-99999.
123778,4277847,9.439757,-39.273173,5.9,-966,0.0722,-99999.,-99999.,-99999.,-99999.,-99999.,-99999.
123778,4277848,9.439757,-39.273173,5.9,-966,0.0722,-99999.,-99999.,-99999.,-99999.,-99999.,-99999.
123778,4277901,9.438307,-39.27341,6.1,-966,0.0721,-99999.,-99999.,-99999.,-99999.,-99999.,-99999.
123778,4277911,9.438015,-39.273468,6.4,-966,0.0721,-99999.,-99999.,-99999.,-99999.,-99999.,-99999.
123778,4277961,9.436475,-39.273728,6.7,-965,0.07200000000000001,-99999.,-99999.,-99999.,-99999.,-99999.,-99999.
123778,4278002,9.43525,-39.273968,6.5,-965,0.07200000000000001,-99999.,-99999.,-99999.,-99999.,-99999.,-99999.
123778,4278032,9.434392,-39.274123,6.2,-965,0.0719,-99999.,-99999.,-99999.,-99999.,-99999.,-99999.
123778,4278072,9.43321,-39.274295,6.7,-965,0.0719,-99999.,-99999.,-99999.,-99999.,-99999.,-99999.
123778,4278110,9.431992,-39.274508,6.5,-964,0.0718,-99999.,-99999.,-99999.,-99999.,-99999.,-99999.
123778,4278111,9.431992,-39.274508,6.5,-964,0.0718,-99999.,-99999.,-99999.,-99999.,-99999.,-99999.
123778,4278131,9.431397,-39.274637,6.6,-964,0.0718,-99999.,-99999.,-99999.,-99999.,-99999.,-99999.
123778,4278141,9.431092,-39.27469,6.7,-964,0.0718,-99999.,-99999.,-99999.,-99999.,-99999.,-99999.
123778,4278170,9.430203,-39.274852,6.5,-964,0.0718,-99999.,-99999.,-99999.,-99999.,-99999.,-99999.
123778,4278171,9.430203,-39.274852,6.5,-964,0.0718,-99999.,-99999.,-99999.,-99999.,-99999.,-99999.
123778,4278560,9.418647,-39.27686,6.4,-962,0.0713,-99999.,-99999.,-99999.,-99999.,-99999.,-99999.
123778,4278921,9.409153,-39.278258,4.2,-983,0.0757,-99999.,-99999.,-99999.,-99999.,-99999.,-99999.
123778,4279274,9.398862,-39.279867,6.8,-984,0.076,-99999.,-99999.,-99999.,-99999.,-99999.,-99999.
123778,4279837,9.381692,-39.282862,6.7,-985,0.0765,-99999.,-99999.,-99999.,-99999.,-99999.,-99999.
123778,4280322,9.36673,-39.28575,6.2,-986,0.0702,-99999.,-99999.,-99999.,-99999.,-99999.,-99999.
123778,4281182,9.339375,-39.289757,7.,-988,0.07100000000000001,-99999.,-99999.,-99999.,-99999.,-99999.,-99999.
123778,4281295,9.33582,-39.290273,6.6,-988,0.0711,-99999.,-99999.,-99999.,-99999.,-99999.,-99999.
123778,4281463,9.330738,-39.291037,6.8,-972,0.06770000000000001,-99999.,-99999.,-99999.,-99999.,-99999.,-99999.
123778,4282333,9.302312,-39.295077,6.6,-972,0.06620000000000001,-99999.,-99999.,-99999.,-99999.,-99999.,-99999.
123778,4282764,9.288868,-39.296617,6.9,-972,0.0655,-99999.,-99999.,-99999.,-99999.,-99999.,-99999.
123778,4283813,9.25533,-39.30068,6.3,-972,0.06520000000000001,-99999.,-99999.,-99999.,-99999.,-99999.,-99999.
123778,4284853,9.222337,-39.304655,6.9,-943,0.0644,-99999.,-99999.,-99999.,-99999.,-99999.,-99999.
123778,4286683,9.162558,-39.313587,6.9,-907,0.0626,-99999.,-99999.,-99999.,-99999.,-99999.,-99999.
123778,4315868,8.640373,-39.174852,0.4,-754,0.0678,-99999.,-99999.,-99999.,-99999.,-99999.,-99999.
123778,4315992,8.64022,-39.17451,0.7,-754,0.0678,-99999.,-99999.,-99999.,-99999.,-99999.,-99999.
123778,4316155,8.640072,-39.174127,0.4,-754,0.0678,-99999.,-99999.,-99999.,-99999.,-99999.,-99999.
123778,4316257,8.63996,-39.173832,0.6,-754,0.06770000000000001,-99999.,-99999.,-99999.,-99999.,-99999.,-99999.
123778,4316275,8.639937,-39.173755,1.,-754,0.06770000000000001,-99999.,-99999.,-99999.,-99999.,-99999.,-99999.
123778,4316308,8.639913,-39.173598,0.9,-754,0.06770000000000001,-99999.,-99999.,-99999.,-99999.,-99999.,-99999.
123778,4316472,8.639765,-39.172818,0.9,-754,0.06770000000000001,-99999.,-99999.,-99999.,-99999.,-99999.,-99999.
123778,4316481,8.639762,-39.172778,0.9,-754,0.06770000000000001,-99999.,-99999.,-99999.,-99999.,-99999.,-99999.
123778,4318684,8.638508,-39.161877,0.8,-762,0.0703,-99999.,-99999.,-99999.,-99999.,-99999.,-99999.
123778,4319854,8.63794,-39.156267,1.1,-761,0.07010000000000001,-99999.,-99999.,-99999.,-99999.,-99999.,-99999.
123778,4320172,8.637945,-39.154267,1.6,-760,0.07010000000000001,-99999.,-99999.,-99999.,-99999.,-99999.,-99999.
123778,4320983,8.638065,-39.148203,1.5,-759,0.0699,-99999.,-99999.,-99999.,-99999.,-99999.,-99999.
123778,4321433,8.63786,-39.145585,1.1,-759,0.0698,-99999.,-99999.,-99999.,-99999.,-99999.,-99999.
123778,4321708,8.637895,-39.144258,1.1,-759,0.0697,-99999.,-99999.,-99999.,-99999.,-99999.,-99999.
123778,4321710,8.637895,-39.144235,1.1,-759,0.0697,-99999.,-99999.,-99999.,-99999.,-99999.,-99999.
123778,4321791,8.637947,-39.143808,1.,-759,0.0697,-99999.,-99999.,-99999.,-99999.,-99999.,-99999.
123778,4321792,8.637947,-39.143808,1.,-759,0.0697,-99999.,-99999.,-99999.,-99999.,-99999.,-99999.
123778,4321810,8.637963,-39.143725,1.,-759,0.0697,-99999.,-99999.,-99999.,-99999.,-99999.,-99999.
123778,4321811,8.637963,-39.143725,1.,-759,0.0697,-99999.,-99999.,-99999.,-99999.,-99999.,-99999.
123778,4321890,8.638013,-39.143345,1.,-759,0.0697,-99999.,-99999.,-99999.,-99999.,-99999.,-99999.
123778,4321891,8.638013,-39.143345,1.,-759,0.0697,-99999.,-99999.,-99999.,-99999.,-99999.,-99999.
123778,4321912,8.638022,-39.143237,1.,-759,0.0697,-99999.,-99999.,-99999.,-99999.,-99999.,-99999.
123778,4321950,8.638047,-39.143033,1.2,-759,0.0697,-99999.,-99999.,-99999.,-99999.,-99999.,-99999.
123778,4321951,8.638047,-39.143033,1.2,-759,0.0697,-99999.,-99999.,-99999.,-99999.,-99999.,-99999.
123778,4322190,8.63813,-39.141933,0.9,-758,0.06960000000000001,-99999.,-99999.,-99999.,-99999.,-99999.,-99999.
123778,4322282,8.638168,-39.141545,0.9,-758,0.06960000000000001,-99999.,-99999.,-99999.,-99999.,-99999.,-99999.
123778,4322743,8.638205,-39.13948,1.,-758,0.06960000000000001,-99999.,-99999.,-99999.,-99999.,-99999.,-99999.
123778,4323184,8.6382,-39.137767,0.8,-758,0.0695,-99999.,-99999.,-99999.,-99999.,-99999.,-99999.
123778,4323414,8.638095,-39.136757,0.9,-758,0.0695,-99999.,-99999.,-99999.,-99999.,-99999.,-99999.
123778,4324813,8.627165,-39.147912,4.,-760,0.0702,-99999.,-99999.,-99999.,-99999.,-99999.,-99999.
123778,4325313,8.621387,-39.155518,4.,-761,0.06720000000000001,-99999.,-99999.,-99999.,-99999.,-99999.,-99999.
123778,4325914,8.615415,-39.16454,4.,-763,0.0678,-99999.,-99999.,-99999.,-99999.,-99999.,-99999.
123778,4326352,8.61449,-39.171947,2.5,-749,0.0661,-99999.,-99999.,-99999.,-99999.,-99999.,-99999.
123778,4327273,8.62773,-39.168765,6.9,-751,0.0674,-99999.,-99999.,-99999.,-99999.,-99999.,-99999.
123778,4327583,8.636742,-39.16822,6.,-753,0.0674,-99999.,-99999.,-99999.,-99999.,-99999.,-99999.
123778,4328590,8.666172,-39.172758,6.2,-759,0.06770000000000001,-99999.,-99999.,-99999.,-99999.,-99999.,-99999.
123778,4328624,8.667197,-39.172882,6.6,-779,0.07050000000000001,-99999.,-99999.,-99999.,-99999.,-99999.,-99999.
123778,4329704,8.692097,-39.174425,7.,-784,0.0693,-99999.,-99999.,-99999.,-99999.,-99999.,-99999.
123778,4330159,8.70186,-39.17773,0.8,-793,0.0688,-99999.,-99999.,-99999.,-99999.,-99999.,-99999.
123778,4331202,8.722507,-39.184667,6.,-812,0.0723,-99999.,-99999.,-99999.,-99999.,-99999.,-99999.
123778,4333706,8.770818,-39.187943,5.3,-982,0.0755,-99999.,-99999.,-99999.,-99999.,-99999.,-99999.
123778,4357142,9.094012,-38.949545,8.1,-1000,0.0551,-99999.,-99999.,-99999.,-99999.,-99999.,-99999.
123778,4358124,9.091142,-38.913165,8.,-999,-99999,-99999.,-99999.,-99999.,-99999.,-99999.,-99999.
123778,4359274,9.087045,-38.870128,7.8,-999,0.0648,-99999.,-99999.,-99999.,-99999.,-99999.,-99999.
123778,4359643,9.086033,-38.856475,8.1,-999,0.0648,-99999.,-99999.,-99999.,-99999.,-99999.,-99999.
123778,4360331,9.081213,-38.833422,7.7,-999,0.0656,-99999.,-99999.,-99999.,-99999.,-99999.,-99999.
123778,4360411,9.081023,-38.830413,8.,-999,0.0673,-99999.,-99999.,-99999.,-99999.,-99999.,-99999.
123778,4360412,9.081023,-38.830413,8.,-999,0.0673,-99999.,-99999.,-99999.,-99999.,-99999.,-99999.
123778,4360441,9.080978,-38.829297,7.9,-998,0.06670000000000001,-99999.,-99999.,-99999.,-99999.,-99999.,-99999.
123778,4360442,9.080978,-38.829297,7.9,-998,0.06670000000000001,-99999.,-99999.,-99999.,-99999.,-99999.,-99999.
123778,4360461,9.080948,-38.828557,7.9,-998,0.0664,-99999.,-99999.,-99999.,-99999.,-99999.,-99999.
123778,4360462,9.080948,-38.828557,7.9,-998,0.0664,-99999.,-99999.,-99999.,-99999.,-99999.,-99999.
123778,4360472,9.080918,-38.828183,8.1,-998,0.0663,-99999.,-99999.,-99999.,-99999.,-99999.,-99999.
123778,4360480,9.080892,-38.827847,8.,-998,0.06620000000000001,-99999.,-99999.,-99999.,-99999.,-99999.,-99999.
123778,4360482,9.080892,-38.827847,8.,-998,0.06620000000000001,-99999.,-99999.,-99999.,-99999.,-99999.,-99999.
123778,4360501,9.080857,-38.827072,7.8,-997,0.066,-99999.,-99999.,-99999.,-99999.,-99999.,-99999.
123778,4360502,9.080857,-38.827072,7.8,-997,0.066,-99999.,-99999.,-99999.,-99999.,-99999.,-99999.
123778,4360521,9.080792,-38.826335,7.9,-997,0.0659,-99999.,-99999.,-99999.,-99999.,-99999.,-99999.
123778,4360522,9.080792,-38.826335,7.9,-997,0.0659,-99999.,-99999.,-99999.,-99999.,-99999.,-99999.
123778,4360531,9.08079,-38.825965,7.9,-997,0.0658,-99999.,-99999.,-99999.,-99999.,-99999.,-99999.
123778,4360540,9.080777,-38.825635,7.9,-997,0.06570000000000001,-99999.,-99999.,-99999.,-99999.,-99999.,-99999.
123778,4360541,9.080777,-38.825635,7.9,-997,0.06570000000000001,-99999.,-99999.,-99999.,-99999.,-99999.,-99999.
123778,4360552,9.080743,-38.825232,7.8,-997,0.06570000000000001,-99999.,-99999.,-99999.,-99999.,-99999.,-99999.
123778,4360553,9.080743,-38.825232,7.8,-997,0.06570000000000001,-99999.,-99999.,-99999.,-99999.,-99999.,-99999.
123778,4360561,9.08072,-38.824868,7.8,-997,0.0656,-99999.,-99999.,-99999.,-99999.,-99999.,-99999.
123778,4360562,9.08072,-38.824868,7.8,-997,0.0656,-99999.,-99999.,-99999.,-99999.,-99999.,-99999.
123778,4360601,9.08066,-38.823437,7.9,-996,0.0654,-99999.,-99999.,-99999.,-99999.,-99999.,-99999.
123778,4360650,9.080573,-38.821597,7.8,-996,0.06520000000000001,-99999.,-99999.,-99999.,-99999.,-99999.,-99999.
123778,4360651,9.080573,-38.821597,7.8,-996,0.06520000000000001,-99999.,-99999.,-99999.,-99999.,-99999.,-99999.
123778,4360732,9.08038,-38.818663,7.8,-995,0.065,-99999.,-99999.,-99999.,-99999.,-99999.,-99999.
123778,4360793,9.08021,-38.816477,7.9,-994,0.0649,-99999.,-99999.,-99999.,-99999.,-99999.,-99999.
123778,4361082,9.0799,-38.80588,8.,-991,0.0645,-99999.,-99999.,-99999.,-99999.,-99999.,-99999.
123778,4361831,9.080423,-38.77874,7.5,-982,0.0699,-99999.,-99999.,-99999.,-99999.,-99999.,-99999.
123778,4361892,9.080557,-38.776682,7.3,-981,0.06960000000000001,-99999.,-99999.,-99999.,-99999.,-99999.,-99999.
123778,4363314,9.083252,-38.726318,7.5,-993,0.07250000000000001,-99999.,-99999.,-99999.,-99999.,-99999.,-99999.
123778,4363463,9.083622,-38.720995,7.7,-991,0.0806,-99999.,-99999.,-99999.,-99999.,-99999.,-99999.
123778,4364453,9.086407,-38.687122,7.4,-985,0.07390000000000001,-99999.,-99999.,-99999.,-99999.,-99999.,-99999.
123778,4364554,9.086697,-38.683592,7.5,-984,0.0742,-99999.,-99999.,-99999.,-99999.,-99999.,-99999.
123778,4364822,9.087357,-38.6743,7.3,-982,0.0751,-99999.,-99999.,-99999.,-99999.,-99999.,-99999.
123778,4365453,9.088757,-38.652452,7.3,-960,0.0654,-99999.,-99999.,-99999.,-99999.,-99999.,-99999.
123778,4365913,9.089888,-38.636688,7.4,-950,0.0666,-99999.,-99999.,-99999.,-99999.,-99999.,-99999.
123778,4366723,9.091938,-38.6084,7.2,-932,0.06420000000000001,-99999.,-99999.,-99999.,-99999.,-99999.,-99999.
123778,4367133,9.092758,-38.594267,7.2,-923,0.0645,-99999.,-99999.,-99999.,-99999.,-99999.,-99999.
123778,4368174,9.09474,-38.558417,7.5,-913,0.06670000000000001,-99999.,-99999.,-99999.,-99999.,-99999.,-99999.
123778,4369674,9.096715,-38.506067,7.2,-908,0.07,-99999.,-99999.,-99999.,-99999.,-99999.,-99999.
123778,4369955,9.097208,-38.496413,7.4,-935,0.0678,-99999.,-99999.,-99999.,-99999.,-99999.,-99999.
123778,4370833,9.099395,-38.466083,7.4,-924,0.0702,-99999.,-99999.,-99999.,-99999.,-99999.,-99999.
123778,4371873,9.102522,-38.430452,7.4,-912,0.06860000000000001,-99999.,-99999.,-99999.,-99999.,-99999.,-99999.
123778,4404263,8.990522,-38.805098,5.6,-955,0.059000000000000004,-99999.,-99999.,-99999.,-99999.,-99999.,-99999.
123778,4404264,8.990522,-38.805098,5.6,-955,0.059000000000000004,-99999.,-99999.,-99999.,-99999.,-99999.,-99999.
123778,4404272,8.99049,-38.805307,5.6,-955,0.059000000000000004,-99999.,-99999.,-99999.,-99999.,-99999.,-99999.
123778,4404281,8.990452,-38.805567,5.7,-955,0.059000000000000004,-99999.,-99999.,-99999.,-99999.,-99999.,-99999.
123778,4404282,8.990452,-38.805567,5.7,-955,0.059000000000000004,-99999.,-99999.,-99999.,-99999.,-99999.,-99999.
123778,4404302,8.990375,-38.806115,5.7,-956,0.059000000000000004,-99999.,-99999.,-99999.,-99999.,-99999.,-99999.
123778,4404323,8.990298,-38.80666,5.6,-956,0.059000000000000004,-99999.,-99999.,-99999.,-99999.,-99999.,-99999.
123778,4404353,8.990202,-38.807398,5.6,-957,0.059000000000000004,-99999.,-99999.,-99999.,-99999.,-99999.,-99999.
123778,4404363,8.990182,-38.807625,5.5,-957,0.059000000000000004,-99999.,-99999.,-99999.,-99999.,-99999.,-99999.
123778,4404372,8.990153,-38.807887,5.5,-957,0.059000000000000004,-99999.,-99999.,-99999.,-99999.,-99999.,-99999.
123778,4404373,8.990153,-38.807887,5.5,-957,0.059000000000000004,-99999.,-99999.,-99999.,-99999.,-99999.,-99999.
123778,4404383,8.990122,-38.808173,5.5,-957,0.059000000000000004,-99999.,-99999.,-99999.,-99999.,-99999.,-99999.
123778,4404384,8.990122,-38.808173,5.5,-957,0.059000000000000004,-99999.,-99999.,-99999.,-99999.,-99999.,-99999.
123778,4404392,8.990095,-38.808377,5.5,-957,0.059000000000000004,-99999.,-99999.,-99999.,-99999.,-99999.,-99999.
123778,4404393,8.990095,-38.808377,5.5,-957,0.059000000000000004,-99999.,-99999.,-99999.,-99999.,-99999.,-99999.
123778,4404401,8.99007,-38.808635,5.5,-958,0.059000000000000004,-99999.,-99999.,-99999.,-99999.,-99999.,-99999.
123778,4404402,8.99007,-38.808635,5.5,-958,0.059000000000000004,-99999.,-99999.,-99999.,-99999.,-99999.,-99999.
123778,4404423,8.990028,-38.809183,5.5,-958,0.059000000000000004,-99999.,-99999.,-99999.,-99999.,-99999.,-99999.
123778,4404432,8.99,-38.809428,5.5,-958,0.059000000000000004,-99999.,-99999.,-99999.,-99999.,-99999.,-99999.
123778,4404433,8.99,-38.809428,5.5,-958,0.059000000000000004,-99999.,-99999.,-99999.,-99999.,-99999.,-99999.
123778,4404443,8.989983,-38.809708,5.5,-958,0.059000000000000004,-99999.,-99999.,-99999.,-99999.,-99999.,-99999.
123778,4404444,8.989983,-38.809708,5.5,-958,0.059000000000000004,-99999.,-99999.,-99999.,-99999.,-99999.,-99999.
123778,4404503,8.98988,-38.811217,5.3,-959,0.0591,-99999.,-99999.,-99999.,-99999.,-99999.,-99999.
123778,4404521,8.98983,-38.811672,5.4,-960,0.0591,-99999.,-99999.,-99999.,-99999.,-99999.,-99999.
123778,4404553,8.98971,-38.812452,5.4,-960,0.0591,-99999.,-99999.,-99999.,-99999.,-99999.,-99999.
123778,4404723,8.989233,-38.8167,5.5,-963,0.0591,-99999.,-99999.,-99999.,-99999.,-99999.,-99999.
123778,4405554,8.987557,-38.836887,5.1,-895,0.058600000000000006,-99999.,-99999.,-99999.,-99999.,-99999.,-99999.
123778,4406534,8.980312,-38.85667,4.3,-921,0.0591,-99999.,-99999.,-99999.,-99999.,-99999.,-99999.
123778,4407933,8.973418,-38.872692,0.7,-940,0.059500000000000004,-99999.,-99999.,-99999.,-99999.,-99999.,-99999.
123778,4408412,8.973377,-38.874675,0.8,-942,0.0596,-99999.,-99999.,-99999.,-99999.,-99999.,-99999.
123778,4408984,8.973453,-38.876758,0.8,-945,-99999,-99999.,-99999.,-99999.,-99999.,-99999.,-99999.
123778,4409624,8.973978,-38.878857,0.6,-947,-99999,-99999.,-99999.,-99999.,-99999.,-99999.,-99999.
123778,4410903,8.974145,-38.883335,0.8,-952,-99999,-99999.,-99999.,-99999.,-99999.,-99999.,-99999.
123778,4411492,8.973912,-38.885142,0.5,-954,-99999,-99999.,-99999.,-99999.,-99999.,-99999.,-99999.
123778,4411954,8.973603,-38.886753,2.1,-956,-99999,-99999.,-99999.,-99999.,-99999.,-99999.,-99999.
123778,4411957,8.973595,-38.886777,2.2,-956,-99999,-99999.,-99999.,-99999.,-99999.,-99999.,-99999.
123778,4412795,8.973633,-38.874813,1.6,-942,0.0596,-99999.,-99999.,-99999.,-99999.,-99999.,-99999.
123778,4413195,8.972492,-38.876037,3.,-944,-99999,-99999.,-99999.,-99999.,-99999.,-99999.,-99999.
123778,4414085,8.96144,-38.879988,2.9,-947,-99999,-99999.,-99999.,-99999.,-99999.,-99999.,-99999.
123778,4415317,8.963023,-38.865793,2.7,-932,0.0594,-99999.,-99999.,-99999.,-99999.,-99999.,-99999.
123778,4415839,8.965398,-38.8546,0.8,-920,0.0591,-99999.,-99999.,-99999.,-99999.,-99999.,-99999.
123778,4416819,8.968562,-38.83096,6.8,-975,0.059000000000000004,-99999.,-99999.,-99999.,-99999.,-99999.,-99999.
123778,4417574,8.965618,-38.820012,5.7,-971,0.0591,-99999.,-99999.,-99999.,-99999.,-99999.,-99999.
123778,4441384,9.080628,-38.349908,1.4,-980,0.06720000000000001,-99999.,-99999.,-99999.,-99999.,-99999.,-99999.
123778,4442343,9.082815,-38.339053,7.5,-991,0.0674,-99999.,-99999.,-99999.,-99999.,-99999.,-99999.
123778,4442923,9.087267,-38.318187,8.,-920,0.0557,-99999.,-99999.,-99999.,-99999.,-99999.,-99999.
123778,4443021,9.088097,-38.314612,8.,-922,0.0562,-99999.,-99999.,-99999.,-99999.,-99999.,-99999.
123778,4443080,9.088592,-38.312402,8.1,-924,0.056600000000000004,-99999.,-99999.,-99999.,-99999.,-99999.,-99999.
123778,4443081,9.088592,-38.312402,8.1,-924,0.056600000000000004,-99999.,-99999.,-99999.,-99999.,-99999.,-99999.
123778,4443130,9.089028,-38.310582,7.9,-925,0.056900000000000006,-99999.,-99999.,-99999.,-99999.,-99999.,-99999.
123778,4443132,9.089028,-38.310582,7.9,-925,0.056900000000000006,-99999.,-99999.,-99999.,-99999.,-99999.,-99999.
123778,4443140,9.089112,-38.310218,8.,-925,0.056900000000000006,-99999.,-99999.,-99999.,-99999.,-99999.,-99999.
123778,4443141,9.089112,-38.310218,8.,-925,0.056900000000000006,-99999.,-99999.,-99999.,-99999.,-99999.,-99999.
123778,4443180,9.08946,-38.308758,8.,-927,0.0572,-99999.,-99999.,-99999.,-99999.,-99999.,-99999.
123778,4443181,9.08946,-38.308758,8.,-927,0.0572,-99999.,-99999.,-99999.,-99999.,-99999.,-99999.
123778,4443190,9.089533,-38.308392,8.,-927,0.0572,-99999.,-99999.,-99999.,-99999.,-99999.,-99999.
123778,4443192,9.089533,-38.308392,8.,-927,0.0572,-99999.,-99999.,-99999.,-99999.,-99999.,-99999.
123778,4443200,9.089607,-38.308027,8.,-927,0.057300000000000004,-99999.,-99999.,-99999.,-99999.,-99999.,-99999.
123778,4443261,9.090082,-38.305873,7.8,-929,0.057600000000000005,-99999.,-99999.,-99999.,-99999.,-99999.,-99999.
123778,4443531,9.092283,-38.296032,7.9,-936,0.0594,-99999.,-99999.,-99999.,-99999.,-99999.,-99999.
123778,4443571,9.092632,-38.294628,7.7,-938,0.0596,-99999.,-99999.,-99999.,-99999.,-99999.,-99999.
123778,4444843,9.103325,-38.249742,7.9,-967,0.0568,-99999.,-99999.,-99999.,-99999.,-99999.,-99999.
123778,4444973,9.104347,-38.245065,7.8,-966,0.057,-99999.,-99999.,-99999.,-99999.,-99999.,-99999.
123778,4445323,9.107148,-38.232483,7.8,-966,0.0574,-99999.,-99999.,-99999.,-99999.,-99999.,-99999.
123778,4445334,9.10723,-38.232088,7.8,-966,0.0574,-99999.,-99999.,-99999.,-99999.,-99999.,-99999.
123778,4446264,9.114547,-38.198098,8.,-968,0.0596,-99999.,-99999.,-99999.,-99999.,-99999.,-99999.
123778,4446463,9.115898,-38.190983,7.5,-970,0.059500000000000004,-99999.,-99999.,-99999.,-99999.,-99999.,-99999.
123778,4446703,9.117467,-38.182678,7.6,-971,0.059500000000000004,-99999.,-99999.,-99999.,-99999.,-99999.,-99999.
123778,4447252,9.121215,-38.16328,7.7,-994,0.0644,-99999.,-99999.,-99999.,-99999.,-99999.,-99999.
123778,4447762,9.124672,-38.145587,7.5,-993,0.0629,-99999.,-99999.,-99999.,-99999.,-99999.,-99999.
123778,4447882,9.125358,-38.141497,7.4,-993,0.0636,-99999.,-99999.,-99999.,-99999.,-99999.,-99999.
123778,4448483,9.128613,-38.120545,7.9,-991,0.0654,-99999.,-99999.,-99999.,-99999.,-99999.,-99999.
123778,4448623,9.129528,-38.11556,7.6,-990,0.0655,-99999.,-99999.,-99999.,-99999.,-99999.,-99999.
123778,4448672,9.129812,-38.113832,7.6,-990,0.0655,-99999.,-99999.,-99999.,-99999.,-99999.,-99999.
123778,4448692,9.129942,-38.113143,7.5,-990,0.0655,-99999.,-99999.,-99999.,-99999.,-99999.,-99999.
123778,4448763,9.130323,-38.110697,7.4,-990,0.0655,-99999.,-99999.,-99999.,-99999.,-99999.,-99999.
123778,4448803,9.130548,-38.109315,7.6,-990,0.0655,-99999.,-99999.,-99999.,-99999.,-99999.,-99999.
123778,4448832,9.130737,-38.108252,7.7,-990,0.0655,-99999.,-99999.,-99999.,-99999.,-99999.,-99999.
123778,4448833,9.130737,-38.108252,7.7,-990,0.0655,-99999.,-99999.,-99999.,-99999.,-99999.,-99999.
123778,4448924,9.13125,-38.105052,7.8,-990,0.0655,-99999.,-99999.,-99999.,-99999.,-99999.,-99999.
123778,4448932,9.131298,-38.104727,7.8,-990,0.0655,-99999.,-99999.,-99999.,-99999.,-99999.,-99999.
123778,4448953,9.131437,-38.103968,7.8,-990,0.0656,-99999.,-99999.,-99999.,-99999.,-99999.,-99999.
123778,4449213,9.132678,-38.094715,7.5,-989,0.06570000000000001,-99999.,-99999.,-99999.,-99999.,-99999.,-99999.
123778,4449223,9.132707,-38.094365,7.5,-989,0.06570000000000001,-99999.,-99999.,-99999.,-99999.,-99999.,-99999.
123778,4450012,9.135022,-38.066598,7.5,-1003,0.06570000000000001,-99999.,-99999.,-99999.,-99999.,-99999.,-99999.
123778,4450223,9.135303,-38.05922,7.5,-1003,0.0663,-99999.,-99999.,-99999.,-99999.,-99999.,-99999.
123778,4451702,9.13597,-38.01024,7.4,-1002,0.0636,-99999.,-99999.,-99999.,-99999.,-99999.,-99999.
123778,4452404,9.137578,-37.98636,7.2,-1008,0.061900000000000004,-99999.,-99999.,-99999.,-99999.,-99999.,-99999.
123778,4453314,9.141505,-37.95543,7.5,-1006,0.066,-99999.,-99999.,-99999.,-99999.,-99999.,-99999.
123778,4453543,9.14263,-37.947597,7.4,-1006,0.065,-99999.,-99999.,-99999.,-99999.,-99999.,-99999.
123778,4455253,9.149397,-37.888458,7.4,-1015,0.06570000000000001,-99999.,-99999.,-99999.,-99999.,-99999.,-99999.
123778,4456312,9.150382,-37.851417,7.4,-1009,0.0688,-99999.,-99999.,-99999.,-99999.,-99999.,-99999.
123778,4458794,9.152043,-37.76636,7.6,-1008,0.07590000000000001,-99999.,-99999.,-99999.,-99999.,-99999.,-99999.
123778,4487070,9.208977,-37.805632,5.1,-1052,0.0558,-99999.,-99999.,-99999.,-99999.,-99999.,-99999.
123778,4487071,9.208977,-37.805632,5.1,-1052,0.0558,-99999.,-99999.,-99999.,-99999.,-99999.,-99999.
123778,4487101,9.209047,-37.806348,5.2,-1053,0.0557,-99999.,-99999.,-99999.,-99999.,-99999.,-99999.
123778,4487102,9.209047,-37.806348,5.2,-1053,0.0557,-99999.,-99999.,-99999.,-99999.,-99999.,-99999.
123778,4488754,9.21263,-37.844857,4.9,-1025,0.060500000000000005,-99999.,-99999.,-99999.,-99999.,-99999.,-99999.
123778,4489793,9.214457,-37.869605,5.2,-1026,0.055200000000000006,-99999.,-99999.,-99999.,-99999.,-99999.,-99999.
123778,4490995,9.21738,-37.898065,5.,-1026,0.0575,-99999.,-99999.,-99999.,-99999.,-99999.,-99999.
123778,4492103,9.218633,-37.924427,5.,-1009,0.059800000000000006,-99999.,-99999.,-99999.,-99999.,-99999.,-99999.
123778,4492533,9.218837,-37.934433,4.9,-1008,0.0587,-99999.,-99999.,-99999.,-99999.,-99999.,-99999.
123778,4492631,9.218893,-37.936717,4.8,-1007,0.0584,-99999.,-99999.,-99999.,-99999.,-99999.,-99999.
123778,4492632,9.218893,-37.936717,4.8,-1007,0.0584,-99999.,-99999.,-99999.,-99999.,-99999.,-99999.
123778,4492641,9.21889,-37.936918,4.8,-1007,0.0584,-99999.,-99999.,-99999.,-99999.,-99999.,-99999.
123778,4492661,9.218893,-37.937365,4.9,-1007,0.0584,-99999.,-99999.,-99999.,-99999.,-99999.,-99999.
123778,4492670,9.218905,-37.937595,4.9,-1007,0.058300000000000005,-99999.,-99999.,-99999.,-99999.,-99999.,-99999.
123778,4492701,9.218913,-37.938275,4.9,-1007,0.058300000000000005,-99999.,-99999.,-99999.,-99999.,-99999.,-99999.
123778,4492740,9.218928,-37.939197,5.,-1007,0.0582,-99999.,-99999.,-99999.,-99999.,-99999.,-99999.
123778,4492791,9.218943,-37.940368,5.,-1007,0.058,-99999.,-99999.,-99999.,-99999.,-99999.,-99999.
123778,4492811,9.218955,-37.940862,5.1,-1007,0.058,-99999.,-99999.,-99999.,-99999.,-99999.,-99999.
123778,4492812,9.218955,-37.940862,5.1,-1007,0.058,-99999.,-99999.,-99999.,-99999.,-99999.,-99999.
123778,4492821,9.218963,-37.941073,5.,-1007,0.0579,-99999.,-99999.,-99999.,-99999.,-99999.,-99999.
123778,4492921,9.219035,-37.943438,5.1,-1007,0.0577,-99999.,-99999.,-99999.,-99999.,-99999.,-99999.
123778,4492951,9.219063,-37.94419,5.1,-1006,0.057600000000000005,-99999.,-99999.,-99999.,-99999.,-99999.,-99999.
123778,4493091,9.21922,-37.947475,5.1,-1006,0.0572,-99999.,-99999.,-99999.,-99999.,-99999.,-99999.
123778,4493201,9.219417,-37.950042,4.9,-1006,0.057,-99999.,-99999.,-99999.,-99999.,-99999.,-99999.
123778,4493231,9.219478,-37.950707,5.,-1006,0.056900000000000006,-99999.,-99999.,-99999.,-99999.,-99999.,-99999.
123778,4493333,9.219733,-37.952997,4.9,-1005,0.056600000000000004,-99999.,-99999.,-99999.,-99999.,-99999.,-99999.
123778,4493803,9.220783,-37.963637,5.1,-1004,0.0632,-99999.,-99999.,-99999.,-99999.,-99999.,-99999.
123778,4494603,9.221832,-37.982245,5.1,-1002,0.0611,-99999.,-99999.,-99999.,-99999.,-99999.,-99999.
123778,4494983,9.221653,-37.991417,5.1,-1001,0.060000000000000005,-99999.,-99999.,-99999.,-99999.,-99999.,-99999.
123778,4495345,9.221563,-38.000142,5.4,-1003,0.0674,-99999.,-99999.,-99999.,-99999.,-99999.,-99999.
123778,4496014,9.22199,-38.016562,5.3,-1002,0.0656,-99999.,-99999.,-99999.,-99999.,-99999.,-99999.
123778,4496383,9.222332,-38.025448,5.1,-1002,0.0646,-99999.,-99999.,-99999.,-99999.,-99999.,-99999.
123778,4497364,9.221208,-38.049902,5.3,-1001,0.0658,-99999.,-99999.,-99999.,-99999.,-99999.,-99999.
123778,4498523,9.216152,-38.078345,5.4,-1000,0.0631,-99999.,-99999.,-99999.,-99999.,-99999.,-99999.
123778,4498996,9.213995,-38.086377,1.,-993,0.0655,-99999.,-99999.,-99999.,-99999.,-99999.,-99999.
123778,4499763,9.221098,-38.080735,4.5,-999,0.0631,-99999.,-99999.,-99999.,-99999.,-99999.,-99999.
123778,4500734,9.234538,-38.069417,2.,-1000,0.0645,-99999.,-99999.,-99999.,-99999.,-99999.,-99999.
123778,4501218,9.244423,-38.062183,6.3,-1000,0.065,-99999.,-99999.,-99999.,-99999.,-99999.,-99999.
123778,4502490,9.275155,-38.045037,7.9,-998,0.0636,-99999.,-99999.,-99999.,-99999.,-99999.,-99999.
123778,4502607,9.277748,-38.044065,2.5,-998,0.0637,-99999.,-99999.,-99999.,-99999.,-99999.,-99999.
123778,4503895,9.301303,-38.025238,7.9,-998,0.059500000000000004,-99999.,-99999.,-99999.,-99999.,-99999.,-99999.
123778,4527127,9.362465,-37.515717,4.2,-1073,0.057800000000000004,-99999.,-99999.,-99999.,-99999.,-99999.,-99999.
123778,4527977,9.363062,-37.49947,6.5,-954,0.063,-99999.,-99999.,-99999.,-99999.,-99999.,-99999.
123778,4529167,9.36345,-37.46678,4.9,-1026,0.06330000000000001,-99999.,-99999.,-99999.,-99999.,-99999.,-99999.
123778,4529493,9.363023,-37.459342,7.3,-1042,0.0634,-99999.,-99999.,-99999.,-99999.,-99999.,-99999.
123778,4530294,9.361572,-37.441238,2.8,-1082,0.06520000000000001,-99999.,-99999.,-99999.,-99999.,-99999.,-99999.
123778,4530493,9.360578,-37.434607,8.3,-1097,0.06570000000000001,-99999.,-99999.,-99999.,-99999.,-99999.,-99999.
123778,4530734,9.359243,-37.427845,8.1,-1111,0.0663,-99999.,-99999.,-99999.,-99999.,-99999.,-99999.
123778,4531036,9.35766,-37.42092,5.9,-1127,0.067,-99999.,-99999.,-99999.,-99999.,-99999.,-99999.
123778,4531209,9.357413,-37.418363,2.2,-1132,0.06720000000000001,-99999.,-99999.,-99999.,-99999.,-99999.,-99999.
123778,4531229,9.357172,-37.418412,1.8,-1132,0.06720000000000001,-99999.,-99999.,-99999.,-99999.,-99999.,-99999.
123778,4531231,9.35715,-37.418397,1.9,-1132,0.06720000000000001,-99999.,-99999.,-99999.,-99999.,-99999.,-99999.
123778,4531235,9.357115,-37.418355,2.,-1132,0.06720000000000001,-99999.,-99999.,-99999.,-99999.,-99999.,-99999.
123778,4531244,9.357058,-37.418223,2.6,-1133,0.06720000000000001,-99999.,-99999.,-99999.,-99999.,-99999.,-99999.
123778,4531262,9.35699,-37.41792,3.5,-1133,0.0673,-99999.,-99999.,-99999.,-99999.,-99999.,-99999.
123778,4531268,9.356958,-37.4178,3.9,-1134,0.0673,-99999.,-99999.,-99999.,-99999.,-99999.,-99999.
123778,4531269,9.356958,-37.4178,3.9,-1134,0.0673,-99999.,-99999.,-99999.,-99999.,-99999.,-99999.
123778,4531275,9.3569,-37.417647,4.5,-1134,0.0673,-99999.,-99999.,-99999.,-99999.,-99999.,-99999.
123778,4531282,9.35684,-37.417468,5.1,-1134,0.0673,-99999.,-99999.,-99999.,-99999.,-99999.,-99999.
123778,4531284,9.356822,-37.417415,5.3,-1134,0.0673,-99999.,-99999.,-99999.,-99999.,-99999.,-99999.
123778,4531316,9.356465,-37.416425,7.1,-986,0.060700000000000004,-99999.,-99999.,-99999.,-99999.,-99999.,-99999.
123778,4531322,9.356423,-37.41622,7.2,-986,0.0608,-99999.,-99999.,-99999.,-99999.,-99999.,-99999.
123778,4531338,9.356247,-37.415687,7.4,-987,0.0609,-99999.,-99999.,-99999.,-99999.,-99999.,-99999.
123778,4531342,9.356195,-37.41556,7.3,-988,0.0609,-99999.,-99999.,-99999.,-99999.,-99999.,-99999.
123778,4531357,9.356053,-37.415093,6.8,-989,0.061000000000000006,-99999.,-99999.,-99999.,-99999.,-99999.,-99999.
123778,4531358,9.356053,-37.415093,6.8,-989,0.061000000000000006,-99999.,-99999.,-99999.,-99999.,-99999.,-99999.
123778,4531368,9.355898,-37.414813,6.5,-989,0.061000000000000006,-99999.,-99999.,-99999.,-99999.,-99999.,-99999.
123778,4531371,9.355848,-37.41474,6.5,-989,0.0611,-99999.,-99999.,-99999.,-99999.,-99999.,-99999.
123778,4531375,9.35579,-37.414635,6.5,-989,0.0611,-99999.,-99999.,-99999.,-99999.,-99999.,-99999.
123778,4531382,9.355712,-37.414438,6.5,-990,0.0611,-99999.,-99999.,-99999.,-99999.,-99999.,-99999.
123778,4531389,9.355632,-37.414235,6.5,-990,0.061200000000000004,-99999.,-99999.,-99999.,-99999.,-99999.,-99999.
123778,4531396,9.355527,-37.414042,6.6,-991,0.061200000000000004,-99999.,-99999.,-99999.,-99999.,-99999.,-99999.
123778,4531398,9.35551,-37.414015,6.6,-991,0.061200000000000004,-99999.,-99999.,-99999.,-99999.,-99999.,-99999.
123778,4531402,9.355427,-37.41388,6.7,-991,0.061200000000000004,-99999.,-99999.,-99999.,-99999.,-99999.,-99999.
123778,4531405,9.355377,-37.413798,6.8,-991,0.0613,-99999.,-99999.,-99999.,-99999.,-99999.,-99999.
123778,4531406,9.355377,-37.413798,6.8,-991,0.0613,-99999.,-99999.,-99999.,-99999.,-99999.,-99999.
123778,4531407,9.355342,-37.413742,6.8,-991,0.0613,-99999.,-99999.,-99999.,-99999.,-99999.,-99999.
123778,4531413,9.355233,-37.413577,6.9,-992,0.0613,-99999.,-99999.,-99999.,-99999.,-99999.,-99999.
123778,4531414,9.355233,-37.413577,6.9,-992,0.0613,-99999.,-99999.,-99999.,-99999.,-99999.,-99999.
123778,4531442,9.354772,-37.412685,7.5,-994,0.061500000000000006,-99999.,-99999.,-99999.,-99999.,-99999.,-99999.
123778,4531462,9.354427,-37.412045,7.7,-995,0.0616,-99999.,-99999.,-99999.,-99999.,-99999.,-99999.
123778,4531472,9.354242,-37.411777,7.7,-995,0.061700000000000005,-99999.,-99999.,-99999.,-99999.,-99999.,-99999.
123778,4531488,9.353957,-37.411217,7.9,-997,0.0618,-99999.,-99999.,-99999.,-99999.,-99999.,-99999.
123778,4531489,9.353957,-37.411217,7.9,-997,0.0618,-99999.,-99999.,-99999.,-99999.,-99999.,-99999.
123778,4531491,9.353905,-37.411117,7.9,-997,0.0618,-99999.,-99999.,-99999.,-99999.,-99999.,-99999.
123778,4531502,9.353722,-37.410737,8.1,-998,0.061900000000000004,-99999.,-99999.,-99999.,-99999.,-99999.,-99999.
123778,4531532,9.35321,-37.409738,8.3,-1000,0.0621,-99999.,-99999.,-99999.,-99999.,-99999.,-99999.
123778,4531551,9.35279,-37.409115,8.,-1001,0.0623,-99999.,-99999.,-99999.,-99999.,-99999.,-99999.
123778,4531575,9.352355,-37.40833,8.,-1003,0.062400000000000004,-99999.,-99999.,-99999.,-99999.,-99999.,-99999.
123778,4531576,9.352355,-37.40833,8.,-1003,0.062400000000000004,-99999.,-99999.,-99999.,-99999.,-99999.,-99999.
123778,4531605,9.351797,-37.407353,8.1,-1005,0.0627,-99999.,-99999.,-99999.,-99999.,-99999.,-99999.
123778,4531623,9.351455,-37.406857,8.,-1006,0.06280000000000001,-99999.,-99999.,-99999.,-99999.,-99999.,-99999.
123778,4531635,9.351212,-37.406437,8.,-1006,0.0629,-99999.,-99999.,-99999.,-99999.,-99999.,-99999.
123778,4531651,9.350833,-37.405935,7.9,-1008,0.063,-99999.,-99999.,-99999.,-99999.,-99999.,-99999.
123778,4531751,9.349102,-37.402953,5.4,-1014,0.0637,-99999.,-99999.,-99999.,-99999.,-99999.,-99999.
123778,4531771,9.349495,-37.402895,2.9,-1014,0.0637,-99999.,-99999.,-99999.,-99999.,-99999.,-99999.
123778,4531772,9.349495,-37.402895,2.9,-1014,0.0637,-99999.,-99999.,-99999.,-99999.,-99999.,-99999.
123778,4531788,9.349575,-37.403142,2.2,-1013,0.0636,-99999.,-99999.,-99999.,-99999.,-99999.,-99999.
123778,4531814,9.349212,-37.403117,3.1,-1013,0.0636,-99999.,-99999.,-99999.,-99999.,-99999.,-99999.
123778,4531815,9.349212,-37.403117,3.1,-1013,0.0636,-99999.,-99999.,-99999.,-99999.,-99999.,-99999.
123778,4531856,9.348495,-37.40222,6.3,-1015,0.0639,-99999.,-99999.,-99999.,-99999.,-99999.,-99999.
123778,4531897,9.3478,-37.40125,6.2,-1017,0.0641,-99999.,-99999.,-99999.,-99999.,-99999.,-99999.
123778,4532176,9.345908,-37.398547,2.8,-1023,0.0648,-99999.,-99999.,-99999.,-99999.,-99999.,-99999.
123778,4532819,9.3401,-37.390188,5.4,-1039,0.067,-99999.,-99999.,-99999.,-99999.,-99999.,-99999.
123778,4533260,9.335148,-37.383545,7.4,-1052,0.069,-99999.,-99999.,-99999.,-99999.,-99999.,-99999.
123778,4533564,9.332368,-37.380303,2.,-1117,0.0654,-99999.,-99999.,-99999.,-99999.,-99999.,-99999.
123778,4534020,9.325943,-37.373813,6.7,-1110,0.0717,-99999.,-99999.,-99999.,-99999.,-99999.,-99999.
123778,4534043,9.325223,-37.373477,7.4,-1109,0.0717,-99999.,-99999.,-99999.,-99999.,-99999.,-99999.
123778,4534623,9.30522,-37.364985,8.2,-1090,0.07250000000000001,-99999.,-99999.,-99999.,-99999.,-99999.,-99999.
123778,4535453,9.275607,-37.352685,8.3,-1055,0.06810000000000001,-99999.,-99999.,-99999.,-99999.,-99999.,-99999.
123778,4535913,9.259358,-37.345782,8.2,-1031,0.06570000000000001,-99999.,-99999.,-99999.,-99999.,-99999.,-99999.
123778,4536663,9.232775,-37.335048,8.3,-956,0.062400000000000004,-99999.,-99999.,-99999.,-99999.,-99999.,-99999.
123778,4537091,9.217478,-37.32925,8.1,-991,0.0621,-99999.,-99999.,-99999.,-99999.,-99999.,-99999.
123778,4537092,9.217478,-37.32925,8.1,-991,0.0621,-99999.,-99999.,-99999.,-99999.,-99999.,-99999.
123778,4537121,9.216503,-37.328863,8.1,-990,0.0621,-99999.,-99999.,-99999.,-99999.,-99999.,-99999.
123778,4537134,9.216078,-37.328697,8.2,-990,0.0621,-99999.,-99999.,-99999.,-99999.,-99999.,-99999.
123778,4537211,9.213223,-37.327593,8.1,-987,0.0621,-99999.,-99999.,-99999.,-99999.,-99999.,-99999.
123778,4537212,9.213223,-37.327593,8.1,-987,0.0621,-99999.,-99999.,-99999.,-99999.,-99999.,-99999.
123778,4537773,9.193102,-37.320353,8.3,-967,0.0636,-99999.,-99999.,-99999.,-99999.,-99999.,-99999.
123778,4539263,9.193817,-37.269652,8.3,-828,0.0644,-99999.,-99999.,-99999.,-99999.,-99999.,-99999.
123778,4540463,9.198518,-37.224092,8.1,-933,0.0646,-99999.,-99999.,-99999.,-99999.,-99999.,-99999.
123778,4542075,9.20472,-37.162332,8.3,-1046,0.0644,-99999.,-99999.,-99999.,-99999.,-99999.,-99999.
123778,4571883,9.265625,-36.508108,0.7,-1230,0.0736,-99999.,-99999.,-99999.,-99999.,-99999.,-99999.
123778,4573003,9.263237,-36.507392,0.4,-1231,0.0738,-99999.,-99999.,-99999.,-99999.,-99999.,-99999.
123778,4574223,9.261837,-36.50678,0.4,-1232,0.07390000000000001,-99999.,-99999.,-99999.,-99999.,-99999.,-99999.
123778,4575171,9.260743,-36.506018,0.2,-1232,0.07400000000000001,-99999.,-99999.,-99999.,-99999.,-99999.,-99999.
123778,4575172,9.260743,-36.506018,0.2,-1232,0.07400000000000001,-99999.,-99999.,-99999.,-99999.,-99999.,-99999.
123778,4575200,9.260715,-36.506003,0.3,-1232,0.07400000000000001,-99999.,-99999.,-99999.,-99999.,-99999.,-99999.
123778,4575221,9.260692,-36.506,0.2,-1232,0.07400000000000001,-99999.,-99999.,-99999.,-99999.,-99999.,-99999.
123778,4575222,9.260692,-36.506,0.2,-1232,0.07400000000000001,-99999.,-99999.,-99999.,-99999.,-99999.,-99999.
123778,4575250,9.260663,-36.505985,0.2,-1232,0.07400000000000001,-99999.,-99999.,-99999.,-99999.,-99999.,-99999.
123778,4575251,9.260663,-36.505985,0.2,-1232,0.07400000000000001,-99999.,-99999.,-99999.,-99999.,-99999.,-99999.
123778,4575281,9.260643,-36.505985,0.3,-1232,0.07400000000000001,-99999.,-99999.,-99999.,-99999.,-99999.,-99999.
123778,4575291,9.260632,-36.505983,0.2,-1232,0.07400000000000001,-99999.,-99999.,-99999.,-99999.,-99999.,-99999.
123778,4575292,9.260632,-36.505983,0.2,-1232,0.07400000000000001,-99999.,-99999.,-99999.,-99999.,-99999.,-99999.
123778,4575300,9.260617,-36.505978,0.1,-1232,0.07400000000000001,-99999.,-99999.,-99999.,-99999.,-99999.,-99999.
123778,4575302,9.260617,-36.505978,0.1,-1232,0.07400000000000001,-99999.,-99999.,-99999.,-99999.,-99999.,-99999.
123778,4575310,9.260602,-36.505975,0.3,-1232,0.07400000000000001,-99999.,-99999.,-99999.,-99999.,-99999.,-99999.
123778,4575311,9.260602,-36.505975,0.3,-1232,0.07400000000000001,-99999.,-99999.,-99999.,-99999.,-99999.,-99999.
123778,4575320,9.260592,-36.505975,0.3,-1232,0.07400000000000001,-99999.,-99999.,-99999.,-99999.,-99999.,-99999.
123778,4575324,9.260592,-36.505975,0.3,-1232,0.07400000000000001,-99999.,-99999.,-99999.,-99999.,-99999.,-99999.
123778,4575331,9.260582,-36.505973,0.1,-1232,0.07400000000000001,-99999.,-99999.,-99999.,-99999.,-99999.,-99999.
123778,4575370,9.260557,-36.505967,0.1,-1232,0.07400000000000001,-99999.,-99999.,-99999.,-99999.,-99999.,-99999.
123778,4575371,9.260557,-36.505967,0.1,-1232,0.07400000000000001,-99999.,-99999.,-99999.,-99999.,-99999.,-99999.
123778,4575431,9.260527,-36.505965,0.1,-1232,0.07400000000000001,-99999.,-99999.,-99999.,-99999.,-99999.,-99999.
123778,4575460,9.260515,-36.505968,0.,-1232,0.07400000000000001,-99999.,-99999.,-99999.,-99999.,-99999.,-99999.
123778,4575461,9.260515,-36.505968,0.,-1232,0.07400000000000001,-99999.,-99999.,-99999.,-99999.,-99999.,-99999.
123778,4575492,9.260513,-36.505972,0.1,-1232,0.07400000000000001,-99999.,-99999.,-99999.,-99999.,-99999.,-99999.
123778,4575501,9.260512,-36.505973,0.1,-1232,0.07400000000000001,-99999.,-99999.,-99999.,-99999.,-99999.,-99999.
123778,4575502,9.260512,-36.505973,0.1,-1232,0.07400000000000001,-99999.,-99999.,-99999.,-99999.,-99999.,-99999.
123778,4575520,9.260528,-36.50595,0.2,-1232,0.07400000000000001,-99999.,-99999.,-99999.,-99999.,-99999.,-99999.
123778,4575521,9.260528,-36.50595,0.2,-1232,0.07400000000000001,-99999.,-99999.,-99999.,-99999.,-99999.,-99999.
123778,4575531,9.260532,-36.505943,0.1,-1232,0.07400000000000001,-99999.,-99999.,-99999.,-99999.,-99999.,-99999.
123778,4575542,9.260537,-36.505938,0.1,-1232,0.07400000000000001,-99999.,-99999.,-99999.,-99999.,-99999.,-99999.
123778,4575551,9.260543,-36.505935,0.2,-1232,0.07400000000000001,-99999.,-99999.,-99999.,-99999.,-99999.,-99999.
123778,4575552,9.260543,-36.505935,0.2,-1232,0.07400000000000001,-99999.,-99999.,-99999.,-99999.,-99999.,-99999.
123778,4575561,9.260548,-36.505932,0.2,-1232,0.07400000000000001,-99999.,-99999.,-99999.,-99999.,-99999.,-99999.
123778,4575562,9.260548,-36.505932,0.2,-1232,0.07400000000000001,-99999.,-99999.,-99999.,-99999.,-99999.,-99999.
123778,4575611,9.260575,-36.505902,0.2,-1232,0.07400000000000001,-99999.,-99999.,-99999.,-99999.,-99999.,-99999.
123778,4575612,9.260575,-36.505902,0.2,-1232,0.07400000000000001,-99999.,-99999.,-99999.,-99999.,-99999.,-99999.
123778,4575622,9.260578,-36.505897,0.2,-1232,0.07400000000000001,-99999.,-99999.,-99999.,-99999.,-99999.,-99999.
123778,4575672,9.26059,-36.505852,0.2,-1232,0.07400000000000001,-99999.,-99999.,-99999.,-99999.,-99999.,-99999.
123778,4575742,9.260565,-36.505778,0.2,-1232,0.07400000000000001,-99999.,-99999.,-99999.,-99999.,-99999.,-99999.
123778,4576503,9.26012,-36.50483,0.4,-1232,0.0741,-99999.,-99999.,-99999.,-99999.,-99999.,-99999.
123778,4577043,9.25951,-36.504393,0.3,-1233,0.0741,-99999.,-99999.,-99999.,-99999.,-99999.,-99999.
123778,4577714,9.259042,-36.503795,0.6,-1233,0.0742,-99999.,-99999.,-99999.,-99999.,-99999.,-99999.
123778,4578304,9.258505,-36.503137,0.4,-1233,0.0742,-99999.,-99999.,-99999.,-99999.,-99999.,-99999.
123778,4578962,9.256838,-36.502457,0.4,-1234,0.07440000000000001,-99999.,-99999.,-99999.,-99999.,-99999.,-99999.
123778,4579521,9.2562,-36.501992,0.3,-1235,0.0745,-99999.,-99999.,-99999.,-99999.,-99999.,-99999.
123778,4580313,9.255663,-36.501055,0.3,-1235,0.0745,-99999.,-99999.,-99999.,-99999.,-99999.,-99999.
123778,4580644,9.255145,-36.500868,0.4,-1235,0.0746,-99999.,-99999.,-99999.,-99999.,-99999.,-99999.
123778,4581162,9.254385,-36.500237,0.5,-1236,0.0747,-99999.,-99999.,-99999.,-99999.,-99999.,-99999.
123778,4581391,9.254093,-36.500162,0.2,-1236,0.0747,-99999.,-99999.,-99999.,-99999.,-99999.,-99999.
123778,4581392,9.254093,-36.500162,0.2,-1236,0.0747,-99999.,-99999.,-99999.,-99999.,-99999.,-99999.
123778,4581451,9.254043,-36.500145,0.2,-1236,0.0747,-99999.,-99999.,-99999.,-99999.,-99999.,-99999.
123778,4581613,9.253962,-36.500022,0.4,-1236,0.0747,-99999.,-99999.,-99999.,-99999.,-99999.,-99999.
123778,4581793,9.253817,-36.499633,0.6,-1238,0.0689,-99999.,-99999.,-99999.,-99999.,-99999.,-99999.
123778,4582773,9.252797,-36.497968,0.5,-1238,0.0688,-99999.,-99999.,-99999.,-99999.,-99999.,-99999.
123778,4583044,9.252748,-36.498973,3.,-1238,0.0688,-99999.,-99999.,-99999.,-99999.,-99999.,-99999.
123778,4584063,9.263388,-36.519747,5.1,-1232,0.0736,-99999.,-99999.,-99999.,-99999.,-99999.,-99999.
123778,4584103,9.263875,-36.520588,5.1,-1231,0.0736,-99999.,-99999.,-99999.,-99999.,-99999.,-99999.
123778,4584493,9.268412,-36.528522,5.,-1230,0.0734,-99999.,-99999.,-99999.,-99999.,-99999.,-99999.
123778,4585283,9.278428,-36.544445,5.,-1229,0.0703,-99999.,-99999.,-99999.,-99999.,-99999.,-99999.
123778,4586677,9.27038,-36.566497,7.4,-1234,0.0721,-99999.,-99999.,-99999.,-99999.,-99999.,-99999.
123778,4587127,9.264917,-36.576785,6.9,-1235,0.07300000000000001,-99999.,-99999.,-99999.,-99999.,-99999.,-99999.
123778,4588153,9.254037,-36.596795,2.,-1194,0.0707,-99999.,-99999.,-99999.,-99999.,-99999.,-99999.
123778,4589671,9.24685,-36.643638,7.3,-1023,0.0711,-99999.,-99999.,-99999.,-99999.,-99999.,-99999.
123778,4611136,9.167572,-37.112748,6.,-1034,0.0655,-99999.,-99999.,-99999.,-99999.,-99999.,-99999.
123778,4612342,9.164855,-37.135265,2.3,-778,0.06670000000000001,-99999.,-99999.,-99999.,-99999.,-99999.,-99999.
123778,4613444,9.167148,-37.16688,7.4,-777,0.0666,-99999.,-99999.,-99999.,-99999.,-99999.,-99999.
123778,4613465,9.16733,-37.167563,7.1,-778,0.0666,-99999.,-99999.,-99999.,-99999.,-99999.,-99999.
123778,4613773,9.167205,-37.16974,4.5,-784,0.0664,-99999.,-99999.,-99999.,-99999.,-99999.,-99999.
123778,4613991,9.166842,-37.172548,0.3,-792,0.0663,-99999.,-99999.,-99999.,-99999.,-99999.,-99999.
123778,4613992,9.166842,-37.172548,0.3,-792,0.0663,-99999.,-99999.,-99999.,-99999.,-99999.,-99999.
123778,4614031,9.166872,-37.172925,3.1,-793,0.0663,-99999.,-99999.,-99999.,-99999.,-99999.,-99999.
123778,4614032,9.166872,-37.172925,3.1,-793,0.0663,-99999.,-99999.,-99999.,-99999.,-99999.,-99999.
123778,4614051,9.166478,-37.17323,5.2,-749,0.0675,-99999.,-99999.,-99999.,-99999.,-99999.,-99999.
123778,4614053,9.166478,-37.17323,5.2,-749,0.0675,-99999.,-99999.,-99999.,-99999.,-99999.,-99999.
123778,4614634,9.146245,-37.184245,8.7,-757,0.06670000000000001,-99999.,-99999.,-99999.,-99999.,-99999.,-99999.
123778,4614924,9.136272,-37.190007,8.2,-761,0.0666,-99999.,-99999.,-99999.,-99999.,-99999.,-99999.
123778,4615374,9.121395,-37.19919,8.6,-766,0.06810000000000001,-99999.,-99999.,-99999.,-99999.,-99999.,-99999.
123778,4615904,9.103845,-37.20989,8.,-770,0.0689,-99999.,-99999.,-99999.,-99999.,-99999.,-99999.
123778,4615964,9.10191,-37.21104,8.1,-771,0.0688,-99999.,-99999.,-99999.,-99999.,-99999.,-99999.
123778,4617221,9.060323,-37.236305,8.4,-760,0.06620000000000001,-99999.,-99999.,-99999.,-99999.,-99999.,-99999.
123778,4617462,9.052152,-37.241243,8.6,-761,0.06760000000000001,-99999.,-99999.,-99999.,-99999.,-99999.,-99999.
123778,4618532,9.016153,-37.263495,8.5,-799,0.0594,-99999.,-99999.,-99999.,-99999.,-99999.,-99999.
123778,4618674,9.011342,-37.266437,8.5,-786,0.059500000000000004,-99999.,-99999.,-99999.,-99999.,-99999.,-99999.
123778,4619013,9.000075,-37.273492,8.3,-759,0.0597,-99999.,-99999.,-99999.,-99999.,-99999.,-99999.
123778,4619542,8.982497,-37.28454,8.4,-971,0.0584,-99999.,-99999.,-99999.,-99999.,-99999.,-99999.
123778,4619582,8.981187,-37.285422,8.3,-968,0.0584,-99999.,-99999.,-99999.,-99999.,-99999.,-99999.
123778,4619642,8.979258,-37.28668,8.3,-965,0.058300000000000005,-99999.,-99999.,-99999.,-99999.,-99999.,-99999.
123778,4619672,8.978285,-37.287307,8.3,-964,0.058300000000000005,-99999.,-99999.,-99999.,-99999.,-99999.,-99999.
123778,4619673,8.978285,-37.287307,8.3,-964,0.058300000000000005,-99999.,-99999.,-99999.,-99999.,-99999.,-99999.
123778,4619691,8.977712,-37.287693,8.3,-963,0.058300000000000005,-99999.,-99999.,-99999.,-99999.,-99999.,-99999.
123778,4619733,8.976352,-37.288548,8.2,-960,0.058300000000000005,-99999.,-99999.,-99999.,-99999.,-99999.,-99999.
123778,4619751,8.975772,-37.288923,8.2,-959,0.058300000000000005,-99999.,-99999.,-99999.,-99999.,-99999.,-99999.
123778,4619942,8.969783,-37.293113,8.2,-948,0.0591,-99999.,-99999.,-99999.,-99999.,-99999.,-99999.
123778,4619943,8.969783,-37.293113,8.2,-948,0.0591,-99999.,-99999.,-99999.,-99999.,-99999.,-99999.
123778,4620003,8.967928,-37.294467,8.3,-944,0.0591,-99999.,-99999.,-99999.,-99999.,-99999.,-99999.
123778,4620082,8.965558,-37.296303,8.3,-938,0.059000000000000004,-99999.,-99999.,-99999.,-99999.,-99999.,-99999.
123778,4620114,8.964617,-37.297213,8.3,-936,0.059000000000000004,-99999.,-99999.,-99999.,-99999.,-99999.,-99999.
123778,4620115,8.964617,-37.297213,8.3,-936,0.059000000000000004,-99999.,-99999.,-99999.,-99999.,-99999.,-99999.
123778,4620141,8.963933,-37.297953,8.3,-934,0.059000000000000004,-99999.,-99999.,-99999.,-99999.,-99999.,-99999.
123778,4620145,8.963838,-37.298073,8.2,-934,0.059000000000000004,-99999.,-99999.,-99999.,-99999.,-99999.,-99999.
123778,4620146,8.963838,-37.298073,8.2,-934,0.059000000000000004,-99999.,-99999.,-99999.,-99999.,-99999.,-99999.
123778,4620169,8.963375,-37.298855,8.1,-932,0.059000000000000004,-99999.,-99999.,-99999.,-99999.,-99999.,-99999.
123778,4620212,8.962733,-37.300347,8.1,-929,0.059000000000000004,-99999.,-99999.,-99999.,-99999.,-99999.,-99999.
123778,4620279,8.962018,-37.302782,7.9,-925,0.059000000000000004,-99999.,-99999.,-99999.,-99999.,-99999.,-99999.
123778,4620833,8.959513,-37.320755,7.9,-897,0.0592,-99999.,-99999.,-99999.,-99999.,-99999.,-99999.
123778,4621392,8.955987,-37.341165,7.9,-991,0.062200000000000005,-99999.,-99999.,-99999.,-99999.,-99999.,-99999.
123778,4622143,8.951802,-37.369383,8.2,-991,0.063,-99999.,-99999.,-99999.,-99999.,-99999.,-99999.
123778,4623372,8.946623,-37.415838,8.2,-991,0.0631,-99999.,-99999.,-99999.,-99999.,-99999.,-99999.
123778,4624753,8.938872,-37.467377,8.3,-992,0.0632,-99999.,-99999.,-99999.,-99999.,-99999.,-99999.
123778,4625524,8.934172,-37.496205,8.1,-992,0.063,-99999.,-99999.,-99999.,-99999.,-99999.,-99999.
123778,4625721,8.932932,-37.503777,8.1,-996,0.06330000000000001,-99999.,-99999.,-99999.,-99999.,-99999.,-99999.
123778,4625722,8.932932,-37.503777,8.1,-996,0.06330000000000001,-99999.,-99999.,-99999.,-99999.,-99999.,-99999.
123778,4626143,8.930088,-37.51958,8.3,-995,0.0639,-99999.,-99999.,-99999.,-99999.,-99999.,-99999.
123778,4627433,8.921837,-37.568505,7.8,-992,0.06420000000000001,-99999.,-99999.,-99999.,-99999.,-99999.,-99999.
123778,4627541,8.921585,-37.572433,7.8,-992,0.06430000000000001,-99999.,-99999.,-99999.,-99999.,-99999.,-99999.
123778,4630905,8.903962,-37.696198,8.4,-997,0.0606,-99999.,-99999.,-99999.,-99999.,-99999.,-99999.
123778,4657941,8.92787,-38.030325,1.3,-998,0.0663,-99999.,-99999.,-99999.,-99999.,-99999.,-99999.
123778,4658042,8.928453,-38.030198,1.3,-998,0.0664,-99999.,-99999.,-99999.,-99999.,-99999.,-99999.
123778,4658082,8.928688,-38.03014,1.2,-998,0.0664,-99999.,-99999.,-99999.,-99999.,-99999.,-99999.
123778,4658463,8.930742,-38.029675,1.1,-997,0.0665,-99999.,-99999.,-99999.,-99999.,-99999.,-99999.
123778,4658573,8.931313,-38.029503,1.1,-997,0.0665,-99999.,-99999.,-99999.,-99999.,-99999.,-99999.
123778,4659623,8.936142,-38.02739,1.1,-996,0.0668,-99999.,-99999.,-99999.,-99999.,-99999.,-99999.
123778,4660059,8.937602,-38.02661,0.6,-996,0.0669,-99999.,-99999.,-99999.,-99999.,-99999.,-99999.
123778,4660858,8.939105,-38.026677,0.4,-996,0.067,-99999.,-99999.,-99999.,-99999.,-99999.,-99999.
123778,4661423,8.939698,-38.02712,0.5,-996,0.067,-99999.,-99999.,-99999.,-99999.,-99999.,-99999.
123778,4662108,8.94051,-38.027808,0.6,-996,0.0671,-99999.,-99999.,-99999.,-99999.,-99999.,-99999.
123778,4662614,8.941375,-38.028677,0.5,-995,0.06720000000000001,-99999.,-99999.,-99999.,-99999.,-99999.,-99999.
123778,4663363,8.943495,-38.029333,0.7,-995,0.0673,-99999.,-99999.,-99999.,-99999.,-99999.,-99999.
123778,4663582,8.944163,-38.029482,0.8,-995,0.0674,-99999.,-99999.,-99999.,-99999.,-99999.,-99999.
123778,4663622,8.944292,-38.029493,0.8,-995,0.0674,-99999.,-99999.,-99999.,-99999.,-99999.,-99999.
123778,4663623,8.944292,-38.029493,0.8,-995,0.0674,-99999.,-99999.,-99999.,-99999.,-99999.,-99999.
123778,4663652,8.944383,-38.029497,0.7,-995,0.0674,-99999.,-99999.,-99999.,-99999.,-99999.,-99999.
123778,4663683,8.94449,-38.029513,0.7,-995,0.0674,-99999.,-99999.,-99999.,-99999.,-99999.,-99999.
123778,4663811,8.944922,-38.029573,0.8,-995,0.0674,-99999.,-99999.,-99999.,-99999.,-99999.,-99999.
123778,4663827,8.944973,-38.02957,0.8,-995,0.0674,-99999.,-99999.,-99999.,-99999.,-99999.,-99999.
123778,4663845,8.945048,-38.029565,0.8,-995,0.0674,-99999.,-99999.,-99999.,-99999.,-99999.,-99999.
123778,4663932,8.94543,-38.029618,1.,-995,0.0675,-99999.,-99999.,-99999.,-99999.,-99999.,-99999.
123778,4663963,8.945563,-38.029643,1.,-995,0.0675,-99999.,-99999.,-99999.,-99999.,-99999.,-99999.
123778,4664111,8.946182,-38.029753,1.,-994,0.0675,-99999.,-99999.,-99999.,-99999.,-99999.,-99999.
123778,4664112,8.946182,-38.029753,1.,-994,0.0675,-99999.,-99999.,-99999.,-99999.,-99999.,-99999.
123778,4664131,8.946268,-38.029773,1.,-994,0.0675,-99999.,-99999.,-99999.,-99999.,-99999.,-99999.
123778,4664503,8.947843,-38.030112,0.9,-994,0.06770000000000001,-99999.,-99999.,-99999.,-99999.,-99999.,-99999.
123778,4665093,8.950088,-38.03033,0.9,-994,0.0678,-99999.,-99999.,-99999.,-99999.,-99999.,-99999.
123778,4665714,8.945367,-38.030453,3.9,-995,0.0675,-99999.,-99999.,-99999.,-99999.,-99999.,-99999.
123778,4666033,8.939973,-38.030778,3.4,-995,0.0671,-99999.,-99999.,-99999.,-99999.,-99999.,-99999.
123778,4667174,8.922817,-38.030892,2.8,-999,0.066,-99999.,-99999.,-99999.,-99999.,-99999.,-99999.
123778,4667654,8.915838,-38.030953,3.,-995,0.0669,-99999.,-99999.,-99999.,-99999.,-99999.,-99999.
123778,4668393,8.90516,-38.030902,3.3,-996,0.0669,-99999.,-99999.,-99999.,-99999.,-99999.,-99999.
123778,4668403,8.90499,-38.030885,3.3,-996,0.0669,-99999.,-99999.,-99999.,-99999.,-99999.,-99999.
123778,4668853,8.898455,-38.030305,3.3,-997,0.0669,-99999.,-99999.,-99999.,-99999.,-99999.,-99999.
123778,4669724,8.886603,-38.030682,3.4,-997,0.0669,-99999.,-99999.,-99999.,-99999.,-99999.,-99999.
123778,4670813,8.868832,-38.031013,3.7,-999,0.0682,-99999.,-99999.,-99999.,-99999.,-99999.,-99999.
123778,4672414,8.849565,-38.029513,3.7,-1000,0.06860000000000001,-99999.,-99999.,-99999.,-99999.,-99999.,-99999.
123778,4672613,8.848053,-38.027772,3.8,-1000,0.0685,-99999.,-99999.,-99999.,-99999.,-99999.,-99999.
123778,4672957,8.84644,-38.024222,1.5,-1000,0.0683,-99999.,-99999.,-99999.,-99999.,-99999.,-99999.
123778,4673433,8.8419,-38.010975,7.7,-1001,0.0675,-99999.,-99999.,-99999.,-99999.,-99999.,-99999.
123778,4696882,8.816142,-37.532605,2.9,-997,0.06330000000000001,-99999.,-99999.,-99999.,-99999.,-99999.,-99999.
123778,4697873,8.819122,-37.51484,5.4,-997,0.0632,-99999.,-99999.,-99999.,-99999.,-99999.,-99999.
123778,4699014,8.82748,-37.487507,4.,-996,0.06280000000000001,-99999.,-99999.,-99999.,-99999.,-99999.,-99999.
123778,4699064,8.827915,-37.486073,7.1,-996,0.0627,-99999.,-99999.,-99999.,-99999.,-99999.,-99999.
123778,4700233,8.837718,-37.462462,7.6,-991,0.064,-99999.,-99999.,-99999.,-99999.,-99999.,-99999.
123778,4700467,8.839542,-37.458613,7.3,-991,0.064,-99999.,-99999.,-99999.,-99999.,-99999.,-99999.
123778,4700766,8.84127,-37.452697,6.7,-991,0.0654,-99999.,-99999.,-99999.,-99999.,-99999.,-99999.
123778,4701632,8.844927,-37.438542,7.5,-991,0.06520000000000001,-99999.,-99999.,-99999.,-99999.,-99999.,-99999.
123778,4701938,8.846625,-37.431043,2.3,-991,0.065,-99999.,-99999.,-99999.,-99999.,-99999.,-99999.
123778,4702187,8.848662,-37.42488,2.4,-991,0.0649,-99999.,-99999.,-99999.,-99999.,-99999.,-99999.
123778,4702189,8.848662,-37.42488,2.4,-991,0.0649,-99999.,-99999.,-99999.,-99999.,-99999.,-99999.
123778,4702191,8.848622,-37.424912,2.4,-991,0.0649,-99999.,-99999.,-99999.,-99999.,-99999.,-99999.
123778,4702205,8.848407,-37.424927,2.5,-991,0.0649,-99999.,-99999.,-99999.,-99999.,-99999.,-99999.
123778,4702228,8.848353,-37.42457,3.1,-991,0.0649,-99999.,-99999.,-99999.,-99999.,-99999.,-99999.
123778,4702229,8.848353,-37.42457,3.1,-991,0.0649,-99999.,-99999.,-99999.,-99999.,-99999.,-99999.
123778,4702232,8.848383,-37.424508,3.5,-991,0.0649,-99999.,-99999.,-99999.,-99999.,-99999.,-99999.
123778,4702242,8.84843,-37.42426,4.6,-991,0.0649,-99999.,-99999.,-99999.,-99999.,-99999.,-99999.
123778,4702248,8.848455,-37.424063,5.3,-991,0.0649,-99999.,-99999.,-99999.,-99999.,-99999.,-99999.
123778,4702284,8.84875,-37.422893,7.3,-991,0.0649,-99999.,-99999.,-99999.,-99999.,-99999.,-99999.
123778,4702289,8.84881,-37.422725,7.4,-991,0.0649,-99999.,-99999.,-99999.,-99999.,-99999.,-99999.
123778,4702292,8.84884,-37.422658,7.4,-991,0.0649,-99999.,-99999.,-99999.,-99999.,-99999.,-99999.
123778,4702330,8.849165,-37.421322,7.4,-991,0.0649,-99999.,-99999.,-99999.,-99999.,-99999.,-99999.
123778,4702352,8.84965,-37.420773,7.,-992,0.0649,-99999.,-99999.,-99999.,-99999.,-99999.,-99999.
123778,4702390,8.849912,-37.421228,2.6,-992,0.0648,-99999.,-99999.,-99999.,-99999.,-99999.,-99999.
123778,4702391,8.849912,-37.421228,2.6,-992,0.0648,-99999.,-99999.,-99999.,-99999.,-99999.,-99999.
123778,4702399,8.84977,-37.421247,2.5,-992,0.0649,-99999.,-99999.,-99999.,-99999.,-99999.,-99999.
123778,4702406,8.849663,-37.421195,2.5,-992,0.0649,-99999.,-99999.,-99999.,-99999.,-99999.,-99999.
123778,4702412,8.849612,-37.421112,2.5,-992,0.0649,-99999.,-99999.,-99999.,-99999.,-99999.,-99999.
123778,4702424,8.84962,-37.420863,3.4,-992,0.0649,-99999.,-99999.,-99999.,-99999.,-99999.,-99999.
123778,4702425,8.84962,-37.420863,3.4,-992,0.0649,-99999.,-99999.,-99999.,-99999.,-99999.,-99999.
123778,4702428,8.849628,-37.420767,3.9,-992,0.0649,-99999.,-99999.,-99999.,-99999.,-99999.,-99999.
123778,4702464,8.849838,-37.419708,6.5,-992,0.0648,-99999.,-99999.,-99999.,-99999.,-99999.,-99999.
123778,4702475,8.850077,-37.419517,4.8,-992,0.0648,-99999.,-99999.,-99999.,-99999.,-99999.,-99999.
123778,4702476,8.850077,-37.419517,4.8,-992,0.0648,-99999.,-99999.,-99999.,-99999.,-99999.,-99999.
123778,4702482,8.850227,-37.419545,3.8,-992,0.0648,-99999.,-99999.,-99999.,-99999.,-99999.,-99999.
123778,4702519,8.850058,-37.420027,2.6,-992,0.0648,-99999.,-99999.,-99999.,-99999.,-99999.,-99999.
123778,4702554,8.84991,-37.41962,3.1,-992,0.0648,-99999.,-99999.,-99999.,-99999.,-99999.,-99999.
123778,4702574,8.85007,-37.419127,5.1,-992,0.0648,-99999.,-99999.,-99999.,-99999.,-99999.,-99999.
123778,4702664,8.850512,-37.418742,2.2,-992,0.0648,-99999.,-99999.,-99999.,-99999.,-99999.,-99999.
123778,4702665,8.850512,-37.418742,2.2,-992,0.0648,-99999.,-99999.,-99999.,-99999.,-99999.,-99999.
123778,4702754,8.850958,-37.416985,6.4,-992,0.0648,-99999.,-99999.,-99999.,-99999.,-99999.,-99999.
123778,4703214,8.855197,-37.408638,7.2,-990,0.0654,-99999.,-99999.,-99999.,-99999.,-99999.,-99999.
123778,4703507,8.857102,-37.40592,2.4,-990,0.0655,-99999.,-99999.,-99999.,-99999.,-99999.,-99999.
123778,4703937,8.861227,-37.40008,1.6,-990,0.0655,-99999.,-99999.,-99999.,-99999.,-99999.,-99999.
123778,4704389,8.867212,-37.39031,2.,-990,0.0656,-99999.,-99999.,-99999.,-99999.,-99999.,-99999.
123778,4705483,8.883258,-37.353553,8.1,-989,0.0637,-99999.,-99999.,-99999.,-99999.,-99999.,-99999.
123778,4705803,8.887885,-37.342143,8.2,-989,0.06420000000000001,-99999.,-99999.,-99999.,-99999.,-99999.,-99999.
123778,4706764,8.900902,-37.308238,8.1,-989,0.0641,-99999.,-99999.,-99999.,-99999.,-99999.,-99999.
123778,4706824,8.901727,-37.306093,8.3,-989,0.06420000000000001,-99999.,-99999.,-99999.,-99999.,-99999.,-99999.
123778,4707942,8.909032,-37.266608,8.3,-986,0.06430000000000001,-99999.,-99999.,-99999.,-99999.,-99999.,-99999.
123778,4708067,8.909768,-37.261695,8.1,-985,0.0645,-99999.,-99999.,-99999.,-99999.,-99999.,-99999.
123778,4708146,8.910143,-37.258745,7.8,-985,0.06470000000000001,-99999.,-99999.,-99999.,-99999.,-99999.,-99999.
123778,4708147,8.910143,-37.258745,7.8,-985,0.06470000000000001,-99999.,-99999.,-99999.,-99999.,-99999.,-99999.
123778,4708196,8.910407,-37.256925,7.9,-985,0.06470000000000001,-99999.,-99999.,-99999.,-99999.,-99999.,-99999.
123778,4708197,8.910407,-37.256925,7.9,-985,0.06470000000000001,-99999.,-99999.,-99999.,-99999.,-99999.,-99999.
123778,4708226,8.91055,-37.255822,7.7,-985,0.0648,-99999.,-99999.,-99999.,-99999.,-99999.,-99999.
123778,4708247,8.910662,-37.255168,6.6,-985,0.0648,-99999.,-99999.,-99999.,-99999.,-99999.,-99999.
123778,4708248,8.910662,-37.255168,6.6,-985,0.0648,-99999.,-99999.,-99999.,-99999.,-99999.,-99999.
123778,4708254,8.910662,-37.255168,6.6,-985,0.0648,-99999.,-99999.,-99999.,-99999.,-99999.,-99999.
123778,4708273,8.910705,-37.254575,4.3,-985,0.0648,-99999.,-99999.,-99999.,-99999.,-99999.,-99999.
123778,4708293,8.910735,-37.254442,1.8,-985,0.0649,-99999.,-99999.,-99999.,-99999.,-99999.,-99999.
123778,4708377,8.911307,-37.25411,3.1,-985,0.0649,-99999.,-99999.,-99999.,-99999.,-99999.,-99999.
123778,4708428,8.9114,-37.255023,4.5,-985,0.0649,-99999.,-99999.,-99999.,-99999.,-99999.,-99999.
123778,4708430,8.911405,-37.255095,4.6,-985,0.0648,-99999.,-99999.,-99999.,-99999.,-99999.,-99999.
123778,4708431,8.911405,-37.255095,4.6,-985,0.0648,-99999.,-99999.,-99999.,-99999.,-99999.,-99999.
123778,4708436,8.911417,-37.25524,4.8,-985,0.0648,-99999.,-99999.,-99999.,-99999.,-99999.,-99999.
123778,4708437,8.911417,-37.25524,4.8,-985,0.0648,-99999.,-99999.,-99999.,-99999.,-99999.,-99999.
123778,4708442,8.911438,-37.25539,5.,-985,0.0648,-99999.,-99999.,-99999.,-99999.,-99999.,-99999.
123778,4708443,8.911438,-37.25539,5.,-985,0.0648,-99999.,-99999.,-99999.,-99999.,-99999.,-99999.
123778,4708446,8.911465,-37.255487,5.1,-985,0.0648,-99999.,-99999.,-99999.,-99999.,-99999.,-99999.
123778,4708450,8.911482,-37.255562,5.2,-985,0.0648,-99999.,-99999.,-99999.,-99999.,-99999.,-99999.
123778,4708483,8.911448,-37.256352,5.,-985,0.0648,-99999.,-99999.,-99999.,-99999.,-99999.,-99999.
123778,4708550,8.911142,-37.257833,4.8,-985,0.06470000000000001,-99999.,-99999.,-99999.,-99999.,-99999.,-99999.
123778,4708581,8.910993,-37.258447,4.3,-985,0.06470000000000001,-99999.,-99999.,-99999.,-99999.,-99999.,-99999.
123778,4709006,8.912238,-37.258683,1.9,-985,0.06470000000000001,-99999.,-99999.,-99999.,-99999.,-99999.,-99999.
123778,4710302,8.915275,-37.226792,8.,-989,0.06380000000000001,-99999.,-99999.,-99999.,-99999.,-99999.,-99999.
123778,4711802,8.923667,-37.171975,8.,-984,0.0663,-99999.,-99999.,-99999.,-99999.,-99999.,-99999.
123778,4714233,8.9367,-37.081575,8.,-986,0.07980000000000001,-99999.,-99999.,-99999.,-99999.,-99999.,-99999.
123778,4744483,9.016792,-36.541868,0.7,-1031,0.07490000000000001,-99999.,-99999.,-99999.,-99999.,-99999.,-99999.
123778,4744503,9.016835,-36.541835,0.6,-1031,0.07490000000000001,-99999.,-99999.,-99999.,-99999.,-99999.,-99999.
123778,4745192,9.018478,-36.541297,0.7,-1030,0.0753,-99999.,-99999.,-99999.,-99999.,-99999.,-99999.
123778,4746308,9.020735,-36.540087,0.5,-1028,0.07540000000000001,-99999.,-99999.,-99999.,-99999.,-99999.,-99999.
123778,4746309,9.020735,-36.540087,0.5,-1028,0.07540000000000001,-99999.,-99999.,-99999.,-99999.,-99999.,-99999.
123778,4746343,9.020828,-36.540093,0.4,-1028,0.07540000000000001,-99999.,-99999.,-99999.,-99999.,-99999.,-99999.
123778,4746360,9.020878,-36.540075,0.3,-1028,0.07540000000000001,-99999.,-99999.,-99999.,-99999.,-99999.,-99999.
123778,4746366,9.020897,-36.540077,0.2,-1028,0.07540000000000001,-99999.,-99999.,-99999.,-99999.,-99999.,-99999.
123778,4746368,9.020903,-36.540078,0.7,-1028,0.07540000000000001,-99999.,-99999.,-99999.,-99999.,-99999.,-99999.
123778,4746369,9.020903,-36.540078,0.7,-1028,0.07540000000000001,-99999.,-99999.,-99999.,-99999.,-99999.,-99999.
123778,4746398,9.020963,-36.540082,0.3,-1028,0.07540000000000001,-99999.,-99999.,-99999.,-99999.,-99999.,-99999.
123778,4746421,9.021013,-36.540072,0.3,-1028,0.07540000000000001,-99999.,-99999.,-99999.,-99999.,-99999.,-99999.
123778,4746422,9.021013,-36.540072,0.3,-1028,0.07540000000000001,-99999.,-99999.,-99999.,-99999.,-99999.,-99999.
123778,4746583,9.021272,-36.539895,0.5,-1028,0.07540000000000001,-99999.,-99999.,-99999.,-99999.,-99999.,-99999.
123778,4746742,9.021533,-36.539613,0.5,-1027,0.07540000000000001,-99999.,-99999.,-99999.,-99999.,-99999.,-99999.
123778,4747083,9.02231,-36.53931,0.6,-1027,0.07540000000000001,-99999.,-99999.,-99999.,-99999.,-99999.,-99999.
123778,4747674,9.024278,-36.538185,0.7,-1025,0.0755,-99999.,-99999.,-99999.,-99999.,-99999.,-99999.
123778,4748112,9.025537,-36.537693,0.6,-1025,0.0756,-99999.,-99999.,-99999.,-99999.,-99999.,-99999.
123778,4748922,9.02754,-36.536343,0.8,-1023,0.0756,-99999.,-99999.,-99999.,-99999.,-99999.,-99999.
123778,4749503,9.02926,-36.535775,0.7,-1022,0.0757,-99999.,-99999.,-99999.,-99999.,-99999.,-99999.
123778,4750103,9.030913,-36.534723,0.7,-1021,0.0758,-99999.,-99999.,-99999.,-99999.,-99999.,-99999.
123778,4750623,9.032597,-36.53392,0.7,-1020,0.07590000000000001,-99999.,-99999.,-99999.,-99999.,-99999.,-99999.
123778,4751367,9.034098,-36.532638,0.4,-1019,0.07590000000000001,-99999.,-99999.,-99999.,-99999.,-99999.,-99999.
123778,4751556,9.03441,-36.53263,0.6,-1019,0.07590000000000001,-99999.,-99999.,-99999.,-99999.,-99999.,-99999.
123778,4751864,9.034817,-36.53248,0.4,-1018,0.076,-99999.,-99999.,-99999.,-99999.,-99999.,-99999.
123778,4751923,9.034907,-36.53241,0.4,-1018,0.076,-99999.,-99999.,-99999.,-99999.,-99999.,-99999.
123778,4752021,9.035068,-36.532253,0.8,-1018,0.076,-99999.,-99999.,-99999.,-99999.,-99999.,-99999.
123778,4752043,9.035097,-36.532223,0.5,-1018,0.076,-99999.,-99999.,-99999.,-99999.,-99999.,-99999.
123778,4752045,9.035107,-36.532218,0.5,-1018,0.076,-99999.,-99999.,-99999.,-99999.,-99999.,-99999.
123778,4752046,9.035107,-36.532218,0.5,-1018,0.076,-99999.,-99999.,-99999.,-99999.,-99999.,-99999.
123778,4752054,9.035123,-36.532205,0.6,-1018,0.076,-99999.,-99999.,-99999.,-99999.,-99999.,-99999.
123778,4752056,9.035123,-36.532202,0.3,-1018,0.076,-99999.,-99999.,-99999.,-99999.,-99999.,-99999.
123778,4752062,9.035138,-36.532192,0.3,-1018,0.076,-99999.,-99999.,-99999.,-99999.,-99999.,-99999.
123778,4752072,9.035152,-36.532182,0.5,-1018,0.076,-99999.,-99999.,-99999.,-99999.,-99999.,-99999.
123778,4752101,9.035212,-36.532132,0.5,-1018,0.076,-99999.,-99999.,-99999.,-99999.,-99999.,-99999.
123778,4752102,9.035212,-36.532132,0.5,-1018,0.076,-99999.,-99999.,-99999.,-99999.,-99999.,-99999.
123778,4752122,9.035255,-36.532098,0.4,-1018,0.076,-99999.,-99999.,-99999.,-99999.,-99999.,-99999.
123778,4752132,9.035275,-36.532085,0.6,-1018,0.076,-99999.,-99999.,-99999.,-99999.,-99999.,-99999.
123778,4752142,9.035298,-36.532073,0.5,-1018,0.076,-99999.,-99999.,-99999.,-99999.,-99999.,-99999.
123778,4752153,9.035328,-36.532058,0.7,-1018,0.076,-99999.,-99999.,-99999.,-99999.,-99999.,-99999.
123778,4752161,9.035348,-36.532052,0.4,-1018,0.076,-99999.,-99999.,-99999.,-99999.,-99999.,-99999.
123778,4752162,9.035348,-36.532052,0.4,-1018,0.076,-99999.,-99999.,-99999.,-99999.,-99999.,-99999.
123778,4752182,9.035408,-36.532035,0.8,-1018,0.076,-99999.,-99999.,-99999.,-99999.,-99999.,-99999.
123778,4752183,9.035408,-36.532035,0.8,-1018,0.076,-99999.,-99999.,-99999.,-99999.,-99999.,-99999.
123778,4752202,9.035458,-36.532023,0.6,-1018,0.076,-99999.,-99999.,-99999.,-99999.,-99999.,-99999.
123778,4752273,9.03568,-36.532007,0.4,-1018,0.076,-99999.,-99999.,-99999.,-99999.,-99999.,-99999.
123778,4752281,9.035702,-36.532008,0.4,-1018,0.076,-99999.,-99999.,-99999.,-99999.,-99999.,-99999.
123778,4752282,9.035702,-36.532008,0.4,-1018,0.076,-99999.,-99999.,-99999.,-99999.,-99999.,-99999.
123778,4752312,9.035773,-36.53201,0.3,-1018,0.076,-99999.,-99999.,-99999.,-99999.,-99999.,-99999.
123778,4752341,9.035847,-36.532018,0.3,-1018,0.076,-99999.,-99999.,-99999.,-99999.,-99999.,-99999.
123778,4752342,9.035847,-36.532018,0.3,-1018,0.076,-99999.,-99999.,-99999.,-99999.,-99999.,-99999.
123778,4752382,9.035932,-36.532013,0.5,-1018,0.076,-99999.,-99999.,-99999.,-99999.,-99999.,-99999.
123778,4752424,9.036025,-36.532002,0.6,-1018,0.076,-99999.,-99999.,-99999.,-99999.,-99999.,-99999.
123778,4752461,9.03611,-36.531997,0.6,-1018,0.076,-99999.,-99999.,-99999.,-99999.,-99999.,-99999.
123778,4752472,9.03613,-36.531992,0.4,-1018,0.076,-99999.,-99999.,-99999.,-99999.,-99999.,-99999.
123778,4752502,9.036193,-36.531995,0.4,-1018,0.076,-99999.,-99999.,-99999.,-99999.,-99999.,-99999.
123778,4752532,9.036258,-36.531993,0.4,-1018,0.076,-99999.,-99999.,-99999.,-99999.,-99999.,-99999.
123778,4752533,9.036258,-36.531993,0.4,-1018,0.076,-99999.,-99999.,-99999.,-99999.,-99999.,-99999.
123778,4752542,9.036277,-36.531992,0.3,-1018,0.076,-99999.,-99999.,-99999.,-99999.,-99999.,-99999.
123778,4752543,9.036278,-36.531992,0.4,-1018,0.076,-99999.,-99999.,-99999.,-99999.,-99999.,-99999.
123778,4752548,9.036293,-36.531995,0.4,-1018,0.076,-99999.,-99999.,-99999.,-99999.,-99999.,-99999.
123778,4752549,9.036293,-36.531995,0.4,-1018,0.076,-99999.,-99999.,-99999.,-99999.,-99999.,-99999.
123778,4752562,9.036322,-36.531993,0.5,-1018,0.076,-99999.,-99999.,-99999.,-99999.,-99999.,-99999.
123778,4752592,9.036383,-36.531973,0.5,-1018,0.076,-99999.,-99999.,-99999.,-99999.,-99999.,-99999.
123778,4752593,9.036383,-36.531973,0.5,-1018,0.076,-99999.,-99999.,-99999.,-99999.,-99999.,-99999.
123778,4752783,9.036867,-36.531838,0.7,-1017,0.076,-99999.,-99999.,-99999.,-99999.,-99999.,-99999.
123778,4753993,9.038357,-36.529837,0.5,-1016,0.0761,-99999.,-99999.,-99999.,-99999.,-99999.,-99999.
123778,4755131,9.039842,-36.528732,0.5,-1015,0.0762,-99999.,-99999.,-99999.,-99999.,-99999.,-99999.
123778,4755632,9.038223,-36.530895,4.2,-1017,0.0761,-99999.,-99999.,-99999.,-99999.,-99999.,-99999.
123778,4756264,9.031355,-36.541368,4.2,-1024,0.0758,-99999.,-99999.,-99999.,-99999.,-99999.,-99999.
123778,4756483,9.029418,-36.545227,4.3,-1027,0.07350000000000001,-99999.,-99999.,-99999.,-99999.,-99999.,-99999.
123778,4757776,9.01821,-36.565997,3.8,-1046,0.0718,-99999.,-99999.,-99999.,-99999.,-99999.,-99999.
123778,4758223,9.014235,-36.572373,2.9,-1053,0.0711,-99999.,-99999.,-99999.,-99999.,-99999.,-99999.
123778,4761743,9.03164,-36.640443,6.9,-926,0.0692,-99999.,-99999.,-99999.,-99999.,-99999.,-99999.
123778,4782664,9.019302,-37.025873,2.9,-985,0.06960000000000001,-99999.,-99999.,-99999.,-99999.,-99999.,-99999.
123778,4783799,9.026095,-37.046893,4.2,-977,0.0641,-99999.,-99999.,-99999.,-99999.,-99999.,-99999.
123778,4784658,9.031337,-37.06506,8.,-969,0.0644,-99999.,-99999.,-99999.,-99999.,-99999.,-99999.
123778,4784886,9.032483,-37.069113,5.8,-967,0.06470000000000001,-99999.,-99999.,-99999.,-99999.,-99999.,-99999.
123778,4785266,9.034828,-37.077652,2.,-964,0.0654,-99999.,-99999.,-99999.,-99999.,-99999.,-99999.
123778,4785829,9.040185,-37.091133,2.9,-899,0.059800000000000006,-99999.,-99999.,-99999.,-99999.,-99999.,-99999.
123778,4786032,9.041075,-37.090857,2.,-899,0.059800000000000006,-99999.,-99999.,-99999.,-99999.,-99999.,-99999.
123778,4786379,9.043263,-37.097817,0.6,-891,0.066,-99999.,-99999.,-99999.,-99999.,-99999.,-99999.
123778,4787019,9.046132,-37.10192,6.7,-885,0.0661,-99999.,-99999.,-99999.,-99999.,-99999.,-99999.
123778,4787575,9.049647,-37.1118,6.8,-872,0.06620000000000001,-99999.,-99999.,-99999.,-99999.,-99999.,-99999.
123778,4787679,9.050152,-37.114973,4.2,-869,0.0663,-99999.,-99999.,-99999.,-99999.,-99999.,-99999.
123778,4788257,9.052897,-37.126788,6.8,-855,0.0666,-99999.,-99999.,-99999.,-99999.,-99999.,-99999.
123778,4788513,9.053753,-37.131645,7.1,-850,0.0666,-99999.,-99999.,-99999.,-99999.,-99999.,-99999.
123778,4788826,9.054592,-37.13912,2.4,-842,0.0666,-99999.,-99999.,-99999.,-99999.,-99999.,-99999.
123778,4789102,9.055227,-37.145407,7.3,-835,0.06670000000000001,-99999.,-99999.,-99999.,-99999.,-99999.,-99999.
123778,4789527,9.056362,-37.154387,7.4,-826,0.0669,-99999.,-99999.,-99999.,-99999.,-99999.,-99999.
123778,4790086,9.057633,-37.163017,5.9,-816,0.06720000000000001,-99999.,-99999.,-99999.,-99999.,-99999.,-99999.
123778,4790504,9.058203,-37.170272,5.9,-793,0.0641,-99999.,-99999.,-99999.,-99999.,-99999.,-99999.
123778,4790520,9.058223,-37.170707,5.5,-793,0.06420000000000001,-99999.,-99999.,-99999.,-99999.,-99999.,-99999.
123778,4790620,9.058437,-37.173298,6.9,-791,0.0645,-99999.,-99999.,-99999.,-99999.,-99999.,-99999.
123778,4790635,9.058378,-37.173773,6.6,-791,0.0646,-99999.,-99999.,-99999.,-99999.,-99999.,-99999.
123778,4790638,9.058335,-37.173888,6.5,-791,0.0646,-99999.,-99999.,-99999.,-99999.,-99999.,-99999.
123778,4790658,9.05803,-37.174172,4.1,-791,0.0646,-99999.,-99999.,-99999.,-99999.,-99999.,-99999.
123778,4790674,9.057812,-37.174047,2.5,-791,0.0646,-99999.,-99999.,-99999.,-99999.,-99999.,-99999.
123778,4790678,9.057792,-37.173997,2.6,-791,0.0646,-99999.,-99999.,-99999.,-99999.,-99999.,-99999.
123778,4790685,9.057793,-37.173872,2.7,-792,0.0646,-99999.,-99999.,-99999.,-99999.,-99999.,-99999.
123778,4790688,9.057817,-37.173825,2.4,-792,0.0646,-99999.,-99999.,-99999.,-99999.,-99999.,-99999.
123778,4790695,9.057898,-37.17372,2.7,-791,0.0646,-99999.,-99999.,-99999.,-99999.,-99999.,-99999.
123778,4790704,9.058042,-37.173657,2.7,-791,0.0646,-99999.,-99999.,-99999.,-99999.,-99999.,-99999.
123778,4790741,9.05841,-37.173847,2.1,-791,0.0646,-99999.,-99999.,-99999.,-99999.,-99999.,-99999.
123778,4790768,9.058558,-37.174128,2.9,-791,0.0646,-99999.,-99999.,-99999.,-99999.,-99999.,-99999.
123778,4790827,9.058855,-37.175718,6.8,-789,0.0649,-99999.,-99999.,-99999.,-99999.,-99999.,-99999.
123778,4790830,9.058868,-37.175785,6.9,-789,0.0649,-99999.,-99999.,-99999.,-99999.,-99999.,-99999.
123778,4790864,9.058853,-37.176888,7.,-789,0.065,-99999.,-99999.,-99999.,-99999.,-99999.,-99999.
123778,4790934,9.058915,-37.17935,7.5,-788,0.0653,-99999.,-99999.,-99999.,-99999.,-99999.,-99999.
123778,4790947,9.058975,-37.179767,7.5,-787,0.0654,-99999.,-99999.,-99999.,-99999.,-99999.,-99999.
123778,4790994,9.05908,-37.181455,7.6,-786,0.0656,-99999.,-99999.,-99999.,-99999.,-99999.,-99999.
123778,4791040,9.05862,-37.181748,2.3,-787,0.0656,-99999.,-99999.,-99999.,-99999.,-99999.,-99999.
123778,4791044,9.058633,-37.181695,2.4,-787,0.0656,-99999.,-99999.,-99999.,-99999.,-99999.,-99999.
123778,4791058,9.058812,-37.181527,2.6,-787,0.0656,-99999.,-99999.,-99999.,-99999.,-99999.,-99999.
123778,4791090,9.059128,-37.181682,2.2,-786,0.0656,-99999.,-99999.,-99999.,-99999.,-99999.,-99999.
123778,4791100,9.059153,-37.181835,2.7,-786,0.0656,-99999.,-99999.,-99999.,-99999.,-99999.,-99999.
123778,4791104,9.059163,-37.1819,2.9,-786,0.0656,-99999.,-99999.,-99999.,-99999.,-99999.,-99999.
123778,4791108,9.059175,-37.18198,3.1,-786,0.06570000000000001,-99999.,-99999.,-99999.,-99999.,-99999.,-99999.
123778,4791161,9.059318,-37.182665,2.5,-786,0.06570000000000001,-99999.,-99999.,-99999.,-99999.,-99999.,-99999.
123778,4791205,9.05919,-37.182972,1.,-786,0.0658,-99999.,-99999.,-99999.,-99999.,-99999.,-99999.
123778,4791237,9.059277,-37.182933,0.7,-786,0.0658,-99999.,-99999.,-99999.,-99999.,-99999.,-99999.
123778,4791425,9.05919,-37.186428,6.1,-784,0.06620000000000001,-99999.,-99999.,-99999.,-99999.,-99999.,-99999.
123778,4792083,9.058735,-37.197272,4.6,-779,0.06760000000000001,-99999.,-99999.,-99999.,-99999.,-99999.,-99999.
123778,4792487,9.05755,-37.203152,4.4,-777,0.0683,-99999.,-99999.,-99999.,-99999.,-99999.,-99999.
123778,4793263,9.05582,-37.207807,1.4,-776,0.0689,-99999.,-99999.,-99999.,-99999.,-99999.,-99999.
123778,4794833,9.019363,-37.217807,8.1,-795,0.058800000000000005,-99999.,-99999.,-99999.,-99999.,-99999.,-99999.
123778,4796021,8.974452,-37.220863,8.2,-864,0.057600000000000005,-99999.,-99999.,-99999.,-99999.,-99999.,-99999.
123778,4796734,8.947457,-37.222782,8.2,-882,0.061700000000000005,-99999.,-99999.,-99999.,-99999.,-99999.,-99999.
123778,4796794,8.945217,-37.222903,8.,-883,0.0618,-99999.,-99999.,-99999.,-99999.,-99999.,-99999.
123778,4797695,8.911047,-37.225405,8.3,-989,0.0639,-99999.,-99999.,-99999.,-99999.,-99999.,-99999.
123778,4803064,8.779328,-37.351838,7.9,-985,0.06520000000000001,-99999.,-99999.,-99999.,-99999.,-99999.,-99999.
123778,4828425,8.649452,-37.852972,0.6,-984,0.0684,-99999.,-99999.,-99999.,-99999.,-99999.,-99999.
123778,4829633,8.647068,-37.850738,0.6,-982,0.0684,-99999.,-99999.,-99999.,-99999.,-99999.,-99999.
123778,4830032,8.646037,-37.850157,0.5,-982,0.0684,-99999.,-99999.,-99999.,-99999.,-99999.,-99999.
123778,4830773,8.644273,-37.849327,0.6,-980,0.0685,-99999.,-99999.,-99999.,-99999.,-99999.,-99999.
123778,4831328,8.64295,-37.848725,0.5,-980,0.0685,-99999.,-99999.,-99999.,-99999.,-99999.,-99999.
123778,4831942,8.641703,-37.84785,0.4,-979,0.0685,-99999.,-99999.,-99999.,-99999.,-99999.,-99999.
123778,4832490,8.640727,-37.84691,0.6,-978,0.06860000000000001,-99999.,-99999.,-99999.,-99999.,-99999.,-99999.
123778,4833294,8.639352,-37.845445,0.7,-977,0.06860000000000001,-99999.,-99999.,-99999.,-99999.,-99999.,-99999.
123778,4833753,8.638543,-37.845092,0.4,-976,0.06860000000000001,-99999.,-99999.,-99999.,-99999.,-99999.,-99999.
123778,4834474,8.63813,-37.843915,0.7,-976,0.06860000000000001,-99999.,-99999.,-99999.,-99999.,-99999.,-99999.
123778,4834537,8.63809,-37.84374,0.7,-976,0.0687,-99999.,-99999.,-99999.,-99999.,-99999.,-99999.
123778,4834547,8.638078,-37.843712,0.7,-976,0.0687,-99999.,-99999.,-99999.,-99999.,-99999.,-99999.
123778,4834586,8.63805,-37.843603,0.6,-976,0.0687,-99999.,-99999.,-99999.,-99999.,-99999.,-99999.
123778,4834607,8.638038,-37.843545,0.6,-976,0.0687,-99999.,-99999.,-99999.,-99999.,-99999.,-99999.
123778,4834637,8.63802,-37.84348,0.5,-976,0.0687,-99999.,-99999.,-99999.,-99999.,-99999.,-99999.
123778,4834646,8.638018,-37.843462,0.5,-976,0.0687,-99999.,-99999.,-99999.,-99999.,-99999.,-99999.
123778,4834657,8.638003,-37.843433,0.6,-976,0.0687,-99999.,-99999.,-99999.,-99999.,-99999.,-99999.
123778,4834667,8.637995,-37.84341,0.5,-976,0.0687,-99999.,-99999.,-99999.,-99999.,-99999.,-99999.
123778,4834676,8.637988,-37.843387,0.4,-976,0.0687,-99999.,-99999.,-99999.,-99999.,-99999.,-99999.
123778,4834696,8.637978,-37.843338,0.5,-976,0.0687,-99999.,-99999.,-99999.,-99999.,-99999.,-99999.
123778,4834727,8.637955,-37.843268,0.5,-976,0.0687,-99999.,-99999.,-99999.,-99999.,-99999.,-99999.
123778,4834736,8.637952,-37.843245,0.5,-976,0.0687,-99999.,-99999.,-99999.,-99999.,-99999.,-99999.
123778,4834823,8.637905,-37.843118,0.3,-976,0.0687,-99999.,-99999.,-99999.,-99999.,-99999.,-99999.
123778,4834826,8.637905,-37.843118,0.3,-976,0.0687,-99999.,-99999.,-99999.,-99999.,-99999.,-99999.
123778,4834866,8.637897,-37.843067,0.3,-976,0.0687,-99999.,-99999.,-99999.,-99999.,-99999.,-99999.
123778,4834886,8.637887,-37.84304,0.3,-975,0.0687,-99999.,-99999.,-99999.,-99999.,-99999.,-99999.
123778,4834986,8.637873,-37.842888,0.4,-975,0.0687,-99999.,-99999.,-99999.,-99999.,-99999.,-99999.
123778,4835062,8.63782,-37.842723,0.4,-975,0.0687,-99999.,-99999.,-99999.,-99999.,-99999.,-99999.
123778,4835147,8.637755,-37.842613,0.5,-975,0.0687,-99999.,-99999.,-99999.,-99999.,-99999.,-99999.
123778,4835842,8.6373,-37.841483,0.4,-975,0.0687,-99999.,-99999.,-99999.,-99999.,-99999.,-99999.
123778,4836113,8.637258,-37.84115,0.2,-975,0.0687,-99999.,-99999.,-99999.,-99999.,-99999.,-99999.
123778,4836373,8.637133,-37.840837,0.3,-974,0.0687,-99999.,-99999.,-99999.,-99999.,-99999.,-99999.
123778,4837172,8.63661,-37.839217,0.5,-974,0.0687,-99999.,-99999.,-99999.,-99999.,-99999.,-99999.
123778,4837492,8.636175,-37.838515,0.5,-973,0.0688,-99999.,-99999.,-99999.,-99999.,-99999.,-99999.
123778,4838302,8.634417,-37.836278,0.7,-972,0.0689,-99999.,-99999.,-99999.,-99999.,-99999.,-99999.
123778,4838814,8.63359,-37.835087,0.6,-971,0.0689,-99999.,-99999.,-99999.,-99999.,-99999.,-99999.
123778,4839583,8.632292,-37.832852,0.7,-994,0.0679,-99999.,-99999.,-99999.,-99999.,-99999.,-99999.
123778,4839685,8.632207,-37.832522,0.7,-993,0.0679,-99999.,-99999.,-99999.,-99999.,-99999.,-99999.
123778,4840754,8.630817,-37.829635,0.6,-991,0.068,-99999.,-99999.,-99999.,-99999.,-99999.,-99999.
123778,4842424,8.646202,-37.823645,4.7,-987,0.0683,-99999.,-99999.,-99999.,-99999.,-99999.,-99999.
123778,4843624,8.671652,-37.818012,4.6,-997,0.0685,-99999.,-99999.,-99999.,-99999.,-99999.,-99999.
123778,4845038,8.697853,-37.80719,8.,-1000,0.0684,-99999.,-99999.,-99999.,-99999.,-99999.,-99999.
123778,4866583,8.753543,-37.28953,3.1,-982,0.0651,-99999.,-99999.,-99999.,-99999.,-99999.,-99999.
123778,4867795,8.77312,-37.265497,6.8,-980,0.06670000000000001,-99999.,-99999.,-99999.,-99999.,-99999.,-99999.
123778,4868966,8.786115,-37.2477,2.8,-999,0.0649,-99999.,-99999.,-99999.,-99999.,-99999.,-99999.
123778,4869042,8.786923,-37.24581,7.,-998,0.065,-99999.,-99999.,-99999.,-99999.,-99999.,-99999.
123778,4870182,8.79265,-37.22251,7.2,-995,0.0641,-99999.,-99999.,-99999.,-99999.,-99999.,-99999.
123778,4870308,8.793288,-37.219547,3.1,-994,0.06420000000000001,-99999.,-99999.,-99999.,-99999.,-99999.,-99999.
123778,4870563,8.79466,-37.213592,7.9,-993,0.0645,-99999.,-99999.,-99999.,-99999.,-99999.,-99999.
123778,4871700,8.807483,-37.191373,2.,-988,0.0656,-99999.,-99999.,-99999.,-99999.,-99999.,-99999.
123778,4872008,8.808815,-37.181713,7.5,-987,0.06620000000000001,-99999.,-99999.,-99999.,-99999.,-99999.,-99999.
123778,4872763,8.806145,-37.169557,7.,-987,0.0673,-99999.,-99999.,-99999.,-99999.,-99999.,-99999.
123778,4872789,8.806378,-37.1692,2.7,-987,0.0673,-99999.,-99999.,-99999.,-99999.,-99999.,-99999.
123778,4873136,8.804413,-37.16588,3.3,-1053,0.0664,-99999.,-99999.,-99999.,-99999.,-99999.,-99999.
123778,4873324,8.803452,-37.163652,4.,-1053,0.0666,-99999.,-99999.,-99999.,-99999.,-99999.,-99999.
123778,4873325,8.803452,-37.163652,4.,-1053,0.0666,-99999.,-99999.,-99999.,-99999.,-99999.,-99999.
123778,4873327,8.803475,-37.163593,3.9,-1053,0.0666,-99999.,-99999.,-99999.,-99999.,-99999.,-99999.
123778,4873346,8.803602,-37.16317,4.9,-1052,0.06670000000000001,-99999.,-99999.,-99999.,-99999.,-99999.,-99999.
123778,4873347,8.803602,-37.16317,4.9,-1052,0.06670000000000001,-99999.,-99999.,-99999.,-99999.,-99999.,-99999.
123778,4873402,8.802935,-37.161638,7.,-1052,0.0668,-99999.,-99999.,-99999.,-99999.,-99999.,-99999.
123778,4873460,8.801008,-37.160435,8.4,-1054,0.0669,-99999.,-99999.,-99999.,-99999.,-99999.,-99999.
123778,4873891,8.78611,-37.151888,8.4,-1067,0.068,-99999.,-99999.,-99999.,-99999.,-99999.,-99999.
123778,4874473,8.766145,-37.140152,8.5,-1078,0.0674,-99999.,-99999.,-99999.,-99999.,-99999.,-99999.
123778,4875144,8.7431,-37.12626,8.6,-933,0.066,-99999.,-99999.,-99999.,-99999.,-99999.,-99999.
123778,4875814,8.72012,-37.111687,8.5,-920,0.06620000000000001,-99999.,-99999.,-99999.,-99999.,-99999.,-99999.
123778,4876372,8.701827,-37.09933,8.4,-912,-99999,-99999.,-99999.,-99999.,-99999.,-99999.,-99999.
123778,4877952,8.682275,-37.054042,8.1,-1037,-99999,-99999.,-99999.,-99999.,-99999.,-99999.,-99999.
123778,4879001,8.691353,-37.01488,8.2,-995,-99999,-99999.,-99999.,-99999.,-99999.,-99999.,-99999.
123778,4879071,8.691937,-37.012263,8.1,-992,-99999,-99999.,-99999.,-99999.,-99999.,-99999.,-99999.
123778,4879121,8.692357,-37.010455,8.1,-990,-99999,-99999.,-99999.,-99999.,-99999.,-99999.,-99999.
123778,4879131,8.692443,-37.010055,8.,-989,-99999,-99999.,-99999.,-99999.,-99999.,-99999.,-99999.
123778,4879155,8.692587,-37.009365,8.,-988,-99999,-99999.,-99999.,-99999.,-99999.,-99999.,-99999.
123778,4879251,8.693453,-37.005718,8.,-984,-99999,-99999.,-99999.,-99999.,-99999.,-99999.,-99999.
123778,4879264,8.693533,-37.005352,8.,-984,-99999,-99999.,-99999.,-99999.,-99999.,-99999.,-99999.
123778,4879321,8.694057,-37.003148,8.,-981,-99999,-99999.,-99999.,-99999.,-99999.,-99999.,-99999.
123778,4879502,8.69554,-36.996653,8.,-1120,-99999,-99999.,-99999.,-99999.,-99999.,-99999.,-99999.
123778,4880333,8.70289,-36.966227,8.2,-1103,-99999,-99999.,-99999.,-99999.,-99999.,-99999.,-99999.
123778,4881663,8.715553,-36.916382,8.3,-1145,0.07060000000000001,-99999.,-99999.,-99999.,-99999.,-99999.,-99999.
123778,4886395,8.74681,-36.736968,8.1,-1143,0.0671,-99999.,-99999.,-99999.,-99999.,-99999.,-99999.
123778,4892193,8.793567,-36.521452,8.2,-1140,0.06810000000000001,-99999.,-99999.,-99999.,-99999.,-99999.,-99999.
123778,4914082,8.70697,-36.788135,5.2,-1148,0.0685,-99999.,-99999.,-99999.,-99999.,-99999.,-99999.
123778,4915113,8.70189,-36.812463,5.1,-1146,0.0716,-99999.,-99999.,-99999.,-99999.,-99999.,-99999.
123778,4915423,8.700598,-36.819577,4.9,-1146,0.0718,-99999.,-99999.,-99999.,-99999.,-99999.,-99999.
123778,4916323,8.696252,-36.840147,5.1,-1153,0.0714,-99999.,-99999.,-99999.,-99999.,-99999.,-99999.
123778,4916783,8.693627,-36.850885,5.,-1152,0.0721,-99999.,-99999.,-99999.,-99999.,-99999.,-99999.
123778,4917292,8.69018,-36.862048,5.,-1152,0.07250000000000001,-99999.,-99999.,-99999.,-99999.,-99999.,-99999.
123778,4917362,8.6897,-36.863617,5.,-1152,0.0726,-99999.,-99999.,-99999.,-99999.,-99999.,-99999.
123778,4917363,8.6897,-36.863617,5.,-1152,0.0726,-99999.,-99999.,-99999.,-99999.,-99999.,-99999.
123778,4917393,8.68948,-36.864307,5.,-1152,0.0726,-99999.,-99999.,-99999.,-99999.,-99999.,-99999.
123778,4917502,8.688765,-36.866735,5.1,-1151,0.0727,-99999.,-99999.,-99999.,-99999.,-99999.,-99999.
123778,4917543,8.688503,-36.867652,5.,-1151,0.0727,-99999.,-99999.,-99999.,-99999.,-99999.,-99999.
123778,4917562,8.688372,-36.868068,4.9,-1151,0.0727,-99999.,-99999.,-99999.,-99999.,-99999.,-99999.
123778,4917934,8.685905,-36.87631,4.9,-1151,0.07250000000000001,-99999.,-99999.,-99999.,-99999.,-99999.,-99999.
123778,4918812,8.681032,-36.895165,4.7,-1149,0.07250000000000001,-99999.,-99999.,-99999.,-99999.,-99999.,-99999.
123778,4919403,8.678535,-36.907303,4.5,-1148,0.07250000000000001,-99999.,-99999.,-99999.,-99999.,-99999.,-99999.
123778,4920005,8.676205,-36.919282,4.4,-1130,0.0724,-99999.,-99999.,-99999.,-99999.,-99999.,-99999.
123778,4920584,8.673253,-36.930888,4.4,-1136,0.0724,-99999.,-99999.,-99999.,-99999.,-99999.,-99999.
123778,4921223,8.669785,-36.943767,4.5,-1141,0.0724,-99999.,-99999.,-99999.,-99999.,-99999.,-99999.
123778,4921273,8.669495,-36.94477,4.5,-1141,0.0724,-99999.,-99999.,-99999.,-99999.,-99999.,-99999.
123778,4921773,8.666702,-36.954848,4.5,-1145,0.0724,-99999.,-99999.,-99999.,-99999.,-99999.,-99999.
123778,4922772,8.661862,-36.974898,4.3,-1046,0.0641,-99999.,-99999.,-99999.,-99999.,-99999.,-99999.
123778,4922864,8.661458,-36.97675,4.5,-1044,0.0641,-99999.,-99999.,-99999.,-99999.,-99999.,-99999.
123778,4922924,8.661218,-36.977988,4.5,-1043,0.0641,-99999.,-99999.,-99999.,-99999.,-99999.,-99999.
123778,4922992,8.660912,-36.979362,4.4,-1042,0.0641,-99999.,-99999.,-99999.,-99999.,-99999.,-99999.
123778,4923022,8.660778,-36.979978,4.4,-1041,0.0641,-99999.,-99999.,-99999.,-99999.,-99999.,-99999.
123778,4923082,8.660533,-36.981183,4.4,-1040,0.0641,-99999.,-99999.,-99999.,-99999.,-99999.,-99999.
123778,4923163,8.66013,-36.982775,4.5,-1039,0.0641,-99999.,-99999.,-99999.,-99999.,-99999.,-99999.
123778,4923183,8.660055,-36.983182,4.4,-1039,0.0641,-99999.,-99999.,-99999.,-99999.,-99999.,-99999.
123778,4923214,8.65993,-36.983813,4.5,-1038,0.0641,-99999.,-99999.,-99999.,-99999.,-99999.,-99999.
123778,4923223,8.659895,-36.983997,4.4,-1038,0.0641,-99999.,-99999.,-99999.,-99999.,-99999.,-99999.
123778,4923334,8.659445,-36.986232,4.4,-1036,0.0641,-99999.,-99999.,-99999.,-99999.,-99999.,-99999.
123778,4923373,8.659275,-36.987012,4.4,-1036,0.0641,-99999.,-99999.,-99999.,-99999.,-99999.,-99999.
123778,4923414,8.659073,-36.987825,4.4,-1035,0.0641,-99999.,-99999.,-99999.,-99999.,-99999.,-99999.
123778,4923532,8.658565,-36.990132,4.3,-1033,0.0641,-99999.,-99999.,-99999.,-99999.,-99999.,-99999.
123778,4923883,8.656822,-36.997042,4.4,-1029,0.0641,-99999.,-99999.,-99999.,-99999.,-99999.,-99999.
123778,4925150,8.651478,-37.02197,4.2,-1000,0.064,-99999.,-99999.,-99999.,-99999.,-99999.,-99999.
123778,4928324,8.637528,-37.085932,4.6,-941,0.0661,-99999.,-99999.,-99999.,-99999.,-99999.,-99999.
123778,4933877,8.660633,-37.094317,1.8,-909,0.0639,-99999.,-99999.,-99999.,-99999.,-99999.,-99999.
123778,4951167,8.811485,-36.723258,6.1,-1105,0.0629,-99999.,-99999.,-99999.,-99999.,-99999.,-99999.
123778,4952203,8.822992,-36.705715,4.9,-1116,0.0625,-99999.,-99999.,-99999.,-99999.,-99999.,-99999.
123778,4953466,8.838733,-36.676437,2.5,-1092,0.06280000000000001,-99999.,-99999.,-99999.,-99999.,-99999.,-99999.
123778,4954541,8.849857,-36.651045,4.4,-1114,-99999,-99999.,-99999.,-99999.,-99999.,-99999.,-99999.
123778,4954674,8.850305,-36.649398,7.3,-1114,-99999,-99999.,-99999.,-99999.,-99999.,-99999.,-99999.
123778,4955745,8.857163,-36.635207,1.7,-1110,-99999,-99999.,-99999.,-99999.,-99999.,-99999.,-99999.
123778,4955953,8.859465,-36.628925,8.2,-1110,-99999,-99999.,-99999.,-99999.,-99999.,-99999.,-99999.
123778,4956159,8.860838,-36.625447,7.3,-1110,-99999,-99999.,-99999.,-99999.,-99999.,-99999.,-99999.
123778,4956465,8.862813,-36.620877,1.9,-1110,0.0664,-99999.,-99999.,-99999.,-99999.,-99999.,-99999.
123778,4957148,8.867422,-36.604397,2.3,-1114,0.0664,-99999.,-99999.,-99999.,-99999.,-99999.,-99999.
123778,4957299,8.868157,-36.602288,2.8,-1115,0.0664,-99999.,-99999.,-99999.,-99999.,-99999.,-99999.
123778,4957573,8.869765,-36.598272,2.,-1116,0.0664,-99999.,-99999.,-99999.,-99999.,-99999.,-99999.
123778,4958451,8.87416,-36.577577,8.2,-1137,0.0665,-99999.,-99999.,-99999.,-99999.,-99999.,-99999.
123778,4958643,8.875112,-36.57462,5.7,-1137,0.0719,-99999.,-99999.,-99999.,-99999.,-99999.,-99999.
123778,4958880,8.876298,-36.571333,4.7,-1138,0.0719,-99999.,-99999.,-99999.,-99999.,-99999.,-99999.
123778,4959426,8.880563,-36.557555,4.1,-1138,0.0717,-99999.,-99999.,-99999.,-99999.,-99999.,-99999.
123778,4959982,8.882883,-36.553715,1.1,-1138,0.0716,-99999.,-99999.,-99999.,-99999.,-99999.,-99999.
123778,4960750,8.887935,-36.535058,7.8,-1139,0.0756,-99999.,-99999.,-99999.,-99999.,-99999.,-99999.
123778,4961350,8.89227,-36.523653,5.,-1139,0.075,-99999.,-99999.,-99999.,-99999.,-99999.,-99999.
123778,4961504,8.893212,-36.521328,4.4,-1139,0.07490000000000001,-99999.,-99999.,-99999.,-99999.,-99999.,-99999.
123778,4961505,8.893212,-36.521328,4.4,-1139,0.07490000000000001,-99999.,-99999.,-99999.,-99999.,-99999.,-99999.
123778,4961508,8.893242,-36.52122,4.9,-1139,0.07490000000000001,-99999.,-99999.,-99999.,-99999.,-99999.,-99999.
123778,4961509,8.893242,-36.52122,4.9,-1139,0.07490000000000001,-99999.,-99999.,-99999.,-99999.,-99999.,-99999.
123778,4961561,8.894,-36.519822,4.7,-1139,0.0748,-99999.,-99999.,-99999.,-99999.,-99999.,-99999.
123778,4961579,8.89421,-36.520022,2.8,-1139,0.0748,-99999.,-99999.,-99999.,-99999.,-99999.,-99999.
123778,4961585,8.894202,-36.520127,2.2,-1139,0.0748,-99999.,-99999.,-99999.,-99999.,-99999.,-99999.
123778,4961586,8.894202,-36.520127,2.2,-1139,0.0748,-99999.,-99999.,-99999.,-99999.,-99999.,-99999.
123778,4961589,8.894173,-36.520172,1.8,-1139,0.0748,-99999.,-99999.,-99999.,-99999.,-99999.,-99999.
123778,4961595,8.894123,-36.52021,1.7,-1139,0.0748,-99999.,-99999.,-99999.,-99999.,-99999.,-99999.
123778,4961602,8.894037,-36.520212,1.4,-1139,0.0748,-99999.,-99999.,-99999.,-99999.,-99999.,-99999.
123778,4961606,8.894012,-36.520197,1.2,-1139,0.0748,-99999.,-99999.,-99999.,-99999.,-99999.,-99999.
123778,4961607,8.894012,-36.520197,1.2,-1139,0.0748,-99999.,-99999.,-99999.,-99999.,-99999.,-99999.
123778,4961622,8.89394,-36.52005,1.6,-1139,0.0748,-99999.,-99999.,-99999.,-99999.,-99999.,-99999.
123778,4961661,8.894088,-36.519498,3.3,-1139,0.0748,-99999.,-99999.,-99999.,-99999.,-99999.,-99999.
123778,4961682,8.894207,-36.519112,4.2,-1139,0.0748,-99999.,-99999.,-99999.,-99999.,-99999.,-99999.
123778,4961689,8.894265,-36.518995,4.2,-1139,0.0748,-99999.,-99999.,-99999.,-99999.,-99999.,-99999.
123778,4961692,8.89431,-36.518923,4.3,-1139,0.0748,-99999.,-99999.,-99999.,-99999.,-99999.,-99999.
123778,4961693,8.89431,-36.518923,4.3,-1139,0.0748,-99999.,-99999.,-99999.,-99999.,-99999.,-99999.
123778,4961699,8.894397,-36.518807,4.3,-1139,0.0748,-99999.,-99999.,-99999.,-99999.,-99999.,-99999.
123778,4961729,8.894715,-36.5183,4.4,-1139,0.0747,-99999.,-99999.,-99999.,-99999.,-99999.,-99999.
123778,4961732,8.89474,-36.518218,4.5,-1139,0.0747,-99999.,-99999.,-99999.,-99999.,-99999.,-99999.
123778,4961745,8.894798,-36.51791,5.1,-1139,0.0747,-99999.,-99999.,-99999.,-99999.,-99999.,-99999.
123778,4961754,8.894842,-36.517662,5.6,-1139,0.0747,-99999.,-99999.,-99999.,-99999.,-99999.,-99999.
123778,4961771,8.894953,-36.517175,6.4,-1139,0.0747,-99999.,-99999.,-99999.,-99999.,-99999.,-99999.
123778,4961781,8.895047,-36.516818,6.9,-1139,0.0747,-99999.,-99999.,-99999.,-99999.,-99999.,-99999.
123778,4961792,8.895132,-36.51644,7.3,-1139,0.0747,-99999.,-99999.,-99999.,-99999.,-99999.,-99999.
123778,4961841,8.895633,-36.514648,8.2,-1139,0.0746,-99999.,-99999.,-99999.,-99999.,-99999.,-99999.
123778,4961845,8.895662,-36.514533,8.3,-1139,0.0746,-99999.,-99999.,-99999.,-99999.,-99999.,-99999.
123778,4961849,8.895705,-36.514345,8.2,-1139,0.0746,-99999.,-99999.,-99999.,-99999.,-99999.,-99999.
123778,4961852,8.895743,-36.514237,8.2,-1139,0.0746,-99999.,-99999.,-99999.,-99999.,-99999.,-99999.
123778,4961874,8.896245,-36.513925,4.8,-1139,0.0745,-99999.,-99999.,-99999.,-99999.,-99999.,-99999.
123778,4961894,8.896427,-36.514215,2.4,-1139,0.0745,-99999.,-99999.,-99999.,-99999.,-99999.,-99999.
123778,4961901,8.896378,-36.5143,1.9,-1139,0.0745,-99999.,-99999.,-99999.,-99999.,-99999.,-99999.
123778,4961905,8.896332,-36.514332,1.8,-1139,0.0745,-99999.,-99999.,-99999.,-99999.,-99999.,-99999.
123778,4961908,8.896293,-36.51434,1.7,-1139,0.0745,-99999.,-99999.,-99999.,-99999.,-99999.,-99999.
123778,4961912,8.896245,-36.514338,1.7,-1139,0.0745,-99999.,-99999.,-99999.,-99999.,-99999.,-99999.
123778,4961922,8.896158,-36.514273,1.4,-1139,0.0745,-99999.,-99999.,-99999.,-99999.,-99999.,-99999.
123778,4961933,8.896125,-36.514173,1.6,-1139,0.0746,-99999.,-99999.,-99999.,-99999.,-99999.,-99999.
123778,4961972,8.89633,-36.513567,4.5,-1139,0.0745,-99999.,-99999.,-99999.,-99999.,-99999.,-99999.
123778,4961982,8.896403,-36.51329,5.5,-1139,0.0745,-99999.,-99999.,-99999.,-99999.,-99999.,-99999.
123778,4961992,8.896492,-36.512978,6.3,-1139,0.0745,-99999.,-99999.,-99999.,-99999.,-99999.,-99999.
123778,4962007,8.896618,-36.512475,7.1,-1139,0.0745,-99999.,-99999.,-99999.,-99999.,-99999.,-99999.
123778,4962035,8.897037,-36.511537,7.4,-1139,0.07440000000000001,-99999.,-99999.,-99999.,-99999.,-99999.,-99999.
123778,4962045,8.897305,-36.511417,5.9,-1139,0.07440000000000001,-99999.,-99999.,-99999.,-99999.,-99999.,-99999.
123778,4962058,8.897547,-36.511522,3.9,-1139,0.07440000000000001,-99999.,-99999.,-99999.,-99999.,-99999.,-99999.
123778,4962063,8.897588,-36.511588,3.3,-1139,0.07440000000000001,-99999.,-99999.,-99999.,-99999.,-99999.,-99999.
123778,4963465,8.909315,-36.482365,8.3,-1126,0.0762,-99999.,-99999.,-99999.,-99999.,-99999.,-99999.
123778,4964755,8.919773,-36.455877,5.3,-994,0.0767,-99999.,-99999.,-99999.,-99999.,-99999.,-99999.
123778,4965923,8.899217,-36.419972,7.8,-1128,0.06760000000000001,-99999.,-99999.,-99999.,-99999.,-99999.,-99999.
123778,4967361,8.867165,-36.378727,8.,-990,0.0711,-99999.,-99999.,-99999.,-99999.,-99999.,-99999.
123778,4967362,8.867165,-36.378727,8.,-990,0.0711,-99999.,-99999.,-99999.,-99999.,-99999.,-99999.
123778,4967372,8.866905,-36.378455,8.1,-990,0.0711,-99999.,-99999.,-99999.,-99999.,-99999.,-99999.
123778,4967501,8.863493,-36.375033,8.1,-992,0.07150000000000001,-99999.,-99999.,-99999.,-99999.,-99999.,-99999.
123778,4967631,8.860058,-36.371637,8.,-993,0.06570000000000001,-99999.,-99999.,-99999.,-99999.,-99999.,-99999.
123778,4967691,8.858497,-36.37003,8.1,-994,0.066,-99999.,-99999.,-99999.,-99999.,-99999.,-99999.
123778,4967712,8.85793,-36.369477,8.1,-995,0.0661,-99999.,-99999.,-99999.,-99999.,-99999.,-99999.
123778,4967751,8.857293,-36.368447,5.7,-995,0.0663,-99999.,-99999.,-99999.,-99999.,-99999.,-99999.
123778,4967816,8.857818,-36.3671,4.8,-998,0.0664,-99999.,-99999.,-99999.,-99999.,-99999.,-99999.
123778,4967829,8.857892,-36.366765,5.2,-998,0.0665,-99999.,-99999.,-99999.,-99999.,-99999.,-99999.
123778,4969873,8.869453,-36.2867,8.8,-936,0.0746,-99999.,-99999.,-99999.,-99999.,-99999.,-99999.
123778,4975194,8.895558,-36.07395,8.7,-918,0.0806,-99999.,-99999.,-99999.,-99999.,-99999.,-99999.
123778,4998443,8.997738,-35.811002,5.8,-1080,0.0854,-99999.,-99999.,-99999.,-99999.,-99999.,-99999.
123778,4999514,8.998262,-35.839005,5.6,-1007,0.08710000000000001,-99999.,-99999.,-99999.,-99999.,-99999.,-99999.
123778,5000732,8.997637,-35.871532,5.8,-1009,0.0868,-99999.,-99999.,-99999.,-99999.,-99999.,-99999.
123778,5001962,8.995983,-35.902798,5.3,-1011,0.0847,-99999.,-99999.,-99999.,-99999.,-99999.,-99999.
123778,5002354,8.995182,-35.912532,5.4,-1012,0.0843,-99999.,-99999.,-99999.,-99999.,-99999.,-99999.
123778,5003133,8.992702,-35.932037,5.5,-920,0.08320000000000001,-99999.,-99999.,-99999.,-99999.,-99999.,-99999.
123778,5003722,8.989857,-35.946775,5.4,-924,0.083,-99999.,-99999.,-99999.,-99999.,-99999.,-99999.
123778,5004342,8.986943,-35.962908,5.7,-928,0.0818,-99999.,-99999.,-99999.,-99999.,-99999.,-99999.
123778,5004804,8.985337,-35.974488,5.3,-930,0.0818,-99999.,-99999.,-99999.,-99999.,-99999.,-99999.
123778,5005612,8.983062,-35.993518,5.1,-933,0.08170000000000001,-99999.,-99999.,-99999.,-99999.,-99999.,-99999.
123778,5005663,8.982918,-35.994637,4.9,-933,0.08170000000000001,-99999.,-99999.,-99999.,-99999.,-99999.,-99999.
123778,5005711,8.982767,-35.995812,5.,-934,0.08170000000000001,-99999.,-99999.,-99999.,-99999.,-99999.,-99999.
123778,5005712,8.982767,-35.995812,5.,-934,0.08170000000000001,-99999.,-99999.,-99999.,-99999.,-99999.,-99999.
123778,5005792,8.982458,-35.997667,5.1,-934,0.08170000000000001,-99999.,-99999.,-99999.,-99999.,-99999.,-99999.
123778,5005803,8.98243,-35.997882,5.1,-934,0.08170000000000001,-99999.,-99999.,-99999.,-99999.,-99999.,-99999.
123778,5005861,8.9822,-35.999278,5.1,-934,0.08170000000000001,-99999.,-99999.,-99999.,-99999.,-99999.,-99999.
123778,5005862,8.9822,-35.999278,5.1,-934,0.08170000000000001,-99999.,-99999.,-99999.,-99999.,-99999.,-99999.
123778,5006103,8.98138,-36.004825,4.9,-903,0.0811,-99999.,-99999.,-99999.,-99999.,-99999.,-99999.
123778,5007052,8.977672,-36.027093,5.2,-878,0.0811,-99999.,-99999.,-99999.,-99999.,-99999.,-99999.
123778,5007402,8.976352,-36.03528,4.9,-869,0.0811,-99999.,-99999.,-99999.,-99999.,-99999.,-99999.
123778,5008302,8.972555,-36.05603,5.,-850,0.0806,-99999.,-99999.,-99999.,-99999.,-99999.,-99999.
123778,5010672,8.96543,-36.109608,4.7,-816,0.078,-99999.,-99999.,-99999.,-99999.,-99999.,-99999.
123778,5011108,8.964598,-36.118808,4.4,-808,0.0775,-99999.,-99999.,-99999.,-99999.,-99999.,-99999.
123778,5011530,8.963467,-36.127895,4.6,-799,0.0741,-99999.,-99999.,-99999.,-99999.,-99999.,-99999.
123778,5011541,8.963432,-36.128107,4.6,-799,0.0741,-99999.,-99999.,-99999.,-99999.,-99999.,-99999.
123778,5011631,8.963145,-36.129997,4.6,-797,0.07400000000000001,-99999.,-99999.,-99999.,-99999.,-99999.,-99999.
123778,5011641,8.963117,-36.130207,4.6,-797,0.07400000000000001,-99999.,-99999.,-99999.,-99999.,-99999.,-99999.
123778,5011731,8.962842,-36.132122,4.6,-795,0.07390000000000001,-99999.,-99999.,-99999.,-99999.,-99999.,-99999.
123778,5011744,8.962782,-36.132395,4.5,-795,0.07390000000000001,-99999.,-99999.,-99999.,-99999.,-99999.,-99999.
123778,5011781,8.96257,-36.133167,4.6,-795,0.07390000000000001,-99999.,-99999.,-99999.,-99999.,-99999.,-99999.
123778,5011801,8.962472,-36.133592,4.7,-794,0.07390000000000001,-99999.,-99999.,-99999.,-99999.,-99999.,-99999.
123778,5012223,8.960135,-36.141595,4.2,-787,0.0737,-99999.,-99999.,-99999.,-99999.,-99999.,-99999.
123778,5013532,8.952063,-36.167948,4.5,-805,0.07640000000000001,-99999.,-99999.,-99999.,-99999.,-99999.,-99999.
123778,5017243,8.930072,-36.220955,1.,-771,0.07200000000000001,-99999.,-99999.,-99999.,-99999.,-99999.,-99999.
123778,5036563,8.962128,-35.828285,3.1,-1112,0.08080000000000001,-99999.,-99999.,-99999.,-99999.,-99999.,-99999.
123778,5037854,8.978968,-35.790607,4.6,-1093,0.0787,-99999.,-99999.,-99999.,-99999.,-99999.,-99999.
123778,5038874,8.988178,-35.771215,1.1,-1082,0.07930000000000001,-99999.,-99999.,-99999.,-99999.,-99999.,-99999.
123778,5038906,8.987895,-35.770925,3.2,-1083,0.0792,-99999.,-99999.,-99999.,-99999.,-99999.,-99999.
123778,5040125,8.998828,-35.737037,2.4,-1148,0.07690000000000001,-99999.,-99999.,-99999.,-99999.,-99999.,-99999.
123778,5040250,8.99946,-35.735118,7.,-1147,0.07690000000000001,-99999.,-99999.,-99999.,-99999.,-99999.,-99999.
123778,5040514,9.001353,-35.724675,8.6,-1148,0.077,-99999.,-99999.,-99999.,-99999.,-99999.,-99999.
123778,5040867,9.001995,-35.719403,3.3,-1149,0.0772,-99999.,-99999.,-99999.,-99999.,-99999.,-99999.
123778,5041447,9.002935,-35.703838,3.5,-1149,0.0775,-99999.,-99999.,-99999.,-99999.,-99999.,-99999.
123778,5041580,9.003125,-35.699945,5.3,-1149,0.0775,-99999.,-99999.,-99999.,-99999.,-99999.,-99999.
123778,5041869,9.002843,-35.69865,1.2,-1149,0.0775,-99999.,-99999.,-99999.,-99999.,-99999.,-99999.
123778,5042773,9.003923,-35.670865,5.4,-1149,0.07740000000000001,-99999.,-99999.,-99999.,-99999.,-99999.,-99999.
123778,5042977,9.004405,-35.666397,3.7,-1148,0.07730000000000001,-99999.,-99999.,-99999.,-99999.,-99999.,-99999.
123778,5043308,9.004432,-35.659598,2.4,-1148,0.07740000000000001,-99999.,-99999.,-99999.,-99999.,-99999.,-99999.
123778,5043924,9.007,-35.646952,8.3,-1149,0.0775,-99999.,-99999.,-99999.,-99999.,-99999.,-99999.
123778,5044054,9.008178,-35.642327,8.6,-1150,0.0775,-99999.,-99999.,-99999.,-99999.,-99999.,-99999.
123778,5044307,9.009227,-35.635945,2.4,-1150,0.0776,-99999.,-99999.,-99999.,-99999.,-99999.,-99999.
123778,5045046,9.013907,-35.617298,2.8,-1152,0.0782,-99999.,-99999.,-99999.,-99999.,-99999.,-99999.
123778,5045466,9.018137,-35.612577,4.9,-1152,0.0782,-99999.,-99999.,-99999.,-99999.,-99999.,-99999.
123778,5045753,9.022853,-35.607728,8.,-1152,0.0782,-99999.,-99999.,-99999.,-99999.,-99999.,-99999.
123778,5046440,9.027938,-35.598047,4.9,-1153,0.0782,-99999.,-99999.,-99999.,-99999.,-99999.,-99999.
123778,5046902,9.034502,-35.590047,4.,-1153,0.078,-99999.,-99999.,-99999.,-99999.,-99999.,-99999.
123778,5047608,9.035528,-35.582488,2.4,-1149,0.0789,-99999.,-99999.,-99999.,-99999.,-99999.,-99999.
123778,5049314,9.045757,-35.535917,8.2,-1151,0.0742,-99999.,-99999.,-99999.,-99999.,-99999.,-99999.
123778,5049954,9.052723,-35.529763,5.7,-1151,0.07540000000000001,-99999.,-99999.,-99999.,-99999.,-99999.,-99999.
123778,5049995,9.053108,-35.529068,3.9,-1151,0.0756,-99999.,-99999.,-99999.,-99999.,-99999.,-99999.
123778,5049996,9.053108,-35.529068,3.9,-1151,0.0756,-99999.,-99999.,-99999.,-99999.,-99999.,-99999.
123778,5050005,9.053238,-35.528972,4.,-1151,0.0756,-99999.,-99999.,-99999.,-99999.,-99999.,-99999.
123778,5050006,9.053238,-35.528972,4.,-1151,0.0756,-99999.,-99999.,-99999.,-99999.,-99999.,-99999.
123778,5050008,9.053293,-35.528938,4.2,-1151,0.0756,-99999.,-99999.,-99999.,-99999.,-99999.,-99999.
123778,5050009,9.053293,-35.528938,4.2,-1151,0.0756,-99999.,-99999.,-99999.,-99999.,-99999.,-99999.
123778,5050019,9.053482,-35.52878,5.,-1151,0.0756,-99999.,-99999.,-99999.,-99999.,-99999.,-99999.
123778,5050051,9.05424,-35.528015,7.,-1151,0.0758,-99999.,-99999.,-99999.,-99999.,-99999.,-99999.
123778,5050052,9.05424,-35.528015,7.,-1151,0.0758,-99999.,-99999.,-99999.,-99999.,-99999.,-99999.
123778,5050058,9.054392,-35.527875,7.1,-1151,0.0758,-99999.,-99999.,-99999.,-99999.,-99999.,-99999.
123778,5050059,9.054392,-35.527875,7.1,-1151,0.0758,-99999.,-99999.,-99999.,-99999.,-99999.,-99999.
123778,5050071,9.054738,-35.52753,7.3,-1151,0.07590000000000001,-99999.,-99999.,-99999.,-99999.,-99999.,-99999.
123778,5050072,9.054738,-35.52753,7.3,-1151,0.07590000000000001,-99999.,-99999.,-99999.,-99999.,-99999.,-99999.
123778,5050092,9.055262,-35.526992,7.7,-1151,0.076,-99999.,-99999.,-99999.,-99999.,-99999.,-99999.
123778,5050112,9.055738,-35.526473,7.9,-1152,0.0761,-99999.,-99999.,-99999.,-99999.,-99999.,-99999.
123778,5050141,9.056515,-35.525632,8.2,-1152,0.0763,-99999.,-99999.,-99999.,-99999.,-99999.,-99999.
123778,5050148,9.056683,-35.52542,8.2,-1152,0.0763,-99999.,-99999.,-99999.,-99999.,-99999.,-99999.
123778,5050149,9.056683,-35.52542,8.2,-1152,0.0763,-99999.,-99999.,-99999.,-99999.,-99999.,-99999.
123778,5050161,9.056995,-35.525032,8.2,-1152,0.07640000000000001,-99999.,-99999.,-99999.,-99999.,-99999.,-99999.
123778,5050163,9.056995,-35.525032,8.2,-1152,0.07640000000000001,-99999.,-99999.,-99999.,-99999.,-99999.,-99999.
123778,5050222,9.058298,-35.523138,8.2,-1152,0.07680000000000001,-99999.,-99999.,-99999.,-99999.,-99999.,-99999.
123778,5050293,9.059648,-35.520773,7.8,-1152,0.0772,-99999.,-99999.,-99999.,-99999.,-99999.,-99999.
123778,5050301,9.059797,-35.520485,7.8,-1152,0.07730000000000001,-99999.,-99999.,-99999.,-99999.,-99999.,-99999.
123778,5050302,9.059797,-35.520485,7.8,-1152,0.07730000000000001,-99999.,-99999.,-99999.,-99999.,-99999.,-99999.
123778,5050362,9.060857,-35.518427,8.3,-1152,0.0777,-99999.,-99999.,-99999.,-99999.,-99999.,-99999.
123778,5050363,9.060857,-35.518427,8.3,-1152,0.0777,-99999.,-99999.,-99999.,-99999.,-99999.,-99999.
123778,5050376,9.061037,-35.517958,8.2,-1152,0.07780000000000001,-99999.,-99999.,-99999.,-99999.,-99999.,-99999.
123778,5050382,9.061095,-35.517777,8.,-1152,0.07780000000000001,-99999.,-99999.,-99999.,-99999.,-99999.,-99999.
123778,5050406,9.061663,-35.517188,7.,-1152,0.0779,-99999.,-99999.,-99999.,-99999.,-99999.,-99999.
123778,5050407,9.061663,-35.517188,7.,-1152,0.0779,-99999.,-99999.,-99999.,-99999.,-99999.,-99999.
123778,5050442,9.062107,-35.517275,1.3,-1153,0.0779,-99999.,-99999.,-99999.,-99999.,-99999.,-99999.
123778,5050450,9.062007,-35.517327,1.5,-1153,0.0779,-99999.,-99999.,-99999.,-99999.,-99999.,-99999.
123778,5050455,9.061923,-35.517327,1.7,-1153,0.0779,-99999.,-99999.,-99999.,-99999.,-99999.,-99999.
123778,5050462,9.061837,-35.517295,1.9,-1153,0.0779,-99999.,-99999.,-99999.,-99999.,-99999.,-99999.
123778,5050479,9.061698,-35.517125,2.5,-1153,0.0779,-99999.,-99999.,-99999.,-99999.,-99999.,-99999.
123778,5050486,9.061687,-35.51699,3.,-1153,0.078,-99999.,-99999.,-99999.,-99999.,-99999.,-99999.
123778,5050496,9.061712,-35.516803,3.8,-1153,0.078,-99999.,-99999.,-99999.,-99999.,-99999.,-99999.
123778,5050509,9.061763,-35.516427,5.4,-1153,0.0781,-99999.,-99999.,-99999.,-99999.,-99999.,-99999.
123778,5050510,9.061763,-35.516427,5.4,-1153,0.0781,-99999.,-99999.,-99999.,-99999.,-99999.,-99999.
123778,5050512,9.061785,-35.516338,5.6,-1153,0.0781,-99999.,-99999.,-99999.,-99999.,-99999.,-99999.
123778,5050519,9.06183,-35.516152,6.1,-1153,0.0781,-99999.,-99999.,-99999.,-99999.,-99999.,-99999.
123778,5050522,9.061873,-35.516025,6.4,-1153,0.0781,-99999.,-99999.,-99999.,-99999.,-99999.,-99999.
123778,5050532,9.061987,-35.515698,7.,-1153,0.0782,-99999.,-99999.,-99999.,-99999.,-99999.,-99999.
123778,5050582,9.062653,-35.513937,8.3,-1153,0.0785,-99999.,-99999.,-99999.,-99999.,-99999.,-99999.
123778,5051822,9.069248,-35.490258,0.3,-1150,0.0737,-99999.,-99999.,-99999.,-99999.,-99999.,-99999.
123778,5058545,9.10287,-35.288148,8.6,-1113,0.0879,-99999.,-99999.,-99999.,-99999.,-99999.,-99999.
123778,5064263,9.144675,-35.056993,8.5,-1089,0.0825,36.6,0.12,26.200000000000003,77.4,-0.12,-0.26
123778,5083854,9.231765,-34.572738,0.4,-1151,0.1078,36.5,0.14,26.400000000000002,138.20000000000002,0.05,0.05
123778,5084173,9.23182,-34.572467,0.2,-1151,0.10790000000000001,36.5,0.14,26.400000000000002,138.20000000000002,0.05,0.05
123778,5085096,9.231622,-34.571845,0.2,-1151,0.10790000000000001,36.5,0.14,26.400000000000002,138.20000000000002,0.05,0.05
123778,5085593,9.231332,-34.571415,0.4,-1151,0.108,36.5,0.14,26.400000000000002,138.20000000000002,0.05,0.05
123778,5086312,9.230742,-34.570707,0.5,-1151,0.108,36.5,0.14,26.400000000000002,138.20000000000002,0.05,0.05
123778,5086812,9.2303,-34.5702,0.5,-1151,0.108,36.5,0.14,26.400000000000002,138.3,0.05,0.06
123778,5087546,9.229935,-34.568787,0.7,-1152,0.1081,36.5,0.14,26.400000000000002,138.4,0.05,0.06
123778,5087904,9.229772,-34.567802,0.7,-1152,0.10830000000000001,36.5,0.14,26.400000000000002,138.5,0.06,0.06
123778,5088742,9.229443,-34.565745,0.7,-1153,0.1085,36.5,0.14,26.400000000000002,138.70000000000002,0.06,0.06
123778,5089262,9.229553,-34.564413,0.6,-1154,0.1087,36.5,0.14,26.400000000000002,138.8,0.06,0.06
123778,5090134,9.229295,-34.56263,0.3,-1154,0.109,36.5,0.14,26.400000000000002,138.9,0.06,0.07
123778,5090403,9.229247,-34.562248,0.3,-1154,0.109,36.5,0.14,26.400000000000002,139.,0.06,0.07
123778,5091423,9.228252,-34.562025,0.4,-1154,0.10890000000000001,36.5,0.14,26.400000000000002,138.9,0.06,0.07
123778,5091783,9.228752,-34.561492,0.4,-1155,0.1091,36.5,0.14,26.400000000000002,139.,0.06,0.07
123778,5092693,9.229052,-34.560027,0.3,-1155,0.10930000000000001,36.5,0.14,26.400000000000002,139.1,0.06,0.07
123778,5093043,9.229248,-34.559703,0.1,-1155,0.10940000000000001,36.5,0.14,26.400000000000002,139.1,0.06,0.07
123778,5093844,9.22902,-34.558692,0.4,-1156,0.1095,36.5,0.14,26.400000000000002,139.20000000000002,0.06,0.07
123778,5093871,9.229028,-34.558628,0.4,-1156,0.1095,36.5,0.14,26.400000000000002,139.20000000000002,0.06,0.07
123778,5093872,9.229028,-34.558628,0.4,-1156,0.1095,36.5,0.14,26.400000000000002,139.20000000000002,0.06,0.07
123778,5093882,9.229032,-34.558612,0.2,-1156,0.1095,36.5,0.14,26.400000000000002,139.20000000000002,0.06,0.07
123778,5093890,9.229032,-34.558592,0.4,-1156,0.1095,36.5,0.14,26.400000000000002,139.20000000000002,0.06,0.07
123778,5093901,9.22903,-34.558567,0.6,-1156,0.1095,36.5,0.14,26.400000000000002,139.20000000000002,0.06,0.07
123778,5093902,9.22903,-34.558567,0.6,-1156,0.1095,36.5,0.14,26.400000000000002,139.20000000000002,0.06,0.07
123778,5093942,9.229032,-34.558478,0.4,-1156,0.1096,36.5,0.14,26.400000000000002,139.20000000000002,0.06,0.07
123778,5093981,9.229038,-34.558388,0.4,-1156,0.1096,36.5,0.14,26.400000000000002,139.20000000000002,0.06,0.07
123778,5093991,9.22904,-34.558358,0.6,-1156,0.1096,36.5,0.14,26.400000000000002,139.20000000000002,0.06,0.07
123778,5093992,9.22904,-34.558358,0.6,-1156,0.1096,36.5,0.14,26.400000000000002,139.20000000000002,0.06,0.07
123778,5094061,9.229073,-34.558212,0.5,-1156,0.1096,36.5,0.14,26.400000000000002,139.20000000000002,0.06,0.07
123778,5094062,9.229073,-34.558212,0.5,-1156,0.1096,36.5,0.14,26.400000000000002,139.20000000000002,0.06,0.07
123778,5094092,9.229095,-34.558152,0.6,-1156,0.1096,36.5,0.14,26.400000000000002,139.20000000000002,0.06,0.07
123778,5094101,9.229098,-34.558137,0.4,-1156,0.1096,36.5,0.14,26.400000000000002,139.20000000000002,0.06,0.07
123778,5094102,9.229098,-34.558137,0.4,-1156,0.1096,36.5,0.14,26.400000000000002,139.20000000000002,0.06,0.07
123778,5094112,9.229103,-34.558112,0.5,-1156,0.1096,36.5,0.14,26.400000000000002,139.20000000000002,0.06,0.07
123778,5094113,9.229103,-34.558112,0.5,-1156,0.1096,36.5,0.14,26.400000000000002,139.20000000000002,0.06,0.07
123778,5094172,9.229132,-34.557993,0.3,-1156,0.1096,36.5,0.14,26.400000000000002,139.20000000000002,0.06,0.07
123778,5094173,9.229132,-34.557993,0.3,-1156,0.1096,36.5,0.14,26.400000000000002,139.20000000000002,0.06,0.07
123778,5094191,9.229138,-34.55797,0.2,-1156,0.1097,36.5,0.14,26.400000000000002,139.20000000000002,0.06,0.07
123778,5094200,9.229142,-34.557952,0.4,-1156,0.1097,36.5,0.14,26.400000000000002,139.20000000000002,0.06,0.07
123778,5094221,9.229148,-34.557923,0.2,-1156,0.1097,36.5,0.14,26.400000000000002,139.20000000000002,0.06,0.07
123778,5094223,9.229148,-34.557923,0.2,-1156,0.1097,36.5,0.14,26.400000000000002,139.20000000000002,0.06,0.07
123778,5094256,9.229163,-34.557872,0.3,-1156,0.1097,36.5,0.14,26.400000000000002,139.20000000000002,0.06,0.07
123778,5094271,9.229175,-34.557852,0.3,-1156,0.1097,36.5,0.14,26.400000000000002,139.20000000000002,0.06,0.07
123778,5094272,9.229175,-34.557852,0.3,-1156,0.1097,36.5,0.14,26.400000000000002,139.20000000000002,0.06,0.07
123778,5094302,9.229198,-34.557812,0.3,-1156,0.1097,36.5,0.14,26.400000000000002,139.20000000000002,0.06,0.07
123778,5094353,9.229232,-34.557755,0.3,-1156,0.1097,36.5,0.14,26.400000000000002,139.20000000000002,0.06,0.07
123778,5094381,9.229242,-34.55772,0.2,-1156,0.1097,36.5,0.14,26.400000000000002,139.20000000000002,0.06,0.07
123778,5095083,9.229258,-34.557218,0.2,-1156,0.10980000000000001,36.5,0.14,26.400000000000002,139.20000000000002,0.06,0.07
123778,5096344,9.228947,-34.556625,0.2,-1157,0.10980000000000001,36.5,0.14,26.400000000000002,139.20000000000002,0.06,0.07
123778,5100534,9.22814,-34.552928,0.1,-1158,0.11030000000000001,36.5,0.14,26.400000000000002,139.1,0.07,0.08
123778,5105984,9.197233,-34.66078,8.3,-1150,0.1052,36.5,0.14,26.400000000000002,126.4,0.02,-0.05
123778,5122464,9.117367,-35.066752,8.2,-1092,0.0818,36.6,0.13,26.200000000000003,72.8,-0.11,-0.25
123778,5123638,9.111833,-35.083112,2.,-1088,0.08120000000000001,36.6,0.13,26.200000000000003,70.4,-0.1,-0.24
123778,5124493,9.105755,-35.099302,1.7,-1109,0.0829,36.6,0.12,26.3,67.7,-0.1,-0.23
123778,5124586,9.105617,-35.099807,1.,-1108,0.0829,36.6,0.12,26.3,67.7,-0.1,-0.23
123778,5125623,9.103173,-35.117523,7.7,-1097,0.0829,36.6,0.12,26.3,65.10000000000001,-0.1,-0.22
123778,5125743,9.102883,-35.121787,7.6,-1095,0.0829,36.6,0.12,26.3,64.4,-0.1,-0.22
123778,5126104,9.102057,-35.134977,8.,-1087,0.08320000000000001,36.6,0.12,26.3,61.7,-0.09,-0.2
123778,5126917,9.099945,-35.14947,4.5,-1078,0.08320000000000001,36.6,0.12,26.3,58.7,-0.08,-0.18
123778,5127292,9.098225,-35.163477,8.3,-1070,0.08320000000000001,36.6,0.12,26.3,55.900000000000006,-0.07,-0.16
123778,5127637,9.097255,-35.17208,4.4,-1128,0.08370000000000001,36.6,0.12,26.3,54.300000000000004,-0.06,-0.15
123778,5128126,9.097443,-35.186055,6.6,-1116,0.0845,36.6,0.12,26.400000000000002,51.800000000000004,-0.05,-0.13
123778,5128426,9.098025,-35.193462,8.,-1110,0.0852,36.6,0.12,26.400000000000002,50.5,-0.05,-0.12
123778,5128861,9.099332,-35.205948,8.3,-1099,0.0872,36.6,0.12,26.400000000000002,49.2,-0.04,-0.11
123778,5129713,9.10143,-35.227812,1.9,-1080,0.0854,36.6,0.12,26.400000000000002,49.1,-0.04,-0.11
123778,5130115,9.102005,-35.236708,2.7,-1072,0.08660000000000001,36.6,0.12,26.400000000000002,49.1,-0.04,-0.11
123778,5130640,9.102903,-35.24749,2.2,-1063,0.0882,36.6,0.12,26.400000000000002,49.1,-0.04,-0.11
123778,5131050,9.102705,-35.255912,2.1,-1140,0.0809,36.6,0.13,26.400000000000002,49.1,-0.04,-0.11
123778,5131913,9.103633,-35.272977,7.9,-1125,0.08460000000000001,36.6,0.13,26.400000000000002,49.1,-0.04,-0.11
123778,5132741,9.103588,-35.292962,8.3,-1109,0.0787,-99999.,-99999.,-99999.,-99999.,-99999.,-99999.
123778,5132742,9.103588,-35.292962,8.3,-1109,0.0787,-99999.,-99999.,-99999.,-99999.,-99999.,-99999.
123778,5132891,9.10311,-35.29687,1.9,-1105,0.07930000000000001,-99999.,-99999.,-99999.,-99999.,-99999.,-99999.
123778,5132892,9.10311,-35.29687,1.9,-1105,0.07930000000000001,-99999.,-99999.,-99999.,-99999.,-99999.,-99999.
123778,5133230,9.102922,-35.306253,2.2,-1097,0.0809,-99999.,-99999.,-99999.,-99999.,-99999.,-99999.
123778,5133700,9.103852,-35.315123,7.2,-1090,0.0823,-99999.,-99999.,-99999.,-99999.,-99999.,-99999.
123778,5134463,9.124913,-35.326777,8.5,-1085,0.0823,36.6,0.13,26.400000000000002,13.5,-0.04,-0.06
123778,5138350,9.265417,-35.366617,7.9,-1029,0.0781,36.6,0.13,26.3,28.6,-0.02,-0.03
123778,5138351,9.265417,-35.366617,7.9,-1029,0.0781,36.6,0.13,26.3,28.6,-0.02,-0.03
123778,5138360,9.265772,-35.366727,7.9,-1029,0.0781,36.6,0.13,26.3,28.6,-0.02,-0.03
123778,5138371,9.266125,-35.366832,8.,-1029,0.0781,36.6,0.13,26.3,28.6,-0.02,-0.03
123778,5138402,9.267232,-35.367132,8.,-1029,0.0781,36.6,0.13,26.3,28.6,-0.02,-0.03
123778,5138442,9.26869,-35.367558,8.,-1029,0.078,36.6,0.13,26.3,28.6,-0.02,-0.03
123778,5138530,9.271883,-35.368497,8.,-1030,0.0779,36.6,0.13,26.3,28.6,-0.02,-0.03
123778,5138652,9.276237,-35.369682,8.1,-1031,0.07780000000000001,36.6,0.13,26.3,28.6,-0.02,-0.03
123778,5138743,9.279522,-35.370603,8.1,-1032,0.0776,36.6,0.13,26.3,28.6,-0.02,-0.03
123778,5138761,9.28021,-35.370763,8.,-1032,0.0776,36.6,0.13,26.3,28.6,-0.02,-0.03
123778,5138821,9.282367,-35.371293,7.9,-1032,0.0775,36.6,0.13,26.3,28.700000000000003,-0.02,-0.03
123778,5138881,9.284525,-35.371837,8.,-1033,0.07740000000000001,36.6,0.13,26.3,28.8,-0.02,-0.03
123778,5139001,9.28892,-35.372872,8.1,-1034,0.0771,36.6,0.13,26.3,28.900000000000002,-0.03,-0.03
123778,5147314,9.307792,-35.626732,8.2,-1112,0.0695,-99999.,-99999.,-99999.,-99999.,-99999.,-99999.
123778,5168304,9.21119,-36.191805,0.6,-1131,0.0689,-99999.,-99999.,-99999.,-99999.,-99999.,-99999.
123778,5168623,9.210538,-36.192558,0.7,-1133,0.0689,-99999.,-99999.,-99999.,-99999.,-99999.,-99999.
123778,5169452,9.208723,-36.194272,0.5,-1137,0.0689,-99999.,-99999.,-99999.,-99999.,-99999.,-99999.
123778,5169832,9.207777,-36.194932,0.6,-1139,0.0608,-99999.,-99999.,-99999.,-99999.,-99999.,-99999.
123778,5170783,9.205027,-36.196823,0.9,-1144,0.0608,-99999.,-99999.,-99999.,-99999.,-99999.,-99999.
123778,5171134,9.203965,-36.197235,0.6,-1145,0.0608,-99999.,-99999.,-99999.,-99999.,-99999.,-99999.
123778,5171944,9.201753,-36.19867,0.8,-1149,0.0608,-99999.,-99999.,-99999.,-99999.,-99999.,-99999.
123778,5172484,9.200178,-36.199797,0.7,-1152,0.0608,-99999.,-99999.,-99999.,-99999.,-99999.,-99999.
123778,5173072,9.198797,-36.200978,0.6,-1155,0.0608,-99999.,-99999.,-99999.,-99999.,-99999.,-99999.
123778,5173604,9.197668,-36.201943,0.6,-1157,0.0608,-99999.,-99999.,-99999.,-99999.,-99999.,-99999.
123778,5174323,9.196105,-36.203257,0.6,-1160,0.0608,-99999.,-99999.,-99999.,-99999.,-99999.,-99999.
123778,5174883,9.194745,-36.204607,0.6,-1163,0.0608,-99999.,-99999.,-99999.,-99999.,-99999.,-99999.
123778,5175822,9.192413,-36.206048,0.5,-1167,0.0608,-99999.,-99999.,-99999.,-99999.,-99999.,-99999.
123778,5175963,9.19211,-36.206127,0.3,-1167,0.0608,-99999.,-99999.,-99999.,-99999.,-99999.,-99999.
123778,5176662,9.19111,-36.206168,0.3,-1168,0.0608,-99999.,-99999.,-99999.,-99999.,-99999.,-99999.
123778,5176712,9.191022,-36.20621,0.4,-1168,0.0608,-99999.,-99999.,-99999.,-99999.,-99999.,-99999.
123778,5176872,9.190702,-36.206415,0.5,-1168,0.0608,-99999.,-99999.,-99999.,-99999.,-99999.,-99999.
123778,5177223,9.190015,-36.206807,0.5,-1169,0.0608,-99999.,-99999.,-99999.,-99999.,-99999.,-99999.
123778,5178233,9.18718,-36.207892,0.9,-1173,0.0608,-99999.,-99999.,-99999.,-99999.,-99999.,-99999.
123778,5178483,9.18647,-36.208305,0.6,-1174,0.0608,-99999.,-99999.,-99999.,-99999.,-99999.,-99999.
123778,5178774,9.185848,-36.208648,0.4,-1175,0.0639,-99999.,-99999.,-99999.,-99999.,-99999.,-99999.
123778,5179423,9.184492,-36.209072,0.7,-1176,0.0637,-99999.,-99999.,-99999.,-99999.,-99999.,-99999.
123778,5179904,9.183108,-36.209335,0.6,-1177,0.0635,-99999.,-99999.,-99999.,-99999.,-99999.,-99999.
123778,5181164,9.17886,-36.209818,0.7,-1181,0.06280000000000001,-99999.,-99999.,-99999.,-99999.,-99999.,-99999.
123778,5181253,9.178555,-36.209847,0.7,-1181,0.06280000000000001,-99999.,-99999.,-99999.,-99999.,-99999.,-99999.
123778,5181932,9.176523,-36.210755,0.9,-1184,0.0625,-99999.,-99999.,-99999.,-99999.,-99999.,-99999.
123778,5182261,9.17563,-36.21141,0.6,-1185,0.0623,-99999.,-99999.,-99999.,-99999.,-99999.,-99999.
123778,5182262,9.17563,-36.21141,0.6,-1185,0.0623,-99999.,-99999.,-99999.,-99999.,-99999.,-99999.
123778,5182290,9.17555,-36.211455,0.6,-1185,0.0623,-99999.,-99999.,-99999.,-99999.,-99999.,-99999.
123778,5182291,9.17555,-36.211455,0.6,-1185,0.0623,-99999.,-99999.,-99999.,-99999.,-99999.,-99999.
123778,5182340,9.175422,-36.211522,0.7,-1185,0.0623,-99999.,-99999.,-99999.,-99999.,-99999.,-99999.
123778,5182380,9.175328,-36.211572,0.6,-1185,0.0623,-99999.,-99999.,-99999.,-99999.,-99999.,-99999.
123778,5182391,9.175302,-36.211585,0.7,-1186,0.0623,-99999.,-99999.,-99999.,-99999.,-99999.,-99999.
123778,5182424,9.175228,-36.211625,0.7,-1186,0.0623,-99999.,-99999.,-99999.,-99999.,-99999.,-99999.
123778,5182441,9.175183,-36.211648,0.5,-1186,0.0623,-99999.,-99999.,-99999.,-99999.,-99999.,-99999.
123778,5182560,9.174893,-36.211803,0.5,-1186,0.062200000000000005,-99999.,-99999.,-99999.,-99999.,-99999.,-99999.
123778,5182561,9.174893,-36.211803,0.5,-1186,0.062200000000000005,-99999.,-99999.,-99999.,-99999.,-99999.,-99999.
123778,5182791,9.174262,-36.212182,0.7,-1187,0.0621,-99999.,-99999.,-99999.,-99999.,-99999.,-99999.
123778,5182792,9.174262,-36.212182,0.7,-1187,0.0621,-99999.,-99999.,-99999.,-99999.,-99999.,-99999.
123778,5182842,9.174115,-36.212285,0.7,-1187,0.0621,-99999.,-99999.,-99999.,-99999.,-99999.,-99999.
123778,5189285,9.218848,-36.181512,3.5,-1108,0.0689,-99999.,-99999.,-99999.,-99999.,-99999.,-99999.
123778,5206652,9.366842,-35.770717,8.4,-1069,0.075,-99999.,-99999.,-99999.,-99999.,-99999.,-99999.
123778,5207815,9.377527,-35.74644,4.8,-1013,0.0762,-99999.,-99999.,-99999.,-99999.,-99999.,-99999.
123778,5208923,9.386627,-35.721502,5.3,-1013,0.0761,-99999.,-99999.,-99999.,-99999.,-99999.,-99999.
123778,5210072,9.396177,-35.701745,2.8,-1013,0.07540000000000001,-99999.,-99999.,-99999.,-99999.,-99999.,-99999.
123778,5210272,9.398098,-35.698303,2.1,-1013,0.0755,-99999.,-99999.,-99999.,-99999.,-99999.,-99999.
123778,5210709,9.401007,-35.693712,2.,-1013,0.0755,-99999.,-99999.,-99999.,-99999.,-99999.,-99999.
123778,5211252,9.406667,-35.683727,6.6,-1013,0.0757,-99999.,-99999.,-99999.,-99999.,-99999.,-99999.
123778,5211502,9.409092,-35.679617,3.1,-1013,0.0757,-99999.,-99999.,-99999.,-99999.,-99999.,-99999.
123778,5211810,9.412947,-35.672088,7.,-1013,0.0758,-99999.,-99999.,-99999.,-99999.,-99999.,-99999.
123778,5212572,9.421953,-35.650445,5.2,-1079,0.0729,-99999.,-99999.,-99999.,-99999.,-99999.,-99999.
123778,5212632,9.422758,-35.648498,8.1,-1076,0.0729,-99999.,-99999.,-99999.,-99999.,-99999.,-99999.
123778,5212909,9.425097,-35.6429,3.6,-1069,0.0729,-99999.,-99999.,-99999.,-99999.,-99999.,-99999.
123778,5213203,9.429403,-35.632583,8.4,-1058,0.0729,-99999.,-99999.,-99999.,-99999.,-99999.,-99999.
123778,5213826,9.436092,-35.618953,6.1,-1043,0.0719,-99999.,-99999.,-99999.,-99999.,-99999.,-99999.
123778,5214124,9.439583,-35.611583,8.1,-1036,0.07200000000000001,-99999.,-99999.,-99999.,-99999.,-99999.,-99999.
123778,5214294,9.4406,-35.610075,4.,-1035,0.07200000000000001,36.6,0.14,26.400000000000002,55.2,-0.03,-0.04
123778,5215064,9.44732,-35.594705,7.2,-1023,0.07200000000000001,36.6,0.14,26.400000000000002,41.900000000000006,-0.03,-0.04
123778,5215184,9.44879,-35.590455,7.9,-1020,0.07200000000000001,36.6,0.14,26.400000000000002,38.7,-0.03,-0.04
123778,5215631,9.452078,-35.584557,1.,-1016,0.0719,36.6,0.14,26.3,37.7,-0.03,-0.04
123778,5216218,9.45627,-35.573483,2.,-1079,0.0712,36.6,0.14,26.3,36.2,-0.03,-0.05
123778,5216397,9.45726,-35.56887,6.1,-1077,0.0713,36.6,0.14,26.3,35.5,-0.04,-0.05
123778,5216619,9.458595,-35.565555,3.5,-1075,0.0712,36.6,0.14,26.3,35.5,-0.04,-0.05
123778,5217595,9.46598,-35.541302,6.3,-1061,0.0699,36.6,0.14,26.3,34.9,-0.04,-0.06
123778,5217709,9.46617,-35.54065,5.7,-1060,0.0699,36.6,0.14,26.3,34.9,-0.04,-0.06
123778,5218868,9.475557,-35.512013,6.,-1038,0.0702,36.6,0.14,26.3,38.7,-0.06,-0.07
123778,5219272,9.478383,-35.504388,8.3,-1031,0.0702,36.6,0.14,26.3,41.900000000000006,-0.06,-0.08
123778,5220093,9.484737,-35.48568,7.9,-1058,0.0703,36.6,0.14,26.200000000000003,49.5,-0.08,-0.09
123778,5220257,9.487195,-35.48046,3.9,-1059,0.0704,36.6,0.14,26.200000000000003,52.,-0.09,-0.09
123778,5220840,9.489622,-35.475557,6.1,-1060,0.0704,36.6,0.14,26.200000000000003,54.300000000000004,-0.09,-0.1
123778,5220841,9.489622,-35.475557,6.1,-1060,0.0704,36.6,0.14,26.200000000000003,54.300000000000004,-0.09,-0.1
123778,5220900,9.490535,-35.473658,7.7,-1061,0.0704,36.6,0.14,26.200000000000003,55.2,-0.1,-0.1
123778,5220901,9.490535,-35.473658,7.7,-1061,0.0704,36.6,0.14,26.200000000000003,55.2,-0.1,-0.1
123778,5220931,9.490947,-35.47264,7.8,-1061,0.0704,36.6,0.14,26.200000000000003,55.6,-0.1,-0.1
123778,5220932,9.490947,-35.47264,7.8,-1061,0.0704,36.6,0.14,26.200000000000003,55.6,-0.1,-0.1
123778,5220941,9.491078,-35.47227,7.5,-1061,0.0704,36.6,0.14,26.200000000000003,55.800000000000004,-0.1,-0.1
123778,5220942,9.491078,-35.47227,7.5,-1061,0.0704,36.6,0.14,26.200000000000003,55.800000000000004,-0.1,-0.1
123778,5220951,9.491193,-35.471955,7.3,-1061,0.0704,36.6,0.14,26.200000000000003,55.900000000000006,-0.1,-0.1
123778,5220952,9.491193,-35.471955,7.3,-1061,0.0704,36.6,0.14,26.200000000000003,55.900000000000006,-0.1,-0.1
123778,5220960,9.491308,-35.471682,7.1,-1061,0.0704,36.6,0.14,26.200000000000003,56.,-0.1,-0.1
123778,5220996,9.491942,-35.471693,2.9,-1061,0.0704,36.6,0.14,26.200000000000003,56.300000000000004,-0.1,-0.1
123778,5221002,9.491945,-35.471793,2.5,-1061,0.0704,36.6,0.14,26.200000000000003,56.300000000000004,-0.1,-0.1
123778,5221011,9.49187,-35.471907,2.1,-1061,0.0704,36.6,0.14,26.200000000000003,56.2,-0.1,-0.1
123778,5221015,9.491832,-35.471927,1.9,-1061,0.0704,36.6,0.14,26.200000000000003,56.2,-0.1,-0.1
123778,5221051,9.491603,-35.47167,1.8,-1061,0.0704,36.6,0.14,26.200000000000003,56.2,-0.1,-0.1
123778,5221052,9.491603,-35.47167,1.8,-1061,0.0704,36.6,0.14,26.200000000000003,56.2,-0.1,-0.1
123778,5221054,9.491613,-35.471633,2.1,-1061,0.0704,36.6,0.14,26.200000000000003,56.2,-0.1,-0.1
123778,5221055,9.491613,-35.471633,2.1,-1061,0.0704,36.6,0.14,26.200000000000003,56.2,-0.1,-0.1
123778,5221059,9.49164,-35.471568,2.4,-1061,0.0704,36.6,0.14,26.200000000000003,56.2,-0.1,-0.1
123778,5221075,9.491752,-35.471283,3.8,-1061,0.0704,36.6,0.14,26.200000000000003,56.300000000000004,-0.1,-0.1
123778,5221078,9.49177,-35.471217,4.1,-1061,0.0704,36.6,0.14,26.200000000000003,56.300000000000004,-0.1,-0.1
123778,5221079,9.49177,-35.471217,4.1,-1061,0.0704,36.6,0.14,26.200000000000003,56.300000000000004,-0.1,-0.1
123778,5221092,9.491873,-35.470872,5.1,-1061,0.0704,36.6,0.14,26.200000000000003,56.5,-0.1,-0.1
123778,5221141,9.492365,-35.469737,4.8,-1061,0.0704,36.6,0.14,26.200000000000003,57.,-0.1,-0.1
123778,5221146,9.492398,-35.469657,4.7,-1061,0.0704,36.6,0.14,26.200000000000003,57.,-0.1,-0.1
123778,5221152,9.492467,-35.469518,4.8,-1061,0.0704,36.6,0.14,26.200000000000003,57.1,-0.1,-0.1
123778,5221169,9.492627,-35.46913,5.3,-1061,0.0704,36.6,0.14,26.200000000000003,57.300000000000004,-0.1,-0.1
123778,5221175,9.492673,-35.468987,5.2,-1061,0.0704,36.6,0.14,26.200000000000003,57.300000000000004,-0.1,-0.1
123778,5221191,9.49281,-35.468645,4.9,-1061,0.0704,36.6,0.14,26.200000000000003,57.5,-0.1,-0.1
123778,5221193,9.492827,-35.468607,4.8,-1061,0.0704,36.6,0.14,26.200000000000003,57.5,-0.1,-0.1
123778,5221194,9.492827,-35.468607,4.8,-1061,0.0704,36.6,0.14,26.200000000000003,57.5,-0.1,-0.1
123778,5221195,9.492842,-35.468568,4.7,-1061,0.0704,36.6,0.14,26.200000000000003,57.5,-0.1,-0.1
123778,5221196,9.492842,-35.468568,4.7,-1061,0.0704,36.6,0.14,26.200000000000003,57.5,-0.1,-0.1
123778,5221198,9.49286,-35.46851,4.6,-1061,0.0704,36.6,0.14,26.200000000000003,57.5,-0.1,-0.1
123778,5221199,9.49286,-35.46851,4.6,-1061,0.0704,36.6,0.14,26.200000000000003,57.5,-0.1,-0.1
123778,5221206,9.492902,-35.468362,4.3,-1061,0.0704,36.6,0.14,26.200000000000003,57.6,-0.1,-0.1
123778,5221208,9.492912,-35.468325,4.2,-1061,0.0704,36.6,0.14,26.200000000000003,57.6,-0.1,-0.1
123778,5221209,9.492912,-35.468325,4.2,-1061,0.0704,36.6,0.14,26.200000000000003,57.6,-0.1,-0.1
123778,5221212,9.492923,-35.468255,4.1,-1061,0.0704,36.6,0.14,26.200000000000003,57.6,-0.1,-0.1
123778,5221221,9.49296,-35.46811,3.7,-1061,0.0704,36.6,0.14,26.200000000000003,57.7,-0.1,-0.1
123778,5221246,9.493043,-35.467897,1.7,-1061,0.0704,36.6,0.14,26.200000000000003,57.800000000000004,-0.1,-0.1
123778,5221248,9.493045,-35.46789,1.5,-1061,0.0704,36.6,0.14,26.200000000000003,57.800000000000004,-0.1,-0.1
123778,5221249,9.493045,-35.46789,1.5,-1061,0.0704,36.6,0.14,26.200000000000003,57.800000000000004,-0.1,-0.1
123778,5221258,9.49304,-35.467867,1.,-1061,0.0704,36.6,0.14,26.200000000000003,57.800000000000004,-0.1,-0.1
123778,5221259,9.49304,-35.467867,1.,-1061,0.0704,36.6,0.14,26.200000000000003,57.800000000000004,-0.1,-0.1
123778,5221277,9.49299,-35.467848,0.6,-1061,0.0704,36.6,0.14,26.200000000000003,57.800000000000004,-0.1,-0.1
123778,5221281,9.492977,-35.467848,0.5,-1061,0.0704,36.6,0.14,26.200000000000003,57.7,-0.1,-0.1
123778,5221282,9.492977,-35.467848,0.5,-1061,0.0704,36.6,0.14,26.200000000000003,57.7,-0.1,-0.1
123778,5221288,9.49298,-35.46785,0.2,-1061,0.0704,36.6,0.14,26.200000000000003,57.7,-0.1,-0.1
123778,5221289,9.49298,-35.46785,0.2,-1061,0.0704,36.6,0.14,26.200000000000003,57.7,-0.1,-0.1
123778,5221296,9.492998,-35.467845,0.4,-1061,0.0704,36.6,0.14,26.200000000000003,57.800000000000004,-0.1,-0.1
123778,5221306,9.49304,-35.467803,1.,-1061,0.0704,36.6,0.14,26.200000000000003,57.800000000000004,-0.1,-0.1
123778,5221325,9.493168,-35.467672,1.7,-1061,0.0704,36.6,0.14,26.200000000000003,57.900000000000006,-0.1,-0.1
123778,5221342,9.493277,-35.4676,1.7,-1062,0.0704,36.6,0.14,26.200000000000003,57.900000000000006,-0.1,-0.11
123778,5221350,9.49333,-35.467575,1.6,-1062,0.0704,36.6,0.14,26.200000000000003,58.,-0.1,-0.11
123778,5221368,9.49344,-35.46753,1.3,-1062,0.0704,36.6,0.14,26.200000000000003,58.,-0.1,-0.11
123778,5221369,9.49344,-35.46753,1.3,-1062,0.0704,36.6,0.14,26.200000000000003,58.,-0.1,-0.11
123778,5221455,9.493872,-35.467287,2.7,-1062,0.0704,36.6,0.14,26.200000000000003,58.300000000000004,-0.1,-0.11
123778,5226723,9.554288,-35.294108,8.,-1007,0.08080000000000001,36.6,0.14,26.1,109.7,-0.21,-0.12
123778,5226812,9.555108,-35.290803,8.1,-1007,0.0785,36.6,0.14,26.1,110.4,-0.21,-0.12
123778,5226872,9.555795,-35.288673,7.9,-1007,0.0784,36.6,0.14,26.1,110.7,-0.21,-0.12
123778,5226873,9.555795,-35.288673,7.9,-1007,0.0784,36.6,0.14,26.1,110.7,-0.21,-0.12
123778,5226972,9.55706,-35.285288,7.7,-1007,0.07830000000000001,36.6,0.14,26.1,111.2,-0.21,-0.12
123778,5226983,9.557202,-35.28492,7.6,-1007,0.07830000000000001,36.6,0.14,26.1,111.30000000000001,-0.21,-0.12
123778,5227032,9.557823,-35.283243,7.8,-1007,0.07830000000000001,36.6,0.14,26.1,111.5,-0.21,-0.12
123778,5227191,9.559848,-35.277755,8.,-1007,0.0782,36.6,0.14,26.1,114.7,-0.21,-0.11
123778,5227252,9.560633,-35.275682,7.8,-1007,0.0781,36.6,0.14,26.1,117.2,-0.21,-0.11
123778,5227311,9.561425,-35.273627,7.9,-1007,0.0781,36.6,0.14,26.1,119.5,-0.2,-0.11
123778,5227313,9.561425,-35.273627,7.9,-1007,0.0781,36.6,0.14,26.1,119.5,-0.2,-0.11
123778,5230675,9.603575,-35.157085,8.2,-1222,0.0765,36.6,0.15,26.1,100.,-0.15,-0.07
123778,5236135,9.684283,-34.971078,7.9,-1240,0.0868,36.6,0.15,26.3,110.,-0.02,0.04
123778,5253823,9.74495,-34.952223,5.8,-1232,0.08560000000000001,36.6,0.15,26.3,115.5,0.02,0.08
123778,5254984,9.731593,-34.980962,6.,-1230,0.0844,36.6,0.15,26.3,112.60000000000001,0.,0.06
123778,5255574,9.724673,-34.995518,5.9,-1229,0.0839,36.6,0.15,26.3,111.4,-0.01,0.05
123778,5256194,9.717333,-35.01043,5.8,-1229,0.083,36.6,0.15,26.3,110.4,-0.02,0.05
123778,5256544,9.713252,-35.018873,5.7,-1229,0.083,36.6,0.15,26.3,110.,-0.03,0.04
123778,5257513,9.702232,-35.042335,5.8,-1229,0.0804,36.6,0.15,26.3,109.2,-0.05,0.03
123778,5258103,9.695643,-35.056842,5.7,-1228,0.0782,36.6,0.15,26.200000000000003,107.7,-0.06,0.02
123778,5258744,9.68877,-35.072295,5.8,-1226,0.0767,36.6,0.15,26.200000000000003,105.60000000000001,-0.07,0.01
123778,5258983,9.686172,-35.078082,5.8,-1225,0.07640000000000001,36.6,0.15,26.200000000000003,104.7,-0.08,0.01
123778,5259932,9.675807,-35.100887,5.5,-1225,0.0765,36.6,0.15,26.200000000000003,100.9,-0.09,0.
123778,5260322,9.671602,-35.10985,5.5,-1226,0.07490000000000001,36.6,0.15,26.200000000000003,99.60000000000001,-0.1,-0.01
123778,5261113,9.662743,-35.128765,5.7,-1171,0.07440000000000001,36.6,0.15,26.200000000000003,98.60000000000001,-0.11,-0.02
123778,5262612,9.645655,-35.165173,5.8,-1227,0.0745,36.6,0.15,26.200000000000003,100.30000000000001,-0.14,-0.03
123778,5262873,9.642678,-35.171493,5.7,-1042,0.07390000000000001,36.6,0.15,26.200000000000003,100.5,-0.14,-0.04
123778,5263893,9.631513,-35.195192,4.8,-1090,0.07250000000000001,36.6,0.15,26.200000000000003,101.,-0.16,-0.05
123778,5264294,9.62789,-35.202545,4.,-1105,0.0723,36.6,0.15,26.200000000000003,101.10000000000001,-0.16,-0.05
123778,5264922,9.623132,-35.212893,4.,-1127,0.0775,36.6,0.15,26.1,101.2,-0.17,-0.06
123778,5264982,9.622665,-35.213895,3.9,-1129,0.07740000000000001,36.6,0.15,26.1,101.30000000000001,-0.17,-0.06
123778,5265002,9.622527,-35.214252,3.9,-1130,0.07740000000000001,36.6,0.15,26.1,101.30000000000001,-0.17,-0.06
123778,5265003,9.622527,-35.214252,3.9,-1130,0.07740000000000001,36.6,0.15,26.1,101.30000000000001,-0.17,-0.06
123778,5265042,9.622245,-35.214908,3.9,-1131,0.07740000000000001,36.6,0.15,26.1,101.30000000000001,-0.17,-0.06
123778,5265062,9.62209,-35.215262,4.,-1132,0.07740000000000001,36.6,0.15,26.1,101.30000000000001,-0.17,-0.06
123778,5265063,9.62209,-35.215262,4.,-1132,0.07740000000000001,36.6,0.15,26.1,101.30000000000001,-0.17,-0.06
123778,5265064,9.62209,-35.215262,4.,-1132,0.07740000000000001,36.6,0.15,26.1,101.30000000000001,-0.17,-0.06
123778,5265090,9.62189,-35.215742,3.9,-1133,0.07730000000000001,36.6,0.15,26.1,101.30000000000001,-0.17,-0.06
123778,5265091,9.62189,-35.215742,3.9,-1133,0.07730000000000001,36.6,0.15,26.1,101.30000000000001,-0.17,-0.06
123778,5265122,9.621623,-35.216255,3.9,-1134,0.07730000000000001,36.6,0.15,26.1,101.30000000000001,-0.17,-0.06
123778,5265123,9.621623,-35.216255,3.9,-1134,0.07730000000000001,36.6,0.15,26.1,101.30000000000001,-0.17,-0.06
123778,5265151,9.621433,-35.216723,3.8,-1135,0.07730000000000001,36.6,0.15,26.1,101.30000000000001,-0.17,-0.06
123778,5265172,9.62127,-35.217082,3.8,-1135,0.0772,36.6,0.15,26.1,101.30000000000001,-0.17,-0.06
123778,5265173,9.62127,-35.217082,3.8,-1135,0.0772,36.6,0.15,26.1,101.30000000000001,-0.17,-0.06
123778,5265183,9.621192,-35.217243,3.8,-1136,0.0772,36.6,0.15,26.1,101.30000000000001,-0.17,-0.06
123778,5265233,9.620845,-35.218067,3.8,-1137,0.0772,36.6,0.15,26.1,101.30000000000001,-0.17,-0.06
123778,5265243,9.620778,-35.218232,3.8,-1138,0.0772,36.6,0.15,26.1,101.30000000000001,-0.17,-0.06
123778,5265392,9.619668,-35.220678,3.8,-1143,0.077,36.6,0.15,26.1,101.30000000000001,-0.17,-0.06
123778,5265403,9.619587,-35.220857,3.8,-1143,0.077,36.6,0.15,26.1,101.4,-0.17,-0.06
123778,5265604,9.618212,-35.224058,3.7,-1150,0.07680000000000001,36.6,0.15,26.1,101.4,-0.18,-0.06
123778,5266244,9.61397,-35.234362,3.8,-1171,0.0762,36.6,0.15,26.1,101.60000000000001,-0.18,-0.07
123778,5267553,9.604722,-35.256305,3.9,-1017,0.0787,36.6,0.15,26.1,101.9,-0.2,-0.08
123778,5270704,9.58045,-35.308497,3.9,-1008,0.0816,36.6,0.15,26.1,103.7,-0.21,-0.1
123778,5270705,9.58045,-35.308497,3.9,-1008,0.0816,36.6,0.15,26.1,103.7,-0.21,-0.1
123778,5270708,9.580423,-35.308563,3.9,-1008,0.0816,36.6,0.15,26.1,103.7,-0.21,-0.1
123778,5270709,9.580423,-35.308563,3.9,-1008,0.0816,36.6,0.15,26.1,103.7,-0.21,-0.1
123778,5270711,9.5804,-35.30861,3.9,-1008,0.0816,36.6,0.15,26.1,103.7,-0.21,-0.1
123778,5270712,9.5804,-35.30861,3.9,-1008,0.0816,36.6,0.15,26.1,103.7,-0.21,-0.1
123778,5270719,9.580338,-35.308733,3.8,-1008,0.0816,36.6,0.15,26.1,103.7,-0.21,-0.1
123778,5270725,9.580287,-35.308827,3.8,-1008,0.0816,36.6,0.15,26.1,103.7,-0.21,-0.1
123778,5270726,9.580287,-35.308827,3.8,-1008,0.0816,36.6,0.15,26.1,103.7,-0.21,-0.1
123778,5270735,9.580193,-35.30897,3.8,-1008,0.0816,36.6,0.15,26.1,103.7,-0.21,-0.1
123778,5270736,9.580193,-35.30897,3.8,-1008,0.0816,36.6,0.15,26.1,103.7,-0.21,-0.1
123778,5270742,9.580135,-35.309057,3.7,-1008,0.0816,36.6,0.15,26.1,103.7,-0.21,-0.1
123778,5270750,9.58005,-35.30919,3.7,-1008,0.0816,36.6,0.15,26.1,103.7,-0.21,-0.1
123778,5270751,9.58005,-35.30919,3.7,-1008,0.0816,36.6,0.15,26.1,103.7,-0.21,-0.1
123778,5270883,9.578998,-35.311252,3.9,-1008,0.08170000000000001,36.6,0.15,26.1,103.5,-0.21,-0.1
123778,5270902,9.578815,-35.311555,3.9,-1008,0.08170000000000001,36.6,0.15,26.1,103.5,-0.21,-0.1
123778,5270941,9.578485,-35.312207,3.9,-1008,0.08170000000000001,36.6,0.15,26.1,103.5,-0.21,-0.1
123778,5270942,9.578485,-35.312207,3.9,-1008,0.08170000000000001,36.6,0.15,26.1,103.5,-0.21,-0.1
123778,5270982,9.57816,-35.312867,3.9,-1008,0.08170000000000001,36.6,0.15,26.1,103.4,-0.21,-0.1
123778,5271002,9.577997,-35.313187,3.8,-1008,0.08170000000000001,36.6,0.15,26.1,103.4,-0.21,-0.1
123778,5271010,9.577927,-35.313332,3.9,-1008,0.08170000000000001,36.6,0.15,26.1,103.4,-0.21,-0.1
123778,5271011,9.577927,-35.313332,3.9,-1008,0.08170000000000001,36.6,0.15,26.1,103.4,-0.21,-0.1
123778,5271022,9.577842,-35.313508,3.8,-1008,0.08170000000000001,36.6,0.15,26.1,103.4,-0.21,-0.1
123778,5271062,9.577497,-35.314153,3.9,-1008,0.08170000000000001,36.6,0.15,26.1,103.30000000000001,-0.21,-0.1
123778,5271063,9.577497,-35.314153,3.9,-1008,0.08170000000000001,36.6,0.15,26.1,103.30000000000001,-0.21,-0.1
123778,5271070,9.577427,-35.314278,3.9,-1008,0.08170000000000001,36.6,0.15,26.1,103.30000000000001,-0.21,-0.1
123778,5271071,9.577427,-35.314278,3.9,-1008,0.08170000000000001,36.6,0.15,26.1,103.30000000000001,-0.21,-0.1
123778,5271081,9.577342,-35.314437,3.9,-1008,0.08170000000000001,36.6,0.15,26.1,103.30000000000001,-0.21,-0.1
123778,5271122,9.577008,-35.315132,3.9,-1008,0.0818,36.6,0.15,26.1,103.2,-0.21,-0.1
123778,5271130,9.576945,-35.315265,3.9,-1008,0.0818,36.6,0.15,26.1,103.2,-0.21,-0.1
123778,5271242,9.575952,-35.317097,4.,-1008,0.0818,36.6,0.15,26.1,103.,-0.21,-0.1
123778,5271251,9.575885,-35.317233,4.,-1008,0.0818,36.6,0.15,26.1,103.,-0.21,-0.1
123778,5272725,9.56301,-35.340753,4.1,-1006,0.08020000000000001,36.6,0.15,26.,99.5,-0.21,-0.11
123778,5278125,9.535225,-35.376215,7.7,-1007,0.0756,36.6,0.14,26.,91.2,-0.18,-0.12
123778,5290979,9.641638,-35.157645,4.1,-1218,0.0752,36.6,0.15,26.200000000000003,99.2,-0.12,-0.03
123778,5292310,9.649547,-35.133587,3.6,-1187,0.0752,36.6,0.15,26.200000000000003,98.10000000000001,-0.11,-0.02
123778,5293373,9.65597,-35.107985,7.9,-1147,0.0775,36.6,0.15,26.200000000000003,99.30000000000001,-0.09,-0.01
123778,5294510,9.658075,-35.091475,2.5,-1121,0.07730000000000001,36.6,0.15,26.200000000000003,101.9,-0.08,0.
123778,5295732,9.66087,-35.065983,5.7,-1227,0.07930000000000001,36.6,0.15,26.200000000000003,106.,-0.06,0.01
123778,5295916,9.661212,-35.063197,6.,-1228,0.0791,36.6,0.15,26.200000000000003,106.4,-0.06,0.01
123778,5296234,9.662888,-35.053713,7.7,-1230,0.0785,36.6,0.15,26.200000000000003,107.9,-0.06,0.02
123778,5296939,9.665615,-35.040183,5.5,-1232,0.0809,36.6,0.15,26.200000000000003,110.10000000000001,-0.05,0.02
123778,5297203,9.667125,-35.034665,5.7,-1232,0.0845,36.6,0.15,26.200000000000003,110.10000000000001,-0.04,0.03
123778,5297511,9.669027,-35.02957,2.7,-1233,0.08420000000000001,36.6,0.15,26.200000000000003,110.,-0.04,0.03
123778,5298090,9.672473,-35.016842,5.5,-1235,0.08360000000000001,36.6,0.15,26.200000000000003,109.80000000000001,-0.03,0.04
123778,5298376,9.673945,-35.013402,4.,-1235,0.0834,36.6,0.15,26.200000000000003,109.80000000000001,-0.03,0.04
123778,5298694,9.675117,-35.010345,0.2,-1236,0.0833,36.6,0.15,26.200000000000003,109.7,-0.03,0.04
123778,5299369,9.679173,-34.999928,7.4,-1242,0.0864,36.6,0.15,26.3,109.60000000000001,-0.02,0.05
123778,5299536,9.680122,-34.997797,7.1,-1242,0.0864,36.6,0.15,26.3,109.60000000000001,-0.02,0.05
123778,5299843,9.682243,-34.992985,4.4,-1241,0.0864,36.6,0.15,26.3,109.60000000000001,-0.01,0.05
123778,5300612,9.688678,-34.981375,1.6,-1239,0.0862,36.6,0.15,26.3,109.9,0.,0.06
123778,5300982,9.693205,-34.974063,7.9,-1238,0.0858,36.6,0.15,26.3,110.30000000000001,0.,0.07
123778,5302062,9.708738,-34.950872,4.7,-1237,0.08900000000000001,36.6,0.15,26.3,112.7,0.02,0.08
123778,5302236,9.709355,-34.949658,5.3,-1237,0.0891,36.6,0.15,26.3,112.9,0.02,0.08
123778,5302582,9.714572,-34.941143,7.6,-1237,0.08940000000000001,36.6,0.15,26.3,114.,0.03,0.09
123778,5303356,9.726277,-34.921923,5.4,-1239,0.0897,36.6,0.15,26.3,116.,0.04,0.1
123778,5304346,9.735703,-34.907812,2.3,-1241,0.0911,36.6,0.15,26.3,117.10000000000001,0.05,0.11
123778,5304746,9.740318,-34.90209,3.2,-1242,0.0908,36.7,0.15,26.3,117.5,0.05,0.11
123778,5305853,9.749385,-34.889712,2.4,-1244,0.091,36.7,0.15,26.3,118.10000000000001,0.06,0.12
123778,5309250,9.8001,-34.843395,3.1,-1225,0.0879,36.7,0.14,26.3,118.7,0.08,0.16
123778,5309251,9.8001,-34.843395,3.1,-1225,0.0879,36.7,0.14,26.3,118.7,0.08,0.16
123778,5309252,9.800107,-34.843385,3.,-1225,0.0879,36.7,0.14,26.3,118.7,0.08,0.16
123778,5309272,9.800237,-34.843198,2.6,-1225,0.0879,36.7,0.14,26.3,118.7,0.08,0.16
123778,5309311,9.800428,-34.842537,3.7,-1226,0.0879,36.7,0.14,26.3,118.7,0.08,0.16
123778,5309315,9.800457,-34.842468,3.4,-1226,0.0879,36.7,0.14,26.3,118.7,0.08,0.16
123778,5309316,9.800457,-34.842468,3.4,-1226,0.0879,36.7,0.14,26.3,118.7,0.08,0.16
123778,5309319,9.800472,-34.842433,3.3,-1226,0.0879,36.7,0.14,26.3,118.7,0.08,0.16
123778,5309321,9.800487,-34.8424,3.,-1226,0.0879,36.7,0.14,26.3,118.7,0.08,0.16
123778,5309322,9.800487,-34.8424,3.,-1226,0.0879,36.7,0.14,26.3,118.7,0.08,0.16
123778,5309325,9.800497,-34.842367,2.9,-1226,0.0879,36.7,0.14,26.3,118.7,0.08,0.16
123778,5309326,9.800497,-34.842367,2.9,-1226,0.0879,36.7,0.14,26.3,118.7,0.08,0.16
123778,5309332,9.80053,-34.842297,2.7,-1226,0.0879,36.7,0.14,26.3,118.7,0.08,0.16
123778,5309371,9.800878,-34.84151,5.6,-1227,0.08800000000000001,36.7,0.14,26.3,118.7,0.08,0.16
123778,5309372,9.800878,-34.84151,5.6,-1227,0.08800000000000001,36.7,0.14,26.3,118.7,0.08,0.16
123778,5309431,9.801747,-34.83966,7.4,-1229,0.0881,36.7,0.14,26.3,118.7,0.08,0.16
123778,5309432,9.801747,-34.83966,7.4,-1229,0.0881,36.7,0.14,26.3,118.7,0.08,0.16
123778,5309452,9.802027,-34.839002,7.3,-1230,0.0881,36.7,0.14,26.3,118.80000000000001,0.08,0.16
123778,5309491,9.802568,-34.837733,7.7,-1231,0.0881,36.7,0.14,26.3,118.80000000000001,0.08,0.16
123778,5309492,9.802568,-34.837733,7.7,-1231,0.0881,36.7,0.14,26.3,118.80000000000001,0.08,0.16
123778,5309503,9.802723,-34.83733,7.6,-1232,0.0881,36.7,0.14,26.3,118.80000000000001,0.08,0.16
123778,5309504,9.802723,-34.83733,7.6,-1232,0.0881,36.7,0.14,26.3,118.80000000000001,0.08,0.16
123778,5309508,9.802778,-34.83716,7.6,-1232,0.0882,36.7,0.14,26.3,118.80000000000001,0.08,0.16
123778,5309512,9.80284,-34.837042,7.2,-1232,0.0882,36.7,0.14,26.3,118.80000000000001,0.08,0.16
123778,5309532,9.80325,-34.836963,3.7,-1232,0.0882,36.7,0.14,26.3,118.80000000000001,0.08,0.16
123778,5309533,9.80325,-34.836963,3.7,-1232,0.0882,36.7,0.14,26.3,118.80000000000001,0.08,0.16
123778,5309551,9.803265,-34.83731,2.6,-1232,0.0881,36.7,0.14,26.3,118.80000000000001,0.08,0.16
123778,5309552,9.803265,-34.83731,2.6,-1232,0.0881,36.7,0.14,26.3,118.80000000000001,0.08,0.16
123778,5309556,9.803197,-34.837377,2.7,-1232,0.0881,36.7,0.14,26.3,118.80000000000001,0.08,0.16
123778,5309557,9.803197,-34.837377,2.7,-1232,0.0881,36.7,0.14,26.3,118.80000000000001,0.08,0.16
123778,5309569,9.802992,-34.83741,2.7,-1232,0.0881,36.7,0.14,26.3,118.80000000000001,0.08,0.16
123778,5309572,9.802935,-34.837387,2.4,-1232,0.0881,36.7,0.14,26.3,118.80000000000001,0.08,0.16
123778,5309573,9.802935,-34.837387,2.4,-1232,0.0881,36.7,0.14,26.3,118.80000000000001,0.08,0.16
123778,5309585,9.802833,-34.83727,2.,-1232,0.0881,36.7,0.14,26.3,118.80000000000001,0.08,0.16
123778,5309592,9.802815,-34.837208,1.7,-1232,0.0882,36.7,0.14,26.3,118.80000000000001,0.08,0.16
123778,5309593,9.802815,-34.837208,1.7,-1232,0.0882,36.7,0.14,26.3,118.80000000000001,0.08,0.16
123778,5309594,9.80281,-34.837182,1.8,-1232,0.0882,36.7,0.14,26.3,118.80000000000001,0.08,0.16
123778,5309595,9.80281,-34.837182,1.8,-1232,0.0882,36.7,0.14,26.3,118.80000000000001,0.08,0.16
123778,5309600,9.802807,-34.83715,1.5,-1232,0.0882,36.7,0.14,26.3,118.80000000000001,0.08,0.16
123778,5309606,9.802807,-34.837098,1.5,-1232,0.0882,36.7,0.14,26.3,118.80000000000001,0.08,0.16
123778,5309607,9.802807,-34.837098,1.5,-1232,0.0882,36.7,0.14,26.3,118.80000000000001,0.08,0.16
123778,5309621,9.80285,-34.836975,2.,-1232,0.0882,36.7,0.14,26.3,118.80000000000001,0.08,0.16
123778,5309652,9.802903,-34.836548,2.8,-1232,0.0882,36.7,0.14,26.3,118.80000000000001,0.08,0.16
123778,5309653,9.802903,-34.836548,2.8,-1232,0.0882,36.7,0.14,26.3,118.80000000000001,0.08,0.16
123778,5309682,9.802982,-34.836167,3.2,-1233,0.0882,36.7,0.14,26.3,118.80000000000001,0.08,0.16
123778,5309742,9.803505,-34.834638,6.5,-1234,0.0882,36.7,0.14,26.3,118.80000000000001,0.08,0.17
123778,5309765,9.80381,-34.833903,6.7,-1235,0.0883,36.7,0.14,26.3,118.9,0.08,0.17
123778,5309766,9.80381,-34.833903,6.7,-1235,0.0883,36.7,0.14,26.3,118.9,0.08,0.17
123778,5309769,9.80383,-34.833843,6.7,-1235,0.0883,36.7,0.14,26.3,118.9,0.08,0.17
123778,5309781,9.803955,-34.833447,6.8,-1236,0.0883,36.7,0.14,26.3,118.9,0.08,0.17
123778,5309792,9.804068,-34.833115,6.7,-1141,0.085,36.7,0.14,26.3,118.9,0.08,0.17
123778,5309799,9.80412,-34.832943,6.5,-1141,0.085,36.7,0.14,26.3,118.9,0.08,0.17
123778,5309801,9.804143,-34.83286,6.4,-1141,0.085,36.7,0.14,26.3,118.9,0.08,0.17
123778,5309802,9.804143,-34.83286,6.4,-1141,0.085,36.7,0.14,26.3,118.9,0.08,0.17
123778,5309849,9.804482,-34.831683,5.9,-1142,0.085,36.7,0.14,26.3,118.9,0.08,0.17
123778,5309883,9.804862,-34.830653,6.8,-1143,0.085,36.7,0.14,26.3,118.9,0.08,0.17
123778,5319374,9.96947,-34.53897,8.3,-1243,0.0844,36.800000000000004,0.09,26.1,151.8,0.21,0.53
123778,5339374,10.096817,-34.332977,5.5,-1192,0.0785,37.,0.04,26.,138.8,0.11,0.39
123778,5339692,10.093072,-34.340213,5.6,-1196,0.0918,37.,0.04,26.,138.9,0.12,0.4
123778,5340683,10.08081,-34.363355,5.8,-1247,0.09330000000000001,37.,0.04,26.,139.1,0.13,0.43
123778,5341063,10.075858,-34.372235,5.7,-1245,0.09430000000000001,37.,0.05,26.,139.20000000000002,0.14,0.44
123778,5341773,10.067052,-34.389323,5.8,-1240,0.0892,37.,0.05,26.,139.4,0.15,0.46
123778,5342971,10.05246,-34.41915,5.8,-1248,0.0886,37.,0.06,26.,143.5,0.17,0.51
123778,5344282,10.037262,-34.450947,5.7,-1248,0.0902,37.,0.06,26.,149.9,0.19,0.56
123778,5344673,10.033123,-34.460575,5.8,-1248,0.0878,36.9,0.07,26.,151.70000000000002,0.2,0.5700000000000001
123778,5345493,10.024345,-34.47974,5.3,-1248,0.08990000000000001,36.9,0.07,26.1,155.4,0.21,0.6
123778,5346014,10.01905,-34.491243,5.2,-1248,0.0906,36.9,0.08,26.1,156.10000000000002,0.21,0.6
123778,5346893,10.010168,-34.510847,5.2,-1248,0.0862,36.9,0.08,26.1,156.8,0.21,0.59
123778,5347294,10.006237,-34.519735,5.2,-1248,0.0883,36.9,0.08,26.1,157.,0.21,0.58
123778,5348174,9.997535,-34.53925,5.3,-1241,0.0784,36.9,0.09,26.1,156.8,0.21,0.5700000000000001
123778,5349342,9.986423,-34.564997,5.2,-1243,0.0777,36.800000000000004,0.1,26.1,153.1,0.2,0.55
123778,5350603,9.973977,-34.592405,5.,-1236,0.0785,36.800000000000004,0.1,26.1,144.6,0.19,0.52
123778,5350973,9.971045,-34.599447,4.2,-1237,0.07740000000000001,36.800000000000004,0.1,26.1,142.70000000000002,0.18,0.51
123778,5351814,9.964737,-34.61502,4.3,-1239,0.0746,36.800000000000004,0.11,26.1,138.9,0.17,0.49
123778,5353291,9.953428,-34.642502,4.5,-1242,0.058100000000000006,36.800000000000004,0.11,26.,133.4,0.14,0.46
123778,5353362,9.95279,-34.643892,4.6,-1242,0.058100000000000006,36.800000000000004,0.11,26.,133.1,0.14,0.46
123778,5353433,9.952145,-34.645285,4.7,-1242,0.058100000000000006,36.800000000000004,0.11,26.,132.8,0.14,0.45
123778,5353482,9.951688,-34.646253,4.6,-1242,0.058100000000000006,36.800000000000004,0.11,26.,132.6,0.14,0.45
123778,5353553,9.951062,-34.647668,4.6,-1242,0.058100000000000006,36.800000000000004,0.11,26.,132.3,0.14,0.45
123778,5353583,9.950782,-34.648238,4.6,-1242,0.058100000000000006,36.800000000000004,0.11,26.,132.20000000000002,0.14,0.45
123778,5353591,9.9507,-34.648415,4.7,-1242,0.058100000000000006,36.800000000000004,0.11,26.,132.20000000000002,0.14,0.45
123778,5353592,9.9507,-34.648415,4.7,-1242,0.058100000000000006,36.800000000000004,0.11,26.,132.20000000000002,0.14,0.45
123778,5353602,9.950603,-34.648635,4.7,-1242,0.058100000000000006,36.800000000000004,0.11,26.,132.1,0.14,0.45
123778,5353623,9.950417,-34.649053,4.7,-1242,0.058100000000000006,36.800000000000004,0.11,26.,132.,0.14,0.45
123778,5353643,9.950245,-34.64943,4.7,-1242,0.058100000000000006,36.800000000000004,0.11,26.,132.,0.14,0.45
123778,5353662,9.950057,-34.649822,4.6,-1242,0.058100000000000006,36.800000000000004,0.11,26.,131.9,0.14,0.45
123778,5353692,9.949773,-34.650425,4.6,-1243,0.058100000000000006,36.800000000000004,0.11,26.,131.8,0.14,0.45
123778,5353693,9.949773,-34.650425,4.6,-1243,0.058100000000000006,36.800000000000004,0.11,26.,131.8,0.14,0.45
123778,5353702,9.94969,-34.650598,4.6,-1243,0.058100000000000006,36.800000000000004,0.11,26.,131.70000000000002,0.14,0.45
123778,5353703,9.94969,-34.650598,4.6,-1243,0.058100000000000006,36.800000000000004,0.11,26.,131.70000000000002,0.14,0.45
123778,5353713,9.94959,-34.65079,4.6,-1243,0.058100000000000006,36.800000000000004,0.11,26.,131.70000000000002,0.14,0.45
123778,5353722,9.949495,-34.650985,4.6,-1243,0.058100000000000006,36.800000000000004,0.11,26.,131.70000000000002,0.14,0.45
123778,5353763,9.949132,-34.65178,4.7,-1243,0.058,36.800000000000004,0.11,26.,131.5,0.14,0.44
123778,5359191,9.898182,-34.753087,4.6,-1133,0.0678,36.800000000000004,0.13,26.1,118.60000000000001,0.08,0.31
123778,5359192,9.898182,-34.753087,4.6,-1133,0.0678,36.800000000000004,0.13,26.1,118.60000000000001,0.08,0.31
123778,5359239,9.897752,-34.754035,4.5,-1134,0.067,36.800000000000004,0.13,26.1,118.5,0.08,0.31
123778,5359270,9.89743,-34.754575,4.4,-1135,0.0665,36.800000000000004,0.13,26.1,118.5,0.08,0.31
123778,5359272,9.89743,-34.754575,4.4,-1135,0.0665,36.800000000000004,0.13,26.1,118.5,0.08,0.31
123778,5359320,9.89698,-34.755447,4.2,-1136,0.0658,36.800000000000004,0.13,26.1,118.5,0.08,0.31
123778,5359321,9.89698,-34.755447,4.2,-1136,0.0658,36.800000000000004,0.13,26.1,118.5,0.08,0.31
123778,5359331,9.896892,-34.755645,4.3,-1136,0.0656,36.800000000000004,0.13,26.1,118.4,0.08,0.31
123778,5359342,9.896805,-34.755827,4.3,-1136,0.0654,36.800000000000004,0.13,26.1,118.4,0.08,0.31
123778,5359361,9.896627,-34.756158,4.2,-1137,0.0651,36.800000000000004,0.13,26.1,118.4,0.08,0.31
123778,5359450,9.89575,-34.757757,4.4,-1139,0.06380000000000001,36.800000000000004,0.13,26.1,118.30000000000001,0.08,0.31
123778,5361364,9.87473,-34.791057,4.,-1181,0.07050000000000001,36.800000000000004,0.13,26.1,117.5,0.08,0.26
123778,5367038,9.894163,-34.73509,8.,-1237,0.0596,36.800000000000004,0.13,26.1,119.10000000000001,0.09,0.33
123778,5376632,9.987567,-34.554467,8.2,-1242,0.0637,36.9,0.09,26.1,153.70000000000002,0.23,0.58
123778,5377644,9.993128,-34.53268,8.3,-1241,0.061200000000000004,36.9,0.08,26.1,155.,0.23,0.6
123778,5378922,9.998237,-34.502567,8.1,-1238,0.07100000000000001,36.9,0.08,26.,155.3,0.24,0.62
123778,5379983,10.00321,-34.473732,8.5,-1248,0.0663,37.,0.07,26.,153.5,0.24,0.63
123778,5380253,10.0042,-34.46907,2.1,-1248,0.0669,37.,0.07,26.,152.6,0.23,0.62
123778,5381333,10.007875,-34.448412,6.9,-1248,0.06330000000000001,37.,0.06,26.,148.4,0.22,0.59
123778,5381623,10.009472,-34.443022,2.2,-1248,0.06420000000000001,37.,0.06,26.,147.3,0.22,0.59
123778,5381913,10.011308,-34.435963,1.5,-1248,0.0655,37.,0.06,26.,145.9,0.22,0.58
123778,5382460,10.013668,-34.425762,7.2,-1248,0.0673,37.,0.06,26.,143.8,0.21,0.56
123778,5382654,10.014638,-34.422172,7.9,-1248,0.0679,37.,0.06,26.,143.1,0.21,0.56
123778,5382957,10.016663,-34.4151,8.2,-1201,0.06520000000000001,37.,0.05,26.,141.6,0.2,0.55
123778,5383690,10.020378,-34.402307,3.6,-1210,0.0655,37.,0.05,26.,138.9,0.19,0.53
123778,5383880,10.021398,-34.396563,7.9,-1214,0.0659,37.,0.05,26.,138.3,0.19,0.52
123778,5384123,10.022223,-34.39329,5.9,-1216,0.0661,37.,0.05,26.,138.20000000000002,0.19,0.52
123778,5384431,10.022703,-34.390162,3.3,-1218,0.0663,37.,0.05,26.,138.20000000000002,0.19,0.52
123778,5385123,10.023655,-34.382487,0.9,-1222,0.0669,37.,0.05,26.,138.,0.18,0.51
123778,5385423,10.02431,-34.382093,0.6,-1223,0.067,37.,0.05,26.,137.9,0.18,0.51
123778,5385654,10.024812,-34.38102,0.9,-1223,0.0671,37.,0.05,26.,137.9,0.18,0.5
123778,5386194,10.026772,-34.373203,5.8,-1228,0.0666,37.,0.04,26.,137.70000000000002,0.17,0.49
123778,5386486,10.027763,-34.369982,5.1,-1230,0.0665,37.,0.04,26.,137.6,0.17,0.49
123778,5387396,10.034197,-34.35017,5.5,-1240,0.066,37.,0.04,25.900000000000002,137.1,0.16,0.46
123778,5388903,10.044705,-34.315942,2.5,-1183,0.0731,37.,0.03,25.900000000000002,136.4,0.13,0.42
123778,5390047,10.05177,-34.293973,2.5,-1207,0.06420000000000001,37.,0.03,25.900000000000002,136.1,0.13,0.41000000000000003
123778,5391561,10.059865,-34.261385,1.7,-1237,0.0654,37.,0.02,25.900000000000002,135.70000000000002,0.11,0.4
123778,5391939,10.063515,-34.250195,7.9,-1247,0.0608,37.,0.02,25.900000000000002,135.6,0.11,0.39
123778,5391940,10.063515,-34.250195,7.9,-1247,0.0608,37.,0.02,25.900000000000002,135.6,0.11,0.39
123778,5391980,10.063972,-34.24901,6.4,-1158,0.0692,37.,0.02,25.900000000000002,135.6,0.11,0.39
123778,5391986,10.064093,-34.248845,6.3,-1158,0.0692,37.,0.02,25.900000000000002,135.6,0.11,0.39
123778,5391987,10.064093,-34.248845,6.3,-1158,0.0692,37.,0.02,25.900000000000002,135.6,0.11,0.39
123778,5392046,10.064993,-34.248027,2.3,-1158,0.0692,37.,0.02,25.900000000000002,135.6,0.11,0.39
123778,5392047,10.064993,-34.248027,2.3,-1158,0.0692,37.,0.02,25.900000000000002,135.6,0.11,0.39
123778,5392097,10.064638,-34.247983,1.9,-1158,0.06910000000000001,37.,0.02,25.900000000000002,135.6,0.11,0.39
123778,5392098,10.064638,-34.247983,1.9,-1158,0.06910000000000001,37.,0.02,25.900000000000002,135.6,0.11,0.39
123778,5392117,10.064693,-34.247623,4.,-1159,0.069,37.,0.02,25.900000000000002,135.6,0.11,0.39
123778,5392127,10.064778,-34.247367,5.,-1159,0.0689,37.,0.02,25.900000000000002,135.6,0.11,0.39
123778,5392159,10.065198,-34.246367,7.2,-1160,0.0687,37.,0.02,25.900000000000002,135.6,0.11,0.39
123778,5392160,10.065198,-34.246367,7.2,-1160,0.0687,37.,0.02,25.900000000000002,135.6,0.11,0.39
123778,5392170,10.065323,-34.24601,7.1,-1160,0.0687,37.,0.02,25.900000000000002,135.6,0.11,0.39
123778,5392171,10.065323,-34.24601,7.1,-1160,0.0687,37.,0.02,25.900000000000002,135.6,0.11,0.39
123778,5392177,10.06541,-34.245807,6.8,-1160,0.06860000000000001,37.,0.02,25.900000000000002,135.6,0.11,0.39
123778,5392178,10.06541,-34.245807,6.8,-1160,0.06860000000000001,37.,0.02,25.900000000000002,135.6,0.11,0.39
123778,5392198,10.065727,-34.245325,6.3,-1160,0.06860000000000001,37.,0.02,25.900000000000002,135.6,0.11,0.39
123778,5392204,10.065827,-34.245145,6.3,-1160,0.0685,37.,0.02,25.900000000000002,135.6,0.11,0.39
123778,5392239,10.066282,-34.2441,7.1,-1161,0.0683,37.,0.02,25.900000000000002,135.6,0.11,0.39
123778,5392240,10.066282,-34.2441,7.1,-1161,0.0683,37.,0.02,25.900000000000002,135.6,0.11,0.39
123778,5397740,10.120583,-34.16829,8.4,-1177,0.0603,37.,0.01,26.,134.,0.05,0.31
123778,5397784,10.121155,-34.166655,7.9,-1212,0.0562,37.,0.01,26.,133.9,0.05,0.31
123778,5397785,10.121155,-34.166655,7.9,-1212,0.0562,37.,0.01,26.,133.9,0.05,0.31
123778,5397830,10.121725,-34.165678,4.1,-1212,0.0562,37.,0.01,26.,133.9,0.05,0.31
123778,5397837,10.12185,-34.165745,3.1,-1212,0.0562,37.,0.01,26.,133.9,0.05,0.31
123778,5397846,10.1219,-34.16587,2.2,-1212,0.0562,37.,0.01,26.,133.9,0.05,0.31
123778,5397847,10.1219,-34.16587,2.2,-1212,0.0562,37.,0.01,26.,133.9,0.05,0.31
123778,5397864,10.12177,-34.16602,1.6,-1212,0.0562,37.,0.01,26.,133.9,0.05,0.31
123778,5397865,10.12177,-34.16602,1.6,-1212,0.0562,37.,0.01,26.,133.9,0.05,0.31
123778,5397866,10.121747,-34.166023,1.5,-1212,0.0562,37.,0.01,26.,133.9,0.05,0.31
123778,5397867,10.121747,-34.166023,1.5,-1212,0.0562,37.,0.01,26.,133.9,0.05,0.31
123778,5397874,10.121678,-34.166008,1.5,-1212,0.0562,37.,0.01,26.,133.9,0.05,0.31
123778,5397927,10.121625,-34.164845,6.4,-1212,0.056100000000000004,37.,0.01,26.,133.9,0.05,0.31
123778,5397930,10.121658,-34.164747,6.7,-1212,0.056100000000000004,37.,0.01,26.,133.9,0.05,0.31
123778,5397931,10.121658,-34.164747,6.7,-1212,0.056100000000000004,37.,0.01,26.,133.9,0.05,0.31
123778,5397937,10.12172,-34.164543,7.2,-1212,0.056100000000000004,37.,0.01,26.,133.9,0.05,0.31
123778,5397938,10.12172,-34.164543,7.2,-1212,0.056100000000000004,37.,0.01,26.,133.9,0.05,0.31
123778,5397949,10.12187,-34.164102,7.7,-1212,0.056100000000000004,37.,0.01,26.,133.9,0.05,0.31
123778,5397950,10.12187,-34.164102,7.7,-1212,0.056100000000000004,37.,0.01,26.,133.9,0.05,0.31
123778,5397967,10.122072,-34.16347,7.8,-1212,0.056100000000000004,37.,0.01,26.,133.9,0.05,0.31
123778,5397968,10.122072,-34.16347,7.8,-1212,0.056100000000000004,37.,0.01,26.,133.9,0.05,0.31
123778,5397983,10.122375,-34.163178,5.6,-1212,0.056100000000000004,37.,0.01,26.,133.9,0.05,0.31
123778,5397984,10.122375,-34.163178,5.6,-1212,0.056100000000000004,37.,0.01,26.,133.9,0.05,0.31
123778,5398009,10.12261,-34.16341,1.5,-1212,0.056100000000000004,37.,0.01,26.,133.9,0.05,0.31
123778,5398027,10.122453,-34.163472,1.3,-1212,0.056100000000000004,37.,0.01,26.,133.9,0.05,0.31
123778,5398034,10.122395,-34.163452,1.4,-1212,0.056100000000000004,37.,0.01,26.,133.9,0.05,0.31
123778,5398041,10.122345,-34.163418,1.4,-1212,0.056100000000000004,37.,0.01,26.,133.9,0.05,0.31
123778,5398047,10.122305,-34.163375,1.5,-1212,0.056100000000000004,37.,0.01,26.,133.9,0.05,0.31
123778,5398058,10.122265,-34.163303,1.5,-1212,0.056100000000000004,37.,0.01,26.,133.9,0.05,0.31
123778,5398063,10.12225,-34.16326,1.9,-1212,0.056100000000000004,37.,0.01,26.,133.9,0.05,0.31
123778,5398100,10.122312,-34.162445,5.6,-1212,0.056100000000000004,37.,0.01,26.,133.9,0.04,0.31
123778,5398161,10.122933,-34.160412,8.,-1212,0.056,37.,0.01,26.,133.8,0.04,0.31
123778,5398187,10.123308,-34.159547,6.7,-1212,0.056,37.,0.01,26.,133.8,0.04,0.31
123778,5398194,10.123462,-34.15949,5.3,-1212,0.056,37.,0.01,26.,133.8,0.04,0.31
123778,5398201,10.123582,-34.159515,3.9,-1211,0.056,37.,0.01,26.,133.8,0.04,0.31
123778,5398227,10.123553,-34.159767,1.1,-1211,0.056,37.,0.01,26.,133.8,0.04,0.31
123778,5398228,10.123553,-34.159767,1.1,-1211,0.056,37.,0.01,26.,133.8,0.04,0.31
123778,5398257,10.123315,-34.15963,2.2,-1212,0.056,37.,0.01,26.,133.8,0.04,0.31
123778,5398258,10.123315,-34.15963,2.2,-1212,0.056,37.,0.01,26.,133.8,0.04,0.31
123778,5398262,10.123273,-34.159548,2.6,-1212,0.056,37.,0.01,26.,133.8,0.04,0.31
123778,5398263,10.123273,-34.159548,2.6,-1212,0.056,37.,0.01,26.,133.8,0.04,0.31
123778,5398286,10.123315,-34.158998,5.2,-1212,0.056,37.,0.01,26.,133.8,0.04,0.31
123778,5398287,10.123315,-34.158998,5.2,-1212,0.056,37.,0.01,26.,133.8,0.04,0.31
123778,5398305,10.123463,-34.158445,6.7,-1212,0.056,37.,0.01,26.,133.8,0.04,0.31
123778,5402910,10.152628,-34.069188,4.,-1260,0.056100000000000004,37.,-0.01,25.900000000000002,130.,-0.02,0.23
123778,5408294,10.283825,-33.916652,7.8,-1397,0.057600000000000005,37.,-0.02,25.900000000000002,116.9,-0.07,0.07
123778,5422713,10.40507,-33.391247,7.9,-1337,0.0575,36.7,0.01,26.1,112.80000000000001,-0.13,-0.35000000000000003
123778,5423844,10.410373,-33.347085,8.2,-1382,0.0558,36.7,0.01,26.,103.2,-0.13,-0.33
123778,5424162,10.411892,-33.334708,8.1,-1394,0.055,36.7,0.02,26.,102.9,-0.13,-0.32
123778,5425074,10.416118,-33.299498,8.4,-1315,0.053200000000000004,36.7,0.02,26.,102.10000000000001,-0.13,-0.31
123778,5425234,10.41698,-33.29339,8.3,-1277,0.0543,36.7,0.02,26.,101.9,-0.12,-0.3
123778,5426124,10.408973,-33.286313,6.3,-1337,0.0541,36.7,0.02,26.,102.,-0.13,-0.3
123778,5428654,10.379392,-33.357023,6.9,-1366,0.054700000000000006,36.7,0.01,26.,102.60000000000001,-0.14,-0.34
123778,5429023,10.3749,-33.367165,6.1,-1352,0.0558,36.7,0.01,26.,104.4,-0.14,-0.34
123778,5429914,10.364688,-33.390702,6.2,-1318,0.0587,36.7,0.01,26.1,111.10000000000001,-0.14,-0.35000000000000003
123778,5430361,10.359612,-33.402825,6.4,-1298,0.057600000000000005,36.7,0.01,26.1,114.7,-0.13,-0.36
123778,5431071,10.351803,-33.422347,6.4,-1390,0.059500000000000004,36.7,0.01,26.1,120.7,-0.13,-0.37
123778,5431583,10.346515,-33.436652,6.4,-1375,0.0587,36.7,0.01,26.1,125.2,-0.13,-0.37
123778,5432374,10.33894,-33.458752,6.4,-1355,0.0589,36.7,0.,26.1,125.60000000000001,-0.13,-0.37
123778,5432633,10.336457,-33.46606,6.3,-1349,0.058800000000000005,36.800000000000004,0.,26.1,125.30000000000001,-0.13,-0.37
123778,5433764,10.32573,-33.497905,6.1,-1396,0.056600000000000004,36.800000000000004,0.,26.1,124.5,-0.13,-0.38
123778,5434164,10.321672,-33.509192,6.3,-1396,0.0529,36.800000000000004,0.,26.1,124.30000000000001,-0.13,-0.38
123778,5434947,10.312998,-33.531432,6.4,-1396,0.055200000000000006,36.800000000000004,-0.01,26.1,121.5,-0.13,-0.37
123778,5435372,10.308422,-33.543063,6.3,-1396,0.052000000000000005,36.800000000000004,-0.01,26.1,118.9,-0.12,-0.36
123778,5436024,10.301662,-33.56145,6.5,-1396,0.0543,36.800000000000004,-0.01,26.1,114.80000000000001,-0.12,-0.35000000000000003
123778,5436025,10.301662,-33.56145,6.5,-1396,0.0543,36.800000000000004,-0.01,26.1,114.80000000000001,-0.12,-0.35000000000000003
123778,5436036,10.301558,-33.561803,6.6,-1396,0.0543,36.800000000000004,-0.01,26.1,114.7,-0.12,-0.35000000000000003
123778,5436037,10.301558,-33.561803,6.6,-1396,0.0543,36.800000000000004,-0.01,26.1,114.7,-0.12,-0.35000000000000003
123778,5436090,10.301055,-33.563353,6.4,-1396,0.054400000000000004,36.800000000000004,-0.01,26.1,114.30000000000001,-0.12,-0.35000000000000003
123778,5436091,10.301055,-33.563353,6.4,-1396,0.054400000000000004,36.800000000000004,-0.01,26.1,114.30000000000001,-0.12,-0.35000000000000003
123778,5436271,10.299252,-33.568443,6.5,-1396,0.054900000000000004,36.800000000000004,-0.01,26.1,113.2,-0.12,-0.35000000000000003
123778,5436272,10.299252,-33.568443,6.5,-1396,0.054900000000000004,36.800000000000004,-0.01,26.1,113.2,-0.12,-0.35000000000000003
123778,5436432,10.297707,-33.573028,6.5,-1396,0.0553,36.800000000000004,-0.01,26.1,112.2,-0.12,-0.34
123778,5436602,10.296077,-33.577927,6.4,-1396,0.0557,36.800000000000004,-0.01,26.1,111.10000000000001,-0.12,-0.34
123778,5437634,10.286235,-33.607302,6.3,-1393,0.0594,36.800000000000004,-0.02,26.,106.5,-0.12,-0.32
123778,5438782,10.275358,-33.63782,5.8,-1394,0.060700000000000004,36.9,-0.02,26.,106.7,-0.11,-0.28
123778,5438993,10.273292,-33.643357,6.,-1394,0.060700000000000004,36.9,-0.02,26.,106.60000000000001,-0.11,-0.27
123778,5441652,10.247722,-33.719275,6.9,-1394,0.0611,37.,-0.03,25.900000000000002,105.60000000000001,-0.09,-0.15
123778,5441702,10.247133,-33.720785,7.,-1394,0.0609,37.,-0.03,25.900000000000002,105.7,-0.09,-0.15
123778,5441711,10.247027,-33.72109,6.9,-1394,0.0609,37.,-0.03,25.900000000000002,105.7,-0.09,-0.15
123778,5441712,10.247027,-33.72109,6.9,-1394,0.0609,37.,-0.03,25.900000000000002,105.7,-0.09,-0.15
123778,5441721,10.246915,-33.721392,6.9,-1394,0.0609,37.,-0.03,25.900000000000002,105.7,-0.09,-0.15
123778,5441762,10.246442,-33.72259,6.9,-1394,0.0608,37.,-0.03,25.900000000000002,105.7,-0.09,-0.15
123778,5441790,10.246095,-33.723475,7.,-1394,0.060700000000000004,37.,-0.03,25.900000000000002,105.7,-0.09,-0.15
123778,5441791,10.246095,-33.723475,7.,-1394,0.060700000000000004,37.,-0.03,25.900000000000002,105.7,-0.09,-0.15
123778,5441812,10.245853,-33.724118,7.1,-1393,0.0606,37.,-0.03,25.900000000000002,105.80000000000001,-0.09,-0.15
123778,5441831,10.245618,-33.724725,7.,-1393,0.0606,37.,-0.03,25.900000000000002,105.80000000000001,-0.09,-0.14
123778,5441832,10.245618,-33.724725,7.,-1393,0.0606,37.,-0.03,25.900000000000002,105.80000000000001,-0.09,-0.14
123778,5441850,10.245393,-33.725292,6.9,-1393,0.060500000000000005,37.,-0.03,25.900000000000002,105.80000000000001,-0.09,-0.14
123778,5441851,10.245393,-33.725292,6.9,-1393,0.060500000000000005,37.,-0.03,25.900000000000002,105.80000000000001,-0.09,-0.14
123778,5441963,10.244092,-33.728635,6.8,-1393,0.0603,37.,-0.03,25.900000000000002,105.9,-0.09,-0.14
123778,5441980,10.243857,-33.729207,7.,-1393,0.060200000000000004,37.,-0.03,25.900000000000002,105.9,-0.09,-0.14
123778,5442022,10.243372,-33.730467,6.9,-1393,0.0601,37.,-0.03,25.900000000000002,106.,-0.09,-0.13
123778,5442023,10.243372,-33.730467,6.9,-1393,0.0601,37.,-0.03,25.900000000000002,106.,-0.09,-0.13
123778,5442040,10.243165,-33.731058,7.1,-1393,0.0601,37.,-0.03,25.900000000000002,106.,-0.09,-0.13
123778,5442041,10.243165,-33.731058,7.1,-1393,0.0601,37.,-0.03,25.900000000000002,106.,-0.09,-0.13
123778,5442052,10.243027,-33.731398,7.1,-1393,0.060000000000000005,37.,-0.03,25.900000000000002,106.,-0.09,-0.13
123778,5442053,10.243027,-33.731398,7.1,-1393,0.060000000000000005,37.,-0.03,25.900000000000002,106.,-0.09,-0.13
123778,5442061,10.242917,-33.731677,7.1,-1393,0.060000000000000005,37.,-0.03,25.900000000000002,106.,-0.09,-0.13
123778,5442083,10.242668,-33.732322,7.1,-1393,0.060000000000000005,37.,-0.03,25.900000000000002,106.,-0.09,-0.13
123778,5442090,10.242542,-33.73259,7.,-1393,0.0599,37.,-0.03,25.900000000000002,106.,-0.09,-0.13
123778,5442091,10.242542,-33.73259,7.,-1393,0.0599,37.,-0.03,25.900000000000002,106.,-0.09,-0.13
123778,5442143,10.241897,-33.734157,7.2,-1393,0.059800000000000006,37.,-0.03,25.900000000000002,106.10000000000001,-0.09,-0.13
123778,5444924,10.212613,-33.819058,7.3,-1391,0.058600000000000006,37.,-0.03,25.900000000000002,112.60000000000001,-0.07,-0.01
123778,5450374,10.185857,-33.952642,2.1,-1340,0.056,37.,-0.02,25.900000000000002,119.80000000000001,-0.07,0.09
123778,5462174,10.277838,-33.688862,7.7,-1390,0.0597,36.9,-0.03,25.900000000000002,106.9,-0.11,-0.2
123778,5463434,10.277407,-33.664422,2.1,-1393,0.060700000000000004,36.9,-0.02,26.,106.9,-0.11,-0.24
123778,5464305,10.277382,-33.644767,6.,-1393,0.060700000000000004,36.9,-0.02,26.,106.7,-0.11,-0.26
123778,5465527,10.280463,-33.618817,4.3,-1393,0.0579,36.9,-0.02,26.,106.4,-0.12,-0.29
123778,5466725,10.285388,-33.588203,7.5,-1393,0.0592,36.800000000000004,-0.01,26.1,108.60000000000001,-0.12,-0.32
123778,5466921,10.28561,-33.58505,7.7,-1393,0.059300000000000005,36.800000000000004,-0.01,26.1,109.30000000000001,-0.12,-0.32
123778,5467242,10.286893,-33.57923,2.1,-1396,0.0509,36.800000000000004,-0.01,26.1,110.5,-0.12,-0.33
123778,5468354,10.289198,-33.547557,7.9,-1396,0.049800000000000004,36.800000000000004,-0.01,26.1,117.5,-0.13,-0.35000000000000003
123778,5468607,10.289855,-33.541335,3.7,-1396,0.051800000000000006,36.800000000000004,-0.01,26.1,118.9,-0.13,-0.35000000000000003
123778,5469256,10.292487,-33.529352,4.1,-1396,0.0551,36.800000000000004,-0.01,26.1,121.5,-0.13,-0.36
123778,5469653,10.295355,-33.522225,2.1,-1396,0.0545,36.800000000000004,0.,26.1,123.,-0.13,-0.36
123778,5470051,10.297327,-33.514318,2.1,-1396,0.0538,36.800000000000004,0.,26.1,123.60000000000001,-0.13,-0.36
123778,5470472,10.296653,-33.506698,7.4,-1395,0.0531,36.800000000000004,0.,26.1,123.7,-0.13,-0.36
123778,5470959,10.294457,-33.495327,5.4,-1396,0.058800000000000005,36.800000000000004,0.,26.1,123.9,-0.13,-0.36
123778,5471753,10.291693,-33.482513,1.3,-1396,0.0582,36.800000000000004,0.,26.1,124.10000000000001,-0.14,-0.36
123778,5472382,10.2892,-33.466157,6.8,-1395,0.055400000000000005,36.7,0.,26.1,124.4,-0.14,-0.36
123778,5473230,10.29395,-33.444012,6.8,-1395,0.0594,36.7,0.01,26.1,124.80000000000001,-0.14,-0.36
123778,5473483,10.294717,-33.439968,5.5,-1395,0.0592,36.7,0.01,26.1,124.80000000000001,-0.14,-0.36
123778,5474407,10.299272,-33.422322,5.6,-1395,0.0582,36.7,0.01,26.1,119.10000000000001,-0.14,-0.36
123778,5475724,10.303148,-33.4026,1.4,-1395,0.058800000000000005,36.7,0.01,26.1,112.7,-0.14,-0.35000000000000003
123778,5480205,10.311845,-33.295627,8.6,-1393,0.0584,36.7,0.02,26.,103.4,-0.14,-0.3
123778,5480280,10.312792,-33.292848,8.1,-1393,0.058600000000000006,36.7,0.02,26.,103.60000000000001,-0.14,-0.3
123778,5480322,10.313278,-33.292768,1.4,-1393,0.058600000000000006,36.7,0.02,26.,103.60000000000001,-0.14,-0.3
123778,5480330,10.313175,-33.29281,1.9,-1393,0.058600000000000006,36.7,0.02,26.,103.60000000000001,-0.14,-0.3
123778,5480342,10.312963,-33.292752,2.9,-1393,0.058600000000000006,36.7,0.02,26.,103.60000000000001,-0.14,-0.3
123778,5480356,10.312827,-33.29255,2.8,-1393,0.058600000000000006,36.7,0.02,26.,103.60000000000001,-0.14,-0.3
123778,5480378,10.312803,-33.292232,2.7,-1393,0.058600000000000006,36.7,0.02,26.,103.60000000000001,-0.14,-0.3
123778,5480385,10.312818,-33.292142,2.8,-1393,0.058600000000000006,36.7,0.02,26.,103.60000000000001,-0.14,-0.3
123778,5480412,10.31292,-33.291645,4.1,-1393,0.0558,36.7,0.03,26.,103.60000000000001,-0.14,-0.3
123778,5480413,10.31292,-33.291645,4.1,-1393,0.0558,36.7,0.03,26.,103.60000000000001,-0.14,-0.3
123778,5480449,10.313152,-33.290918,4.8,-1393,0.0558,36.7,0.03,26.,103.7,-0.14,-0.3
123778,5480472,10.313397,-33.29029,6.3,-1393,0.055900000000000005,36.7,0.03,26.,103.7,-0.14,-0.3
123778,5480489,10.313662,-33.289767,7.2,-1393,0.055900000000000005,36.7,0.03,26.,103.80000000000001,-0.14,-0.3
123778,5480496,10.313757,-33.289525,7.5,-1393,0.055900000000000005,36.7,0.03,26.,103.80000000000001,-0.14,-0.3
123778,5480502,10.31385,-33.289327,7.6,-1393,0.056,36.7,0.03,26.,103.80000000000001,-0.14,-0.3
123778,5480546,10.314792,-33.28798,8.,-1393,0.056100000000000004,36.7,0.03,26.,103.9,-0.14,-0.29
123778,5480561,10.315055,-33.287435,8.,-1393,0.056100000000000004,36.7,0.03,26.,103.9,-0.14,-0.29
123778,5480562,10.315055,-33.287435,8.,-1393,0.056100000000000004,36.7,0.03,26.,103.9,-0.14,-0.29
123778,5480572,10.315268,-33.287083,8.,-1393,0.056100000000000004,36.7,0.03,26.,103.9,-0.14,-0.29
123778,5480578,10.315377,-33.286887,7.9,-1393,0.056100000000000004,36.7,0.03,26.,104.,-0.14,-0.29
123778,5480579,10.315377,-33.286887,7.9,-1393,0.056100000000000004,36.7,0.03,26.,104.,-0.14,-0.29
123778,5480613,10.316027,-33.285742,8.4,-1393,0.0562,36.7,0.03,26.,104.,-0.14,-0.29
123778,5480674,10.317482,-33.283777,8.3,-1393,0.056400000000000006,36.7,0.03,26.,104.2,-0.14,-0.29
123778,5480675,10.317482,-33.283777,8.3,-1393,0.056400000000000006,36.7,0.03,26.,104.2,-0.14,-0.29
123778,5480715,10.318317,-33.28245,8.1,-1393,0.0565,36.7,0.03,26.,104.30000000000001,-0.14,-0.29
123778,5480716,10.318317,-33.28245,8.1,-1393,0.0565,36.7,0.03,26.,104.30000000000001,-0.14,-0.29
123778,5480850,10.321465,-33.278213,8.6,-1393,0.0568,36.7,0.03,26.,104.4,-0.14,-0.29
123778,5486129,10.370498,-33.191158,8.9,-1355,0.0572,36.7,0.03,26.,105.60000000000001,-0.13,-0.24
123778,5486130,10.370498,-33.191158,8.9,-1355,0.0572,36.7,0.03,26.,105.60000000000001,-0.13,-0.24
123778,5486189,10.372157,-33.189315,8.8,-1358,0.057300000000000004,36.7,0.03,26.,105.5,-0.13,-0.23
123778,5486190,10.372157,-33.189315,8.8,-1358,0.057300000000000004,36.7,0.03,26.,105.5,-0.13,-0.23
123778,5486250,10.373808,-33.187448,8.8,-1361,0.0574,36.7,0.03,26.,105.5,-0.13,-0.23
123778,5486350,10.37636,-33.184417,8.4,-1366,0.0563,36.7,0.03,26.,105.5,-0.13,-0.23
123778,5486369,10.376857,-33.183807,8.4,-1367,0.056400000000000006,36.7,0.03,26.,105.4,-0.13,-0.23
123778,5486370,10.376857,-33.183807,8.4,-1367,0.056400000000000006,36.7,0.03,26.,105.4,-0.13,-0.23
123778,5486440,10.378558,-33.181695,8.3,-1371,0.0565,36.7,0.03,26.,105.4,-0.13,-0.23
123778,5491574,10.501827,-33.029358,8.3,-1405,0.0575,36.7,0.03,25.900000000000002,105.4,-0.13,-0.18
123778,5508183,10.911708,-32.524332,8.9,-1467,0.0521,36.7,0.04,25.8,113.7,-0.09,-0.11
123778,5508463,10.91898,-32.51519,9.,-1442,0.0519,36.7,0.04,25.700000000000003,116.2,-0.09,-0.11
123778,5509453,10.944815,-32.483462,8.6,-1432,0.052000000000000005,36.6,0.04,25.700000000000003,131.5,-0.09,-0.12
123778,5509564,10.947672,-32.479852,8.8,-1433,0.052000000000000005,36.6,0.04,25.700000000000003,133.8,-0.09,-0.12
123778,5510563,10.974068,-32.447093,9.,-1441,0.0516,36.6,0.04,25.700000000000003,125.7,-0.09,-0.12
123778,5511783,11.006772,-32.407052,9.2,-1417,-99999,36.6,0.04,25.700000000000003,106.9,-0.09,-0.12
123778,5512252,11.019138,-32.391525,9.,-1420,-99999,36.6,0.04,25.700000000000003,103.30000000000001,-0.09,-0.12
123778,5513016,11.03959,-32.36624,9.1,-1424,0.0521,36.6,0.04,25.700000000000003,103.7,-0.09,-0.11
123778,5513372,11.049298,-32.354167,9.5,-1426,0.048400000000000006,36.6,0.04,25.700000000000003,104.2,-0.09,-0.11
123778,5514413,11.078362,-32.318537,9.5,-1418,0.0475,36.6,0.05,25.700000000000003,106.4,-0.09,-0.11
123778,5514497,11.080702,-32.315737,9.,-1419,0.047900000000000005,36.6,0.05,25.700000000000003,106.4,-0.09,-0.11
123778,5514500,11.080805,-32.315608,9.1,-1419,0.047900000000000005,36.6,0.05,25.700000000000003,106.4,-0.09,-0.11
123778,5515543,11.108513,-32.281195,9.2,-1409,0.0466,36.7,0.05,25.700000000000003,106.5,-0.09,-0.1
123778,5515823,11.115878,-32.272017,9.,-1410,0.0468,36.7,0.05,25.700000000000003,106.5,-0.09,-0.1
123778,5516844,11.143178,-32.238597,9.,-1404,0.0472,36.7,0.05,25.700000000000003,106.80000000000001,-0.08,-0.1
123778,5517234,11.153485,-32.225693,9.3,-1406,0.046900000000000004,36.7,0.05,25.700000000000003,113.4,-0.08,-0.1
123778,5518032,11.174998,-32.199102,9.2,-1399,0.0476,36.7,0.05,25.8,126.2,-0.08,-0.11
123778,5519373,11.210793,-32.154892,9.1,-1397,0.0475,36.7,0.06,25.8,139.,-0.07,-0.12
123778,5519682,11.218932,-32.14474,9.1,-1397,0.0475,36.7,0.06,25.8,136.70000000000002,-0.07,-0.12
123778,5520934,11.252012,-32.10417,9.,-1398,0.046700000000000005,36.7,0.06,25.8,138.1,-0.07,-0.13
123778,5523376,11.316338,-32.024662,8.7,-1394,0.0454,36.7,0.06,25.700000000000003,129.70000000000002,-0.06,-0.13
123778,5524141,11.336167,-32.000153,8.4,-1394,0.0453,36.7,0.06,25.700000000000003,127.9,-0.06,-0.13
123778,5524302,11.340178,-31.994908,9.2,-1385,0.0444,36.7,0.06,25.700000000000003,128.3,-0.06,-0.13
123778,5524323,11.340742,-31.994213,9.1,-1385,0.0444,36.7,0.06,25.700000000000003,128.4,-0.06,-0.13
123778,5524392,11.342658,-31.99194,8.9,-1384,0.0446,36.7,0.06,25.700000000000003,128.6,-0.06,-0.13
123778,5524491,11.345302,-31.988715,9.2,-1383,0.0449,36.7,0.06,25.700000000000003,128.8,-0.06,-0.13
123778,5524503,11.345635,-31.988322,9.2,-1383,0.0449,36.7,0.06,25.700000000000003,128.9,-0.06,-0.13
123778,5524563,11.347262,-31.986308,9.3,-1383,0.0451,36.7,0.06,25.700000000000003,129.,-0.06,-0.12
123778,5524613,11.348638,-31.984652,9.1,-1383,0.045200000000000004,36.7,0.06,25.700000000000003,129.20000000000002,-0.06,-0.12
123778,5529972,11.491085,-31.80865,8.9,-1390,0.0342,36.800000000000004,0.06,25.700000000000003,150.20000000000002,-0.02,-0.07
123778,5530093,11.494247,-31.80482,8.6,-1389,0.0329,36.800000000000004,0.06,25.700000000000003,150.4,-0.02,-0.07
123778,5530126,11.49504,-31.803773,8.6,-1388,0.032600000000000004,36.800000000000004,0.06,25.700000000000003,150.5,-0.02,-0.07
123778,5530131,11.49518,-31.803567,8.8,-1388,0.032600000000000004,36.800000000000004,0.06,25.700000000000003,150.5,-0.02,-0.07
123778,5530132,11.49518,-31.803567,8.8,-1388,0.032600000000000004,36.800000000000004,0.06,25.700000000000003,150.5,-0.02,-0.07
123778,5530148,11.495588,-31.803005,8.7,-1388,0.0325,36.800000000000004,0.06,25.700000000000003,150.6,-0.02,-0.07
123778,5530149,11.495588,-31.803005,8.7,-1388,0.0325,36.800000000000004,0.06,25.700000000000003,150.6,-0.02,-0.07
123778,5530152,11.495722,-31.80285,8.7,-1388,0.0325,36.800000000000004,0.06,25.700000000000003,150.6,-0.02,-0.07
123778,5530153,11.495722,-31.80285,8.7,-1388,0.0325,36.800000000000004,0.06,25.700000000000003,150.6,-0.02,-0.07
123778,5530191,11.496738,-31.801643,8.9,-1387,0.0323,36.800000000000004,0.06,25.700000000000003,150.6,-0.02,-0.07
123778,5530202,11.49703,-31.801288,8.9,-1387,0.0322,36.800000000000004,0.06,25.700000000000003,150.70000000000002,-0.02,-0.07
123778,5530261,11.49861,-31.799287,9.,-1387,0.032,36.800000000000004,0.06,25.700000000000003,150.8,-0.02,-0.07
123778,5530305,11.499783,-31.797918,9.,-1386,0.031900000000000005,36.800000000000004,0.06,25.700000000000003,150.8,-0.02,-0.06
123778,5530322,11.500213,-31.797345,8.9,-1404,0.0473,36.800000000000004,0.06,25.700000000000003,150.9,-0.02,-0.06
123778,5530382,11.501723,-31.795435,8.6,-1403,0.0471,36.800000000000004,0.06,25.700000000000003,150.9,-0.02,-0.06
123778,5530483,11.50428,-31.792222,8.7,-1403,0.046700000000000005,36.800000000000004,0.06,25.700000000000003,151.1,-0.02,-0.06
123778,5533503,11.582162,-31.696042,8.8,-1402,0.0495,36.800000000000004,0.06,25.6,151.8,0.,-0.05
123778,5547503,11.920085,-31.277615,8.,-1468,0.0439,36.9,0.04,25.5,132.20000000000002,0.13,0.13
123778,5548673,11.948463,-31.242872,8.3,-1489,0.0436,36.9,0.04,25.400000000000002,131.1,0.1,0.12
123778,5548983,11.956003,-31.233297,8.4,-1485,0.044000000000000004,36.9,0.04,25.400000000000002,130.9,0.1,0.12
123778,5549853,11.97702,-31.20747,8.1,-1474,0.0388,36.9,0.03,25.400000000000002,130.5,0.08,0.11
123778,5550403,11.989802,-31.19113,8.,-1467,0.0403,36.9,0.03,25.400000000000002,130.20000000000002,0.07,0.1
123778,5551133,12.007732,-31.169385,8.1,-1494,0.039,36.9,0.03,25.400000000000002,129.9,0.05,0.1
123778,5551172,12.008667,-31.168238,8.1,-1494,0.038900000000000004,36.9,0.03,25.400000000000002,129.9,0.05,0.1
123778,5551653,12.020088,-31.15394,8.,-1506,0.0415,36.9,0.03,25.3,130.20000000000002,0.04,0.09
123778,5551683,12.020843,-31.15307,8.1,-1505,0.0415,36.9,0.03,25.3,130.20000000000002,0.04,0.09
123778,5551913,12.026385,-31.146328,8.,-1504,0.0408,36.800000000000004,0.03,25.3,130.5,0.04,0.09
123778,5552363,12.037153,-31.132767,8.3,-1501,0.0395,36.800000000000004,0.03,25.3,131.3,0.03,0.09
123778,5552774,12.047112,-31.120427,8.4,-1499,0.048400000000000006,36.800000000000004,0.03,25.3,132.20000000000002,0.02,0.09
123778,5553042,12.053682,-31.112297,8.4,-1498,0.048100000000000004,36.800000000000004,0.03,25.3,132.5,0.02,0.09
123778,5553552,12.066122,-31.097005,8.1,-1496,0.0466,36.800000000000004,0.03,25.3,132.8,0.01,0.09
123778,5554093,12.078948,-31.080925,8.,-1508,0.049,36.800000000000004,0.03,25.3,132.9,0.,0.09
123778,5554313,12.08415,-31.074512,8.,-1506,0.051000000000000004,36.800000000000004,0.03,25.3,132.5,-0.01,0.09
123778,5555084,12.102775,-31.051588,8.,-1506,0.050300000000000004,36.800000000000004,0.03,25.3,131.70000000000002,-0.02,0.08
123778,5556596,12.137138,-31.009198,7.6,-1507,0.0487,36.800000000000004,0.02,25.3,132.1,-0.04,0.06
123778,5557513,12.158088,-30.983247,7.8,-1506,0.045700000000000005,36.800000000000004,0.02,25.3,131.8,-0.06,0.04
123778,5557880,12.166655,-30.972435,8.,-1506,0.0476,36.800000000000004,0.02,25.3,131.4,-0.07,0.03
123778,5558814,12.188848,-30.945088,7.9,-1501,0.0405,36.800000000000004,0.02,25.3,130.1,-0.08,0.01
123778,5559982,12.216712,-30.910322,8.2,-1496,0.0402,36.800000000000004,0.02,25.400000000000002,129.5,-0.1,-0.02
123778,5560183,12.221645,-30.904322,8.2,-1496,0.0403,36.800000000000004,0.02,25.400000000000002,129.5,-0.11,-0.02
123778,5563021,12.292137,-30.817028,8.4,-1460,0.035500000000000004,36.800000000000004,0.03,25.400000000000002,128.6,-0.14,-0.08
123778,5563022,12.292137,-30.817028,8.4,-1460,0.035500000000000004,36.800000000000004,0.03,25.400000000000002,128.6,-0.14,-0.08
123778,5568807,12.434025,-30.64104,8.2,-1409,0.0454,36.7,0.04,25.400000000000002,116.4,-0.13,-0.12
123778,5568812,12.434118,-30.640918,8.1,-1409,0.0454,36.7,0.04,25.400000000000002,116.4,-0.13,-0.12
123778,5568815,12.434212,-30.640802,8.,-1409,0.0454,36.7,0.04,25.400000000000002,116.4,-0.13,-0.12
123778,5568818,12.434275,-30.64071,8.,-1409,0.0454,36.7,0.04,25.400000000000002,116.30000000000001,-0.13,-0.12
123778,5568819,12.434275,-30.64071,8.,-1409,0.0454,36.7,0.04,25.400000000000002,116.30000000000001,-0.13,-0.12
123778,5568820,12.434327,-30.640655,8.1,-1409,0.0454,36.7,0.04,25.400000000000002,116.30000000000001,-0.13,-0.12
123778,5568821,12.434327,-30.640655,8.1,-1409,0.0454,36.7,0.04,25.400000000000002,116.30000000000001,-0.13,-0.12
123778,5568880,12.43572,-30.638858,8.2,-1410,0.0454,36.7,0.04,25.400000000000002,116.2,-0.13,-0.12
123778,5568883,12.43572,-30.638858,8.2,-1410,0.0454,36.7,0.04,25.400000000000002,116.2,-0.13,-0.12
123778,5568922,12.436718,-30.637592,8.1,-1410,0.0454,36.7,0.04,25.400000000000002,116.2,-0.13,-0.12
123778,5568923,12.436718,-30.637592,8.1,-1410,0.0454,36.7,0.04,25.400000000000002,116.2,-0.13,-0.12
123778,5568931,12.436938,-30.637327,8.2,-1410,0.0454,36.7,0.04,25.400000000000002,116.2,-0.13,-0.12
123778,5568940,12.43716,-30.637072,8.1,-1410,0.0454,36.7,0.04,25.400000000000002,116.2,-0.13,-0.12
123778,5568941,12.43716,-30.637072,8.1,-1410,0.0454,36.7,0.04,25.400000000000002,116.2,-0.13,-0.12
123778,5568958,12.4376,-30.636558,8.,-1410,0.0454,36.7,0.04,25.400000000000002,116.10000000000001,-0.13,-0.12
123778,5568959,12.4376,-30.636558,8.,-1410,0.0454,36.7,0.04,25.400000000000002,116.10000000000001,-0.13,-0.12
123778,5568961,12.437693,-30.636438,8.1,-1410,0.0454,36.7,0.04,25.400000000000002,116.10000000000001,-0.13,-0.12
123778,5568962,12.437693,-30.636438,8.1,-1410,0.0454,36.7,0.04,25.400000000000002,116.10000000000001,-0.13,-0.12
123778,5568982,12.438125,-30.635808,8.2,-1410,0.0454,36.7,0.04,25.400000000000002,116.10000000000001,-0.13,-0.12
123778,5569231,12.444118,-30.628418,8.2,-1411,0.0455,36.7,0.04,25.400000000000002,115.80000000000001,-0.12,-0.12
123778,5569232,12.444118,-30.628418,8.2,-1411,0.0455,36.7,0.04,25.400000000000002,115.80000000000001,-0.12,-0.12
123778,5569282,12.44534,-30.626885,8.2,-1411,0.0455,36.7,0.04,25.400000000000002,115.80000000000001,-0.12,-0.12
123778,5574904,12.582978,-30.456108,8.4,-1417,0.0495,36.7,0.05,25.400000000000002,119.60000000000001,-0.11,-0.09
123778,5580324,12.718845,-30.287497,8.6,-1405,0.0472,36.800000000000004,0.06,25.400000000000002,130.9,-0.06,-0.05
123778,5592612,13.031553,-29.898823,8.9,-1404,0.0473,36.800000000000004,0.06,25.,143.3,-0.11,0.01
123778,5594223,13.072692,-29.847597,8.4,-1402,0.049100000000000005,36.800000000000004,0.06,24.900000000000002,146.6,-0.13,0.02
123778,5594923,13.090327,-29.825577,8.5,-1403,0.0483,36.800000000000004,0.06,24.900000000000002,148.1,-0.14,0.02
123778,5595234,13.098168,-29.815773,8.4,-1403,0.0485,36.800000000000004,0.06,24.8,148.70000000000002,-0.14,0.02
123778,5596233,13.123442,-29.784532,8.9,-1403,0.0485,36.800000000000004,0.06,24.700000000000003,149.70000000000002,-0.15,0.03
123778,5596473,13.129553,-29.776765,8.7,-1404,0.0488,36.800000000000004,0.06,24.700000000000003,149.5,-0.15,0.03
123778,5597393,13.153113,-29.747672,8.5,-1403,0.048600000000000004,36.800000000000004,0.06,24.700000000000003,148.9,-0.16,0.03
123778,5597753,13.162443,-29.736015,8.5,-1403,0.0487,36.7,0.06,24.700000000000003,148.6,-0.16,0.04
123778,5598663,13.185597,-29.70704,8.8,-1401,0.046200000000000005,36.7,0.06,24.6,146.5,-0.16,0.04
123778,5598802,13.189232,-29.702572,8.7,-1401,0.046400000000000004,36.7,0.06,24.6,146.1,-0.16,0.04
123778,5599933,13.218072,-29.666705,8.7,-1402,0.0458,36.7,0.06,24.6,143.5,-0.15,0.05
123778,5600324,13.22812,-29.654165,8.8,-1400,0.0451,36.7,0.06,24.6,143.5,-0.15,0.05
123778,5601193,13.250427,-29.626427,8.7,-1398,0.0453,36.7,0.06,24.6,142.9,-0.14,0.05
123778,5601344,13.254423,-29.621607,8.8,-1399,0.0438,36.7,0.06,24.6,142.70000000000002,-0.14,0.05
123778,5602493,13.283945,-29.584847,8.6,-1400,0.0453,36.800000000000004,0.06,24.6,142.4,-0.14,0.06
123778,5602863,13.29337,-29.573193,8.5,-1398,0.032600000000000004,36.800000000000004,0.06,24.6,143.3,-0.14,0.06
123778,5604012,13.32239,-29.536937,8.5,-1399,0.0297,36.800000000000004,0.06,24.700000000000003,145.1,-0.13,0.07
123778,5604102,13.324682,-29.534105,8.6,-1399,0.0307,36.800000000000004,0.06,24.700000000000003,145.20000000000002,-0.13,0.07
123778,5605122,13.350345,-29.502123,8.3,-1398,0.0284,36.800000000000004,0.06,24.700000000000003,145.3,-0.12,0.08
123778,5605324,13.35544,-29.495862,8.5,-1401,0.027100000000000003,36.800000000000004,0.06,24.700000000000003,145.20000000000002,-0.12,0.08
123778,5606544,13.385527,-29.45821,8.4,-1400,0.0223,36.800000000000004,0.06,24.700000000000003,145.3,-0.12,0.09
123778,5606862,13.393327,-29.448417,8.3,-1400,0.0235,36.800000000000004,0.06,24.700000000000003,145.20000000000002,-0.12,0.09
123778,5606863,13.393327,-29.448417,8.3,-1400,0.0235,36.800000000000004,0.06,24.700000000000003,145.20000000000002,-0.12,0.09
123778,5606982,13.396302,-29.444802,8.3,-1400,0.0239,36.800000000000004,0.06,24.700000000000003,145.20000000000002,-0.12,0.09
123778,5606983,13.396302,-29.444802,8.3,-1400,0.0239,36.800000000000004,0.06,24.700000000000003,145.20000000000002,-0.12,0.09
123778,5607022,13.397315,-29.443615,8.3,-1400,0.024,36.800000000000004,0.06,24.700000000000003,145.20000000000002,-0.12,0.09
123778,5607082,13.398783,-29.441828,8.2,-1400,0.024200000000000003,36.800000000000004,0.06,24.6,145.1,-0.12,0.09
123778,5607083,13.398783,-29.441828,8.2,-1400,0.024200000000000003,36.800000000000004,0.06,24.6,145.1,-0.12,0.09
123778,5607143,13.400227,-29.439982,8.4,-1400,0.0244,36.800000000000004,0.06,24.6,145.1,-0.12,0.09
123778,5607743,13.415297,-29.42135,8.3,-1399,0.026000000000000002,36.800000000000004,0.06,24.6,145.1,-0.12,0.09
123778,5609062,13.447617,-29.381002,8.4,-1408,0.021500000000000002,36.9,0.06,24.6,143.,-0.13,0.08
123778,5612493,13.53349,-29.273728,8.7,-1411,0.0373,36.800000000000004,0.05,24.200000000000003,139.6,-0.19,0.08
123778,5612553,13.535095,-29.271872,8.6,-1411,0.0373,36.800000000000004,0.05,24.200000000000003,139.70000000000002,-0.19,0.08
123778,5612562,13.535365,-29.271572,8.6,-1411,0.0373,36.800000000000004,0.05,24.200000000000003,139.70000000000002,-0.19,0.08
123778,5612592,13.536107,-29.270665,8.6,-1411,0.0373,36.800000000000004,0.05,24.200000000000003,139.8,-0.19,0.08
123778,5612601,13.536357,-29.270352,8.6,-1411,0.0373,36.800000000000004,0.05,24.200000000000003,139.8,-0.19,0.08
123778,5612613,13.536658,-29.269975,8.6,-1411,0.0373,36.800000000000004,0.05,24.200000000000003,139.8,-0.19,0.08
123778,5612623,13.536885,-29.269695,8.5,-1411,0.0373,36.800000000000004,0.05,24.200000000000003,139.8,-0.19,0.08
123778,5612632,13.537112,-29.269418,8.4,-1411,0.0373,36.800000000000004,0.05,24.200000000000003,139.8,-0.19,0.08
123778,5612673,13.538195,-29.268127,8.6,-1411,0.037200000000000004,36.800000000000004,0.05,24.200000000000003,139.9,-0.19,0.08
123778,5612682,13.538425,-29.267843,8.6,-1411,0.037200000000000004,36.800000000000004,0.05,24.200000000000003,139.9,-0.19,0.08
123778,5612683,13.538425,-29.267843,8.6,-1411,0.037200000000000004,36.800000000000004,0.05,24.200000000000003,139.9,-0.19,0.08
123778,5612692,13.538655,-29.267558,8.6,-1411,0.037200000000000004,36.800000000000004,0.05,24.200000000000003,139.9,-0.19,0.08
123778,5612722,13.53943,-29.266588,8.4,-1411,0.037200000000000004,36.800000000000004,0.05,24.200000000000003,139.9,-0.19,0.08
123778,5612743,13.539957,-29.265997,8.4,-1411,0.037200000000000004,36.800000000000004,0.05,24.200000000000003,140.,-0.19,0.08
123778,5612782,13.540948,-29.264737,8.6,-1411,0.0371,36.800000000000004,0.05,24.200000000000003,140.,-0.19,0.08
123778,5612793,13.541223,-29.264385,8.6,-1411,0.0371,36.800000000000004,0.05,24.200000000000003,140.,-0.19,0.08
123778,5612803,13.541458,-29.2641,8.6,-1411,0.0371,36.800000000000004,0.05,24.200000000000003,140.1,-0.19,0.08
123778,5612821,13.541935,-29.263495,8.5,-1411,0.0351,36.800000000000004,0.05,24.200000000000003,140.1,-0.19,0.08
123778,5612822,13.541935,-29.263495,8.5,-1411,0.0351,36.800000000000004,0.05,24.200000000000003,140.1,-0.19,0.08
123778,5612872,13.543212,-29.261938,8.5,-1411,0.0352,36.800000000000004,0.05,24.200000000000003,140.1,-0.19,0.08
123778,5612902,13.543958,-29.260942,8.6,-1411,0.035300000000000005,36.800000000000004,0.05,24.200000000000003,140.20000000000002,-0.19,0.08
123778,5612983,13.545948,-29.258443,8.5,-1411,0.035500000000000004,36.800000000000004,0.05,24.200000000000003,140.3,-0.19,0.08
123778,5616865,13.642687,-29.13775,8.6,-1406,0.0459,36.800000000000004,0.05,24.200000000000003,145.70000000000002,-0.15,0.15
123778,5622384,13.77697,-28.964618,8.4,-1374,0.0429,36.9,0.03,24.3,164.9,-0.03,0.33
123778,5630882,13.98191,-28.708985,8.,-1336,0.0403,37.,0.,24.200000000000003,168.60000000000002,-0.13,0.01
123778,5631883,14.005568,-28.679715,8.2,-1328,0.039400000000000004,37.,0.,24.200000000000003,168.60000000000002,-0.12,0.01
123778,5632213,14.01337,-28.669752,8.1,-1329,0.0396,37.,0.,24.200000000000003,168.60000000000002,-0.12,0.01
123778,5633103,14.035008,-28.642953,8.1,-1321,0.0392,37.,0.,24.200000000000003,168.5,-0.12,0.02
123778,5634252,14.062808,-28.608202,8.2,-1325,0.0339,37.,-0.01,24.1,168.4,-0.11,0.02
123778,5634863,14.07735,-28.589848,8.1,-1328,0.033800000000000004,37.,-0.01,24.1,168.4,-0.11,0.03
123778,5635463,14.091752,-28.572122,8.1,-1308,0.0354,37.,-0.01,24.1,168.4,-0.11,0.04
123778,5635993,14.10449,-28.556175,8.2,-1309,0.034300000000000004,37.,-0.01,24.1,168.4,-0.11,0.04
123778,5636043,14.10569,-28.55466,8.2,-1310,0.0342,37.,-0.01,24.1,168.5,-0.11,0.04
123778,5636743,14.123012,-28.533088,8.3,-1312,0.0362,37.,-0.01,24.1,168.70000000000002,-0.11,0.04
123778,5636851,14.125685,-28.52971,8.4,-1312,0.0383,37.,-0.01,24.1,168.8,-0.11,0.04
123778,5637132,14.13257,-28.521148,8.3,-1313,0.038,37.,-0.01,24.1,168.8,-0.1,0.04
123778,5638023,14.155053,-28.492952,8.5,-1306,0.0376,37.,-0.01,24.1,169.,-0.1,0.05
123778,5639363,14.18843,-28.451507,8.2,-1302,0.036000000000000004,37.,-0.01,24.1,169.,-0.09,0.05
123778,5639493,14.191588,-28.447623,8.,-1302,0.0359,37.,-0.01,24.1,169.,-0.09,0.05
123778,5639824,14.199462,-28.43774,8.2,-1303,0.0356,37.,-0.01,24.1,169.,-0.08,0.05
123778,5642104,14.2548,-28.3686,8.,-1294,0.0446,37.,-0.02,24.1,159.10000000000002,-0.06,0.04
123778,5643253,14.2824,-28.334092,8.1,-1297,0.0465,37.,-0.02,24.,147.9,-0.04,0.04
123778,5643332,14.284278,-28.331715,8.1,-1289,0.044500000000000005,37.,-0.02,24.,147.1,-0.04,0.04
123778,5651500,14.479367,-28.088123,8.,-1277,0.0405,37.,-0.04,23.900000000000002,151.4,0.,0.03
123778,5651501,14.479367,-28.088123,8.,-1277,0.0405,37.,-0.04,23.900000000000002,151.4,0.,0.03
123778,5651631,14.482437,-28.084223,8.2,-1278,0.040600000000000004,37.,-0.04,23.900000000000002,151.3,-0.01,0.02
123778,5657241,14.616838,-27.916055,8.2,-1250,0.0398,37.1,-0.05,24.1,141.6,-0.02,0.01
123778,5657290,14.61801,-27.914578,8.1,-1250,0.0397,37.1,-0.05,24.1,141.5,-0.02,0.01
123778,5657300,14.61824,-27.91427,8.1,-1250,0.0397,37.1,-0.05,24.1,141.5,-0.02,0.01
123778,5657311,14.618503,-27.91394,8.2,-1250,0.0397,37.1,-0.05,24.1,141.5,-0.02,0.01
123778,5657412,14.6209,-27.910913,8.1,-1250,0.0397,37.1,-0.05,24.1,141.3,-0.02,0.01
123778,5657622,14.625965,-27.904668,8.,-1251,0.039900000000000005,37.1,-0.05,24.1,140.9,-0.02,0.01
123778,5663564,14.76897,-27.726078,8.,-1240,0.0412,37.,-0.05,24.,141.,-0.06,-0.04
123778,5678222,15.12382,-27.281662,8.3,-1205,0.0436,37.,-0.04,23.700000000000003,132.1,-0.1,-0.03
123778,5678454,15.129447,-27.274663,8.3,-1205,0.0436,37.,-0.04,23.700000000000003,132.70000000000002,-0.11,-0.03
123778,5680593,15.181075,-27.209637,8.,-1201,0.0441,37.,-0.04,23.700000000000003,143.3,-0.12,-0.05
123778,5680903,15.188373,-27.200238,8.2,-1201,0.0446,37.,-0.04,23.700000000000003,145.1,-0.12,-0.05
123778,5681804,15.210878,-27.172195,8.5,-1200,0.0454,37.,-0.04,23.700000000000003,146.8,-0.12,-0.06
123778,5682223,15.221422,-27.159147,8.2,-1200,0.0454,37.,-0.04,23.700000000000003,147.20000000000002,-0.12,-0.06
123778,5683464,15.251875,-27.120677,8.2,-1200,0.0434,37.,-0.04,23.8,148.4,-0.11,-0.07
123778,5684283,15.271945,-27.095775,8.3,-1199,0.0449,37.,-0.04,23.8,149.70000000000002,-0.1,-0.06
123778,5684493,15.277192,-27.089258,8.5,-1199,0.045200000000000004,37.,-0.04,23.8,150.,-0.1,-0.06
123778,5685500,15.302113,-27.057958,8.5,-1199,0.0436,37.,-0.04,23.8,149.3,-0.08,-0.05
123778,5685694,15.307095,-27.051533,8.5,-1199,0.0437,37.,-0.04,23.8,148.9,-0.08,-0.05
123778,5686913,15.337327,-27.01381,8.,-1198,0.0425,37.1,-0.04,23.8,147.5,-0.08,-0.04
123778,5687213,15.34459,-27.00463,8.5,-1198,0.042800000000000005,37.1,-0.04,23.8,148.1,-0.08,-0.04
123778,5687934,15.362322,-26.982057,8.6,-1195,0.0425,37.1,-0.04,23.8,151.3,-0.08,-0.04
123778,5688373,15.373778,-26.968115,8.6,-1196,0.0427,37.1,-0.04,23.8,155.10000000000002,-0.09,-0.04
123778,5690912,15.437865,-26.887338,8.6,-1188,0.0397,37.1,-0.04,23.8,170.10000000000002,-0.17,-0.06
123778,5692253,15.471707,-26.844855,8.4,-1189,0.0419,37.1,-0.04,23.8,178.3,-0.17,-0.08
123778,5693552,15.503503,-26.805265,8.3,-1172,0.039900000000000005,37.1,-0.04,23.900000000000002,185.10000000000002,-0.17,-0.1
123778,5695150,15.543715,-26.75443,8.7,-1178,0.0408,37.1,-0.04,23.900000000000002,177.8,-0.16,-0.12
123778,5695211,15.545258,-26.752503,8.7,-1178,0.0408,37.1,-0.04,23.900000000000002,177.5,-0.16,-0.12
123778,5695253,15.546317,-26.75117,8.5,-1179,0.0408,37.1,-0.04,23.900000000000002,177.3,-0.16,-0.12
123778,5695262,15.546547,-26.750892,8.5,-1179,0.0408,37.1,-0.04,23.900000000000002,177.20000000000002,-0.16,-0.12
123778,5695302,15.547525,-26.7496,8.6,-1165,0.0412,37.1,-0.04,23.900000000000002,177.10000000000002,-0.16,-0.12
123778,5695382,15.54959,-26.747037,8.7,-1166,0.0412,37.1,-0.04,23.900000000000002,176.70000000000002,-0.16,-0.12
123778,5695391,15.549815,-26.746743,8.7,-1166,0.0412,37.1,-0.04,23.900000000000002,176.70000000000002,-0.16,-0.12
123778,5695433,15.5509,-26.745407,8.6,-1166,0.041100000000000005,37.1,-0.04,23.900000000000002,176.5,-0.16,-0.12
123778,5695461,15.551618,-26.744482,8.7,-1166,0.041100000000000005,37.1,-0.04,23.900000000000002,176.4,-0.16,-0.12
123778,5695503,15.552678,-26.743183,8.7,-1166,0.041100000000000005,37.1,-0.04,23.900000000000002,176.20000000000002,-0.16,-0.12
123778,5695521,15.553177,-26.742572,8.7,-1166,0.041100000000000005,37.1,-0.04,23.900000000000002,176.10000000000002,-0.16,-0.12
123778,5695602,15.555302,-26.739912,9.,-1167,0.041,37.1,-0.04,23.900000000000002,175.8,-0.16,-0.12
123778,5695611,15.55557,-26.739583,9.,-1167,0.041,37.1,-0.04,23.900000000000002,175.8,-0.16,-0.12
123778,5695612,15.55557,-26.739583,9.,-1167,0.041,37.1,-0.04,23.900000000000002,175.8,-0.16,-0.12
123778,5695622,15.555835,-26.739255,9.,-1167,0.041,37.1,-0.04,23.900000000000002,175.70000000000002,-0.16,-0.12
123778,5695641,15.556335,-26.73862,8.9,-1167,0.041,37.1,-0.04,23.900000000000002,175.70000000000002,-0.16,-0.12
123778,5701052,15.693587,-26.566203,8.4,-1150,0.0424,37.,-0.03,23.8,185.8,-0.11,-0.11
123778,5701163,15.6963,-26.562678,8.4,-1150,0.042300000000000004,37.,-0.03,23.8,185.70000000000002,-0.11,-0.1
123778,5701172,15.696525,-26.5624,8.4,-1150,0.042300000000000004,37.,-0.03,23.8,185.70000000000002,-0.11,-0.1
123778,5701291,15.69951,-26.558628,8.6,-1150,0.0422,37.,-0.03,23.8,185.60000000000002,-0.11,-0.1
123778,5701292,15.69951,-26.558628,8.6,-1150,0.0422,37.,-0.03,23.8,185.60000000000002,-0.11,-0.1
123778,5701322,15.700292,-26.557693,8.5,-1150,0.0422,37.,-0.03,23.8,185.5,-0.11,-0.1
123778,5701323,15.700292,-26.557693,8.5,-1150,0.0422,37.,-0.03,23.8,185.5,-0.11,-0.1
123778,5701331,15.700523,-26.557423,8.5,-1150,0.042100000000000005,37.,-0.03,23.8,185.5,-0.11,-0.1
123778,5701341,15.700775,-26.557108,8.5,-1150,0.042100000000000005,37.,-0.03,23.8,185.5,-0.11,-0.1
123778,5701342,15.700775,-26.557108,8.5,-1150,0.042100000000000005,37.,-0.03,23.8,185.5,-0.11,-0.1
123778,5701382,15.701827,-26.555797,8.7,-1150,0.042100000000000005,37.,-0.03,23.8,185.5,-0.11,-0.1
123778,5701392,15.702067,-26.55551,8.7,-1150,0.042100000000000005,37.,-0.03,23.8,185.5,-0.11,-0.1
123778,5701412,15.702595,-26.554863,8.7,-1151,0.042100000000000005,37.,-0.03,23.8,185.5,-0.11,-0.1
123778,5705724,15.8104,-26.419445,8.6,-1148,0.0427,37.1,-0.03,23.700000000000003,155.8,-0.07,-0.05
123778,5715453,16.05492,-26.1115,8.5,-1107,0.0413,37.1,-0.03,23.5,186.,-0.09,-0.04
123778,5717593,16.10966,-26.042655,8.7,-1098,0.0427,37.1,-0.03,23.6,183.20000000000002,-0.1,-0.05
123778,5718532,16.133713,-26.01212,8.7,-1099,0.0439,37.2,-0.03,23.6,182.4,-0.11,-0.07
123778,5719782,16.16597,-25.971648,8.6,-1096,0.0437,37.1,-0.03,23.6,175.70000000000002,-0.13,-0.09
123778,5721042,16.198782,-25.930133,8.7,-1095,0.043300000000000005,37.1,-0.03,23.400000000000002,171.4,-0.16,-0.11
123778,5722664,16.240463,-25.877655,8.8,-1094,0.042300000000000004,37.,-0.02,23.200000000000003,175.4,-0.19,-0.11
123778,5722784,16.243585,-25.873673,8.9,-1094,0.043300000000000005,37.,-0.02,23.200000000000003,175.5,-0.19,-0.11
123778,5723923,16.273063,-25.836678,8.7,-1093,0.0432,36.9,-0.02,23.200000000000003,182.10000000000002,-0.19,-0.1
123778,5723943,16.273565,-25.83608,8.7,-1093,0.0432,36.9,-0.02,23.200000000000003,182.20000000000002,-0.19,-0.1
123778,5725937,16.325055,-25.771238,8.7,-1091,0.0405,37.,-0.01,23.3,172.60000000000002,-0.19,-0.09
123778,5726875,16.348645,-25.741275,8.5,-1057,0.0446,37.,-0.01,23.400000000000002,154.4,-0.19,-0.09
123778,5727532,16.365328,-25.720375,8.5,-1062,0.041800000000000004,37.,-0.01,23.5,150.3,-0.2,-0.08
123778,5727876,16.373988,-25.709612,8.5,-1065,0.0403,37.,-0.01,23.5,150.70000000000002,-0.2,-0.08
123778,5728795,16.396702,-25.680762,8.4,-1072,0.0446,37.,0.,23.5,160.4,-0.21,-0.07
123778,5729736,16.4203,-25.650945,8.8,-1012,0.0408,37.,0.,23.5,161.4,-0.21,-0.05
123778,5730716,16.44478,-25.619968,8.6,-1033,0.041100000000000005,36.9,0.,23.5,167.,-0.2,-0.02
123778,5731675,16.468353,-25.590273,8.4,-1047,0.0412,36.9,0.01,23.5,176.70000000000002,-0.19,0.
123778,5732595,16.491267,-25.561557,8.6,-1012,0.041600000000000005,36.9,0.01,23.400000000000002,181.60000000000002,-0.18,0.02
123778,5733517,16.51431,-25.532522,8.4,-981,0.042300000000000004,37.,0.01,23.400000000000002,182.3,-0.18,0.03
123778,5734437,16.537503,-25.502993,8.7,-999,0.0431,37.,0.01,23.400000000000002,184.8,-0.19,0.03
123778,5735377,16.56143,-25.472993,8.5,-948,0.0417,37.,0.01,23.400000000000002,187.60000000000002,-0.2,0.03
123778,5736314,16.584953,-25.443482,8.5,-845,0.040600000000000004,37.,0.01,23.400000000000002,188.20000000000002,-0.22,0.04
123778,5737295,16.608822,-25.413038,8.2,-740,0.041,37.,0.01,23.400000000000002,187.20000000000002,-0.24,0.05
123778,5738196,16.630285,-25.385813,8.,-783,0.041800000000000004,37.,0.01,23.3,185.4,-0.26,0.07
123778,5739157,16.654885,-25.354975,8.7,-844,0.042300000000000004,37.,0.02,23.3,180.60000000000002,-0.27,0.1
123778,5739622,16.666838,-25.339758,8.6,-717,0.0432,37.,0.02,23.3,173.20000000000002,-0.26,0.11
123778,5739683,16.66838,-25.337887,8.5,-722,0.0432,37.,0.02,23.3,172.,-0.26,0.11
123778,5739722,16.669437,-25.336588,8.9,-725,0.0432,37.,0.02,23.3,171.20000000000002,-0.26,0.11
123778,5739723,16.669437,-25.336588,8.9,-725,0.0432,37.,0.02,23.3,171.20000000000002,-0.26,0.11
123778,5739732,16.669668,-25.336287,8.9,-726,0.0432,37.,0.02,23.3,171.,-0.26,0.11
123778,5739792,16.671187,-25.33433,8.4,-731,0.0432,37.,0.02,23.3,169.60000000000002,-0.26,0.11
123778,5739793,16.671187,-25.33433,8.4,-731,0.0432,37.,0.02,23.3,169.60000000000002,-0.26,0.11
123778,5739913,16.674143,-25.330472,8.6,-438,0.0429,37.,0.02,23.400000000000002,166.8,-0.26,0.12
123778,5739922,16.674402,-25.330147,8.7,-439,0.0429,37.,0.02,23.400000000000002,166.60000000000002,-0.26,0.12
123778,5739942,16.674882,-25.329528,8.6,-440,0.0429,37.,0.02,23.400000000000002,166.10000000000002,-0.26,0.12
123778,5740073,16.677973,-25.325693,7.9,-448,0.043000000000000003,37.,0.02,23.400000000000002,163.,-0.26,0.12
123778,5740162,16.680247,-25.322838,8.7,-455,0.043000000000000003,37.,0.02,23.400000000000002,160.5,-0.26,0.12
123778,5740231,16.681943,-25.320612,8.3,-459,0.043000000000000003,37.,0.02,23.400000000000002,158.5,-0.26,0.13
123778,5740232,16.681943,-25.320612,8.3,-459,0.043000000000000003,37.,0.02,23.400000000000002,158.5,-0.26,0.13
123778,5741017,16.701982,-25.295233,9.,-527,0.043300000000000005,37.,0.02,23.400000000000002,129.6,-0.26,0.15
123778,5741997,16.727215,-25.263603,8.7,-641,0.0434,37.,0.02,23.400000000000002,101.10000000000001,-0.26,0.17
123778,5742954,16.750477,-25.234262,7.8,-110,0.046200000000000005,37.,0.02,23.400000000000002,101.5,-0.26,0.18
123778,5743915,16.772823,-25.205897,8.2,-216,0.0463,37.,0.02,23.400000000000002,102.30000000000001,-0.26,0.19
123778,5744817,16.793778,-25.179408,7.9,-311,0.0441,37.,0.02,23.3,117.9,-0.25,0.2
123778,5745754,16.816492,-25.150873,8.4,-82,0.0422,36.9,0.02,23.3,142.4,-0.25,0.2
123778,5746658,16.83847,-25.122988,8.3,2,0.0383,36.9,0.02,23.200000000000003,156.,-0.25,0.21
123778,5746955,16.84738,-25.116518,8.2,2,0.0388,36.9,0.02,23.200000000000003,157.10000000000002,-0.25,0.21
123778,5747658,16.866367,-25.098422,8.2,-5,0.0395,36.9,0.02,23.200000000000003,159.4,-0.26,0.2
123778,5748598,16.88795,-25.06767,8.4,-37,0.042100000000000005,36.9,0.02,23.200000000000003,165.20000000000002,-0.25,0.19
123778,5749537,16.900728,-25.030192,9.3,2,0.0429,36.9,0.02,23.3,170.60000000000002,-0.24,0.16
123778,5750456,16.888447,-24.999583,4.5,-45,0.0434,36.9,0.02,23.3,171.4,-0.22,0.14
123778,5751551,16.889553,-24.99816,0.,-46,0.0434,36.9,0.02,23.3,171.60000000000002,-0.22,0.14
123778,5752632,16.889547,-24.998153,0.,-46,0.0434,36.9,0.02,23.3,171.60000000000002,-0.22,0.14
123778,5753715,16.889535,-24.99816,0.,-46,0.0434,36.9,0.02,23.3,171.60000000000002,-0.22,0.14
123778,5754792,16.889522,-24.998155,0.,-46,0.0434,36.9,0.02,23.3,171.60000000000002,-0.22,0.14
123778,5755872,16.889543,-24.998167,0.,-46,0.0434,36.9,0.02,23.3,171.60000000000002,-0.22,0.14
123778,5756953,16.88954,-24.998153,0.,-46,0.0434,36.9,0.02,23.3,171.60000000000002,-0.22,0.14
123778,5758036,16.889563,-24.998158,0.,-46,0.0434,36.9,0.02,23.3,171.60000000000002,-0.22,0.14
123778,5759113,16.889538,-24.998163,0.,-46,0.0434,36.9,0.02,23.3,171.60000000000002,-0.22,0.14
123778,5760201,16.889533,-24.998133,0.,-46,0.0434,36.9,0.02,23.3,171.60000000000002,-0.22,0.14
123778,5761274,16.889553,-24.998147,0.,-46,0.0434,36.9,0.02,23.3,171.60000000000002,-0.22,0.14
123778,5762353,16.889553,-24.998175,0.,-46,0.0434,36.9,0.02,23.3,171.60000000000002,-0.22,0.15
123778,5763442,16.889565,-24.998163,0.,-46,0.0434,36.9,0.02,23.3,171.60000000000002,-0.22,0.15
123778,5764518,16.889573,-24.998167,0.,-46,0.0434,36.9,0.02,23.3,171.60000000000002,-0.22,0.15
123778,5765595,16.889562,-24.998153,0.,-46,0.0434,36.9,0.02,23.3,171.5,-0.22,0.15
123778,5766676,16.889577,-24.998178,0.,-46,0.0434,36.9,0.02,23.3,171.5,-0.22,0.15
123778,5767756,16.889582,-24.998143,0.,-46,0.0434,36.9,0.02,23.3,171.5,-0.22,0.15
123778,5768655,16.889595,-24.998153,0.,-46,0.0434,36.9,0.02,23.3,171.5,-0.22,0.15
123778,5768837,16.889587,-24.998158,0.,-46,0.0434,36.9,0.02,23.3,171.5,-0.22,0.15
123778,5769908,16.889553,-24.998175,0.,-46,0.0434,36.9,0.02,23.3,171.5,-0.22,0.15
123778,5769913,16.889553,-24.998175,0.,-46,0.0434,36.9,0.02,23.3,171.5,-0.22,0.15
123778,5770995,16.889553,-24.99815,0.,-46,0.0434,36.9,0.02,23.3,171.5,-0.22,0.15
123778,5772074,16.889545,-24.998133,0.,-46,0.0434,36.9,0.02,23.3,171.5,-0.22,0.15
123778,5773159,16.88955,-24.998148,0.,-46,0.0434,36.9,0.02,23.3,171.5,-0.22,0.15
123778,5774235,16.889547,-24.99816,0.,-46,0.0434,36.9,0.02,23.3,171.5,-0.22,0.15
123778,5775315,16.889548,-24.99816,0.,-46,0.0434,36.9,0.02,23.3,171.5,-0.22,0.15
123778,5776396,16.889547,-24.998165,0.,-46,0.0434,36.9,0.02,23.3,171.5,-0.22,0.15
123778,5777481,16.88955,-24.998167,0.,-46,0.0434,36.9,0.02,23.3,171.5,-0.22,0.15
123778,5779629,16.88953,-24.998165,0.,-46,0.0434,36.9,0.02,23.3,171.4,-0.22,0.15
123778,5780718,16.889567,-24.998172,0.,-46,0.0434,36.9,0.02,23.3,171.4,-0.22,0.15
123778,5782154,16.889553,-24.998158,0.,-46,0.0434,36.9,0.02,23.3,171.4,-0.22,0.15
123778,5783593,16.889538,-24.998165,0.,-46,0.0434,36.9,0.02,23.3,171.4,-0.22,0.15
123778,5783948,16.88954,-24.998165,0.,-46,0.0434,36.9,0.02,23.3,171.4,-0.22,0.15
123778,5783949,16.88954,-24.998165,0.,-46,0.0434,36.9,0.02,23.3,171.4,-0.22,0.15
123778,5784674,16.889545,-24.998167,0.,-46,0.0434,36.9,0.02,23.3,171.4,-0.22,0.15
123778,5785762,16.889535,-24.998165,0.,-46,0.0434,36.9,0.02,23.3,171.4,-0.22,0.15
123778,5786838,16.889527,-24.998168,0.,-46,0.0434,36.9,0.02,23.3,171.4,-0.22,0.15
123778,5787915,16.889525,-24.998165,0.,-46,0.0434,36.9,0.02,23.3,171.4,-0.22,0.15
123778,5789023,16.889513,-24.998167,0.,-46,0.0434,36.9,0.02,23.3,171.4,-0.22,0.15
123778,5790079,16.889528,-24.998153,0.,-46,0.0434,36.9,0.02,23.3,171.4,-0.22,0.15
123778,5791153,16.88953,-24.998152,0.,-46,0.0434,36.9,0.02,23.3,171.4,-0.22,0.15
123778,5792240,16.889528,-24.998165,0.,-46,0.0434,36.9,0.02,23.3,171.4,-0.22,0.15
123778,5793319,16.889525,-24.998165,0.,-46,0.0434,36.9,0.02,23.3,171.3,-0.22,0.15
123778,5794404,16.889528,-24.99817,0.,-46,0.0434,36.9,0.02,23.3,171.3,-0.22,0.16
123778,5795492,16.889518,-24.998163,0.,-46,0.0434,36.9,0.02,23.3,171.3,-0.22,0.16
123778,5797673,16.889522,-24.998163,0.,-46,0.0434,36.9,0.02,23.3,171.3,-0.22,0.16
123778,5798714,16.889522,-24.99816,0.,-46,0.0434,36.9,0.02,23.3,171.3,-0.22,0.16
123778,5799795,16.889513,-24.998152,0.,-46,0.0434,36.9,0.02,23.3,171.3,-0.22,0.16
123778,5800876,16.889525,-24.99818,0.,-46,0.0434,36.9,0.02,23.3,171.3,-0.22,0.16
123778,5801956,16.889533,-24.998167,0.,-46,0.0434,36.9,0.02,23.3,171.3,-0.22,0.16
123778,5803033,16.889518,-24.998173,0.,-46,0.0434,36.9,0.02,23.3,171.3,-0.23,0.16
123778,5804121,16.889522,-24.998173,0.,-46,0.0434,36.9,0.02,23.3,171.3,-0.23,0.16
123778,5805197,16.889512,-24.998158,0.,-46,0.0434,36.9,0.02,23.3,171.3,-0.23,0.16
123778,5805913,16.889507,-24.998165,0.,-46,0.0434,36.9,0.02,23.3,171.3,-0.23,0.16
123778,5806278,16.889512,-24.998167,0.,-46,0.0434,36.9,0.02,23.3,171.3,-0.23,0.16
123778,5806816,16.889522,-24.998178,0.,-46,0.0434,36.9,0.02,23.3,171.20000000000002,-0.23,0.16
123778,5807354,16.889517,-24.998178,0.,-46,0.0434,36.9,0.02,23.3,171.20000000000002,-0.23,0.16
123778,5808260,16.889505,-24.998172,0.,-46,0.0434,36.9,0.02,23.3,171.20000000000002,-0.23,0.16
123778,5808434,16.889522,-24.998172,0.,-46,0.0434,36.9,0.02,23.3,171.20000000000002,-0.23,0.16
123778,5808435,16.889522,-24.998172,0.,-46,0.0434,36.9,0.02,23.3,171.20000000000002,-0.23,0.16
123778,5808621,16.889523,-24.99817,0.,-46,0.0434,36.9,0.02,23.3,171.20000000000002,-0.23,0.16
123778,5809515,16.889517,-24.998172,0.,-46,0.0434,36.9,0.02,23.3,171.20000000000002,-0.23,0.16
123778,5810420,16.88952,-24.99819,0.,-46,0.0434,36.9,0.02,23.3,171.20000000000002,-0.23,0.16
123778,5810596,16.889525,-24.99819,0.,-46,0.0434,36.9,0.02,23.3,171.20000000000002,-0.23,0.16
123778,5811678,16.889543,-24.998192,0.,-46,0.0434,36.9,0.02,23.3,171.20000000000002,-0.23,0.16
123778,5812759,16.889535,-24.99818,0.,-46,0.0434,36.9,0.02,23.3,171.20000000000002,-0.23,0.16
123778,5813836,16.889528,-24.998177,0.,-46,0.0434,36.9,0.02,23.3,171.20000000000002,-0.23,0.16
123778,5814917,16.889532,-24.998175,0.,-46,0.0434,36.9,0.02,23.3,171.20000000000002,-0.23,0.16
123778,5815997,16.88953,-24.998173,0.,-46,0.0434,36.9,0.02,23.3,171.20000000000002,-0.23,0.16
123778,5817079,16.889547,-24.998155,0.,-46,0.0434,36.9,0.02,23.3,171.20000000000002,-0.23,0.16
123778,5818523,16.88954,-24.99817,0.,-46,0.0434,36.9,0.02,23.3,171.20000000000002,-0.23,0.16
123778,5819598,16.889543,-24.998172,0.,-46,0.0434,36.9,0.02,23.3,171.20000000000002,-0.23,0.16
123778,5820683,16.889542,-24.998163,0.,-46,0.0434,36.9,0.02,23.3,171.20000000000002,-0.23,0.16
123778,5821755,16.889557,-24.998183,0.,-46,0.0434,36.9,0.02,23.3,171.10000000000002,-0.23,0.16
123778,5822840,16.889552,-24.998185,0.,-46,0.0434,36.9,0.02,23.3,171.10000000000002,-0.23,0.16
123778,5823919,16.889563,-24.99817,0.,-46,0.0434,36.9,0.02,23.3,171.10000000000002,-0.23,0.16
123778,5825004,16.889557,-24.998172,0.,-46,0.0434,36.9,0.02,23.3,171.10000000000002,-0.23,0.16
123778,5826082,16.889565,-24.998177,0.,-46,0.0434,36.9,0.02,23.3,171.10000000000002,-0.23,0.17
123778,5827163,16.889548,-24.998173,0.,-46,0.0434,36.9,0.02,23.3,171.10000000000002,-0.23,0.17
123778,5828239,16.889555,-24.998152,0.,-46,0.0434,36.9,0.02,23.3,171.10000000000002,-0.23,0.17
123778,5828243,16.889555,-24.998152,0.,-46,0.0434,36.9,0.02,23.3,171.10000000000002,-0.23,0.17
123778,5828417,16.889533,-24.998157,0.,-46,0.0434,36.9,0.02,23.3,171.10000000000002,-0.23,0.17
123778,5829323,16.889543,-24.998168,0.,-46,0.0434,36.9,0.02,23.3,171.10000000000002,-0.23,0.17
123778,5830397,16.889545,-24.998153,0.,-46,0.0434,36.9,0.02,23.3,171.10000000000002,-0.23,0.17
123778,5831480,16.889578,-24.998167,0.,-46,0.0434,36.9,0.02,23.3,171.10000000000002,-0.23,0.17
123778,5832558,16.889572,-24.998175,0.,-46,0.0434,36.9,0.02,23.3,171.10000000000002,-0.23,0.17
123778,5833635,16.889568,-24.998157,0.,-46,0.0434,36.9,0.02,23.3,171.10000000000002,-0.23,0.17
123778,5834719,16.889568,-24.998148,0.,-46,0.0434,36.9,0.02,23.3,171.10000000000002,-0.23,0.17
123778,5835799,16.889563,-24.998137,0.,-46,0.0434,36.9,0.02,23.3,171.10000000000002,-0.23,0.17
123778,5835981,16.889565,-24.998148,0.,-46,0.0434,36.9,0.02,23.3,171.10000000000002,-0.23,0.17
123778,5836883,16.889573,-24.998152,0.,-46,0.0434,36.9,0.02,23.3,171.,-0.23,0.17
123778,5837960,16.889547,-24.998143,0.,-46,0.0434,36.9,0.02,23.3,171.,-0.23,0.17
123778,5839044,16.889552,-24.998152,0.,-46,0.0434,36.9,0.02,23.3,171.,-0.23,0.17
123778,5840120,16.88956,-24.998168,0.,-46,0.0434,36.9,0.02,23.3,171.,-0.23,0.17
123778,5841200,16.889538,-24.998148,0.,-46,0.0434,36.9,0.02,23.3,171.,-0.23,0.17
123778,5842280,16.889575,-24.99813,0.,-46,0.0434,36.9,0.02,23.3,171.,-0.23,0.17
123778,5843357,16.889585,-24.998142,0.,-46,0.0434,36.9,0.02,23.3,171.,-0.23,0.17
123778,5844438,16.889597,-24.998147,0.,-46,0.0434,36.9,0.02,23.3,171.,-0.23,0.17
123778,5845524,16.889552,-24.998123,0.,-46,0.0434,36.9,0.02,23.3,171.,-0.23,0.17
123778,5846597,16.889538,-24.998163,0.,-46,0.0434,36.9,0.02,23.3,171.,-0.23,0.17
123778,5847681,16.889552,-24.99816,0.,-46,0.0434,36.9,0.02,23.3,171.,-0.23,0.17
123778,5848758,16.889552,-24.998193,0.,-46,0.0434,36.9,0.02,23.3,171.,-0.23,0.17
123778,5849840,16.889568,-24.998165,0.,-46,0.0434,36.9,0.02,23.3,171.,-0.23,0.17
123778,5850921,16.889557,-24.998138,0.,-46,0.0434,36.9,0.02,23.3,170.9,-0.23,0.17
123778,5852005,16.889575,-24.998203,0.,-46,0.0434,36.9,0.02,23.3,170.9,-0.23,0.17
123778,5853073,16.889587,-24.99815,0.,-46,0.0434,36.9,0.02,23.3,170.9,-0.23,0.17
123778,5853438,16.889525,-24.998162,0.,-46,0.0434,36.9,0.02,23.3,170.9,-0.23,0.17
123778,5854523,16.889588,-24.998123,0.,-46,0.0434,36.9,0.02,23.3,170.9,-0.23,0.17
123778,5855600,16.889577,-24.998172,0.,-46,0.0434,36.9,0.02,23.3,170.9,-0.23,0.17
123778,5856681,16.889547,-24.998153,0.,-46,0.0434,36.9,0.02,23.400000000000002,170.9,-0.23,0.17
123778,5857039,16.889555,-24.998167,0.,-46,0.0434,36.9,0.02,23.400000000000002,170.9,-0.23,0.17
123778,5857781,16.88957,-24.998172,0.,-46,0.0434,36.9,0.02,23.400000000000002,170.9,-0.23,0.18
123778,5858861,16.88955,-24.99816,0.,-46,0.0434,36.9,0.02,23.400000000000002,170.9,-0.23,0.18
123778,5859950,16.889572,-24.998175,0.,-46,0.0434,36.9,0.02,23.400000000000002,170.9,-0.23,0.18
123778,5860637,16.889568,-24.99816,0.,-46,0.0434,36.9,0.02,23.400000000000002,170.9,-0.23,0.18
123778,5861000,16.889565,-24.998158,0.,-46,0.0434,36.9,0.02,23.400000000000002,170.9,-0.23,0.18
123778,5862120,16.889557,-24.998152,0.,-46,0.0434,36.9,0.02,23.400000000000002,170.9,-0.23,0.18
123778,5863162,16.889542,-24.998167,0.,-46,0.0434,36.9,0.02,23.400000000000002,170.9,-0.23,0.18
123778,5864278,16.889552,-24.998165,0.,-46,0.0434,36.9,0.02,23.400000000000002,170.9,-0.23,0.18
123778,5865318,16.889548,-24.998163,0.,-46,0.0434,36.9,0.02,23.400000000000002,170.8,-0.23,0.18
123778,5866403,16.889573,-24.998148,0.,-46,0.0434,36.9,0.02,23.400000000000002,170.8,-0.23,0.18
123778,5867491,16.889553,-24.998162,0.,-46,0.0434,36.9,0.02,23.400000000000002,170.8,-0.23,0.18
123778,5868567,16.889537,-24.998165,0.,-46,0.0434,36.9,0.02,23.400000000000002,170.8,-0.23,0.18
123778,5869645,16.889528,-24.998168,0.,-46,0.0434,36.9,0.02,23.400000000000002,170.8,-0.23,0.18
123778,5870730,16.889533,-24.998168,0.,-46,0.0434,36.9,0.02,23.400000000000002,170.8,-0.23,0.18
123778,5871806,16.88953,-24.998172,0.,-46,0.0434,36.9,0.02,23.400000000000002,170.8,-0.23,0.18
123778,5872160,16.88953,-24.99817,0.,-46,0.0434,36.9,0.02,23.400000000000002,170.8,-0.23,0.18
123778,5872161,16.88953,-24.99817,0.,-46,0.0434,36.9,0.02,23.400000000000002,170.8,-0.23,0.18
123778,5872341,16.889537,-24.998167,0.,-46,0.0434,36.9,0.02,23.400000000000002,170.8,-0.23,0.18
123778,5872897,16.889528,-24.998167,0.,-46,0.0434,36.9,0.02,23.400000000000002,170.8,-0.23,0.18
123778,5873962,16.889528,-24.998167,0.,-46,0.0434,36.9,0.02,23.400000000000002,170.8,-0.23,0.18
123778,5875042,16.889512,-24.998172,0.,-46,0.0434,36.9,0.02,23.400000000000002,170.8,-0.23,0.18
123778,5876126,16.889518,-24.998168,0.,-46,0.0434,36.9,0.02,23.400000000000002,170.8,-0.23,0.18
123778,5877561,16.889523,-24.998162,0.,-46,0.0434,36.9,0.02,23.400000000000002,170.8,-0.23,0.18
123778,5878652,16.889525,-24.998177,0.,-46,0.0434,36.9,0.02,23.400000000000002,170.70000000000002,-0.23,0.18
123778,5879720,16.889528,-24.998173,0.,-46,0.0434,36.9,0.02,23.400000000000002,170.70000000000002,-0.23,0.18
123778,5880805,16.889525,-24.99817,0.,-46,0.0434,36.9,0.02,23.400000000000002,170.70000000000002,-0.23,0.18
123778,5881881,16.889528,-24.998163,0.,-46,0.0434,36.9,0.02,23.400000000000002,170.70000000000002,-0.23,0.18
123778,5883009,16.889523,-24.998158,0.,-46,0.0434,36.9,0.02,23.400000000000002,170.70000000000002,-0.23,0.18
123778,5884041,16.889523,-24.998172,0.,-46,0.0434,36.9,0.02,23.400000000000002,170.70000000000002,-0.23,0.18
123778,5885134,16.889523,-24.998167,0.,-46,0.0434,36.9,0.02,23.400000000000002,170.70000000000002,-0.23,0.18
123778,5886217,16.889525,-24.998165,0.,-46,0.0434,36.9,0.02,23.400000000000002,170.70000000000002,-0.23,0.18
123778,5887339,16.88953,-24.998165,0.,-46,0.0434,36.9,0.02,23.400000000000002,170.70000000000002,-0.23,0.18
123778,5888727,16.88953,-24.998168,0.,-46,0.0434,36.9,0.02,23.400000000000002,170.70000000000002,-0.23,0.18
123778,5889801,16.88952,-24.998168,0.,-46,0.0434,36.9,0.02,23.400000000000002,170.70000000000002,-0.23,0.19
123778,5890339,16.889515,-24.998168,0.,-46,0.0434,36.9,0.02,23.400000000000002,170.70000000000002,-0.23,0.19
123778,5890902,16.889515,-24.99817,0.,-46,0.0434,36.9,0.02,23.400000000000002,170.70000000000002,-0.23,0.19
123778,5891965,16.889517,-24.99817,0.,-46,0.0434,36.9,0.02,23.400000000000002,170.70000000000002,-0.23,0.19
123778,5892860,16.889527,-24.99817,0.,-46,0.0434,36.9,0.02,23.400000000000002,170.70000000000002,-0.23,0.19
123778,5893044,16.889525,-24.998177,0.,-46,0.0434,36.9,0.02,23.400000000000002,170.60000000000002,-0.23,0.19
123778,5894129,16.889518,-24.998173,0.,-46,0.0434,36.9,0.02,23.400000000000002,170.60000000000002,-0.23,0.19
123778,5895199,16.889513,-24.998175,0.,-46,0.0434,36.9,0.02,23.400000000000002,170.60000000000002,-0.23,0.19
123778,5896644,16.889512,-24.998178,0.,-46,0.0434,36.9,0.02,23.400000000000002,170.60000000000002,-0.23,0.19
123778,5897724,16.889547,-24.99818,0.,-46,0.0434,36.9,0.02,23.400000000000002,170.60000000000002,-0.23,0.19
123778,5898800,16.889537,-24.998182,0.,-46,0.0434,36.9,0.02,23.400000000000002,170.60000000000002,-0.23,0.19
123778,5899887,16.889523,-24.998173,0.,-46,0.0434,36.9,0.02,23.400000000000002,170.60000000000002,-0.23,0.19
123778,5900964,16.889518,-24.998177,0.,-46,0.0434,36.9,0.02,23.400000000000002,170.60000000000002,-0.23,0.19
123778,5902042,16.889525,-24.998168,0.,-46,0.0434,36.9,0.02,23.400000000000002,170.60000000000002,-0.23,0.19
123778,5903126,16.889528,-24.998167,0.,-46,0.0434,36.9,0.02,23.400000000000002,170.60000000000002,-0.23,0.19
123778,5904246,16.889547,-24.99816,0.,-46,0.0434,36.9,0.02,23.400000000000002,170.60000000000002,-0.23,0.19
123778,5905287,16.889528,-24.998177,0.,-46,0.0434,36.9,0.02,23.400000000000002,170.60000000000002,-0.23,0.19
123778,5906363,16.889555,-24.99817,0.,-46,0.0434,36.9,0.02,23.400000000000002,170.60000000000002,-0.23,0.19
123778,5907448,16.889572,-24.99821,0.,-46,0.0434,36.9,0.02,23.400000000000002,170.5,-0.23,0.19
123778,5908526,16.88954,-24.998162,0.,-46,0.0434,36.9,0.02,23.400000000000002,170.5,-0.23,0.19
123778,5909602,16.889548,-24.998168,0.,-46,0.0434,36.9,0.02,23.400000000000002,170.5,-0.23,0.19
123778,5910694,16.889543,-24.998172,0.,-46,0.0434,36.9,0.02,23.400000000000002,170.5,-0.23,0.19
123778,5910859,16.889543,-24.998168,0.,-46,0.0434,36.9,0.02,23.400000000000002,170.5,-0.23,0.19
123778,5911765,16.889542,-24.99818,0.,-46,0.0434,36.9,0.02,23.400000000000002,170.5,-0.23,0.19
123778,5912849,16.889553,-24.998168,0.,-46,0.0434,36.9,0.02,23.400000000000002,170.5,-0.23,0.19
123778,5913927,16.889538,-24.998168,0.,-46,0.0434,36.9,0.02,23.400000000000002,170.5,-0.23,0.19
123778,5938865,16.889582,-24.998195,0.,-46,0.0434,36.9,0.02,23.400000000000002,170.3,-0.23,0.2
123778,5939767,16.889553,-24.998137,0.,-46,0.0434,36.9,0.02,23.400000000000002,170.3,-0.23,0.2
123778,5939945,16.889607,-24.998137,0.,-46,0.0434,36.9,0.02,23.400000000000002,170.3,-0.23,0.2
123778,5941564,16.88959,-24.998135,0.,-46,0.0434,36.9,0.02,23.400000000000002,170.3,-0.23,0.2
123778,5942285,16.88958,-24.998143,0.,-46,0.0434,36.9,0.02,23.400000000000002,170.3,-0.23,0.2
123778,5960465,16.889527,-24.998178,0.,-46,0.0434,36.9,0.02,23.400000000000002,170.20000000000002,-0.23,0.21
123778,5960467,16.889527,-24.998178,0.,-46,0.0434,36.9,0.02,23.400000000000002,170.20000000000002,-0.23,0.21
123778,5960643,16.889527,-24.998185,0.,-46,0.0434,36.9,0.02,23.400000000000002,170.20000000000002,-0.23,0.21
123778,5960645,16.889527,-24.998185,0.,-46,0.0434,36.9,0.02,23.400000000000002,170.20000000000002,-0.23,0.21
123778,5966769,16.889523,-24.998188,0.,-46,0.0434,36.9,0.02,23.400000000000002,170.10000000000002,-0.23,0.21
123778,5975770,16.889522,-24.998175,0.,-46,0.0434,36.9,0.02,23.5,170.10000000000002,-0.23,0.21
123778,5977209,16.889527,-24.998168,0.,-46,0.0434,36.9,0.02,23.5,170.10000000000002,-0.23,0.21
123778,5981712,16.88951,-24.998183,0.,-46,0.0434,37.,0.02,23.5,170.,-0.23,0.21
123778,5983151,16.889528,-24.998187,0.,-46,0.0434,37.,0.02,23.5,170.,-0.23,0.21
123778,6005179,16.878738,-25.08282,8.3,-45,0.0432,36.9,0.02,23.400000000000002,161.9,-0.28,0.34
123778,6007895,16.792253,-25.145022,8.,-53,0.0419,36.9,0.02,23.3,151.8,-0.27,0.35000000000000003
123778,6008366,16.77758,-25.155562,8.3,-8,0.0444,36.9,0.02,23.400000000000002,148.9,-0.28,0.34
123778,6009346,16.747048,-25.177405,8.,-488,0.043300000000000005,36.9,0.03,23.400000000000002,140.,-0.28,0.33
123778,6010445,16.7124,-25.20248,8.2,-426,0.0432,36.9,0.02,23.400000000000002,128.70000000000002,-0.27,0.31
123778,6013485,16.62022,-25.269273,8.1,-733,0.041100000000000005,36.9,0.03,23.400000000000002,152.,-0.24,0.3
123778,6019253,16.436937,-25.400947,8.1,-934,0.0388,36.9,0.02,23.6,156.8,-0.28,0.16
123778,6019313,16.435057,-25.40232,8.3,-932,0.038700000000000005,36.9,0.02,23.6,156.70000000000002,-0.28,0.16
123778,6020383,16.400777,-25.427215,8.5,-1045,0.040600000000000004,36.9,0.02,23.6,156.10000000000002,-0.29,0.14
123778,6021645,16.360372,-25.45625,8.4,-1026,0.0405,36.9,0.02,23.6,156.20000000000002,-0.29,0.13
123778,6022033,16.34785,-25.464993,8.3,-1021,0.0392,36.9,0.02,23.6,156.3,-0.29,0.12
123778,6022833,16.321983,-25.483353,8.6,-1054,0.0391,36.9,0.02,23.6,157.10000000000002,-0.29,0.1
123778,6022878,16.320575,-25.484515,8.6,-1054,0.039,36.9,0.02,23.6,157.20000000000002,-0.29,0.1
123778,6024104,16.280812,-25.512872,8.5,-1066,0.0442,36.9,0.02,23.6,157.70000000000002,-0.31,0.08
123778,6025336,16.24094,-25.541522,8.5,-1081,0.045000000000000005,36.9,0.01,23.5,158.10000000000002,-0.34,0.05
123778,6025564,16.233585,-25.546698,8.3,-1079,0.039,36.9,0.01,23.5,157.60000000000002,-0.34,0.05
123778,6026513,16.20356,-25.56934,8.5,-1071,0.0408,36.9,0.01,23.400000000000002,157.60000000000002,-0.36,0.03
123778,6026624,16.200182,-25.572155,8.4,-1070,0.0402,36.9,0.01,23.400000000000002,158.,-0.37,0.03
123778,6026992,16.188695,-25.581388,8.4,-1068,0.038700000000000005,36.9,0.01,23.400000000000002,159.60000000000002,-0.37,0.02
123778,6027854,16.161962,-25.602272,8.5,-1097,0.0455,36.9,0.,23.3,163.9,-0.39,0.01
123778,6028361,16.146565,-25.614695,8.4,-1096,0.045200000000000004,36.9,0.,23.3,156.70000000000002,-0.39,0.
123778,6029108,16.123152,-25.632802,8.4,-1095,0.047,36.9,0.,23.3,157.,-0.39,0.
123778,6030443,16.080933,-25.66598,8.4,-1098,0.0473,36.9,-0.01,23.3,194.20000000000002,-0.37,-0.01
123778,6030683,16.073517,-25.671875,8.4,-1099,0.045000000000000005,36.9,-0.01,23.400000000000002,201.,-0.36,-0.01
123778,6031663,16.043608,-25.694827,8.1,-1099,0.046,36.9,-0.01,23.5,211.70000000000002,-0.33,-0.02
123778,6033214,15.997098,-25.731153,7.8,-1099,0.042800000000000005,36.9,-0.01,23.6,213.20000000000002,-0.27,-0.02
123778,6042943,15.693123,-25.966115,8.5,-1101,0.0415,37.,-0.02,23.700000000000003,162.60000000000002,-0.18,-0.1
123778,6042962,15.692507,-25.96656,8.5,-1101,0.041600000000000005,37.,-0.02,23.700000000000003,162.60000000000002,-0.18,-0.1
123778,6043003,15.691172,-25.967543,8.6,-1101,0.0417,37.,-0.02,23.700000000000003,162.60000000000002,-0.18,-0.1
123778,6043004,15.691172,-25.967543,8.6,-1101,0.0417,37.,-0.02,23.700000000000003,162.60000000000002,-0.18,-0.1
123778,6043012,15.690882,-25.967765,8.6,-1101,0.0417,37.,-0.02,23.700000000000003,162.60000000000002,-0.18,-0.1
123778,6043013,15.690882,-25.967765,8.6,-1101,0.0417,37.,-0.02,23.700000000000003,162.60000000000002,-0.18,-0.1
123778,6043102,15.688012,-25.969968,8.6,-1101,0.041800000000000004,37.,-0.02,23.700000000000003,162.5,-0.18,-0.1
123778,6043103,15.688012,-25.969968,8.6,-1101,0.041800000000000004,37.,-0.02,23.700000000000003,162.5,-0.18,-0.1
123778,6043162,15.686043,-25.971402,8.6,-1101,0.0419,37.,-0.02,23.700000000000003,162.5,-0.18,-0.1
123778,6043163,15.686043,-25.971402,8.6,-1101,0.0419,37.,-0.02,23.700000000000003,162.5,-0.18,-0.1
123778,6043222,15.684102,-25.972848,8.6,-1101,0.0419,37.,-0.02,23.700000000000003,162.4,-0.18,-0.1
123778,6043252,15.683132,-25.97359,8.6,-1101,0.0419,37.,-0.02,23.700000000000003,162.4,-0.18,-0.1
123778,6043283,15.682158,-25.974322,8.6,-1101,0.0419,37.,-0.02,23.700000000000003,162.4,-0.18,-0.1
123778,6043293,15.681838,-25.974568,8.6,-1101,0.0419,37.,-0.02,23.700000000000003,162.4,-0.18,-0.1
123778,6043311,15.681225,-25.975028,8.5,-1101,0.0419,37.,-0.02,23.700000000000003,162.4,-0.18,-0.1
123778,6043312,15.681225,-25.975028,8.5,-1101,0.0419,37.,-0.02,23.700000000000003,162.4,-0.18,-0.1
123778,6043403,15.678288,-25.977212,8.6,-1101,0.0419,37.,-0.02,23.700000000000003,162.3,-0.18,-0.1
123778,6043443,15.676998,-25.97817,8.5,-1101,0.041800000000000004,37.,-0.02,23.700000000000003,162.20000000000002,-0.18,-0.1
123778,6043463,15.676338,-25.978638,8.6,-1101,0.041800000000000004,37.,-0.02,23.700000000000003,162.20000000000002,-0.18,-0.1
123778,6048713,15.508823,-26.107733,8.7,-1102,0.04,36.9,-0.03,23.700000000000003,162.,-0.17,-0.08
123778,6048803,15.505833,-26.109995,8.6,-1102,0.040100000000000004,36.9,-0.03,23.700000000000003,162.,-0.17,-0.08
123778,6048822,15.505263,-26.110435,8.5,-1102,0.040100000000000004,36.9,-0.03,23.700000000000003,162.10000000000002,-0.17,-0.08
123778,6048833,15.50492,-26.110705,8.5,-1102,0.040100000000000004,36.9,-0.03,23.700000000000003,162.10000000000002,-0.17,-0.08
123778,6048843,15.504597,-26.110948,8.5,-1102,0.040100000000000004,36.9,-0.03,23.700000000000003,162.10000000000002,-0.17,-0.08
123778,6048863,15.503918,-26.11145,8.6,-1102,0.040100000000000004,36.9,-0.03,23.700000000000003,162.10000000000002,-0.17,-0.08
123778,6048864,15.503918,-26.11145,8.6,-1102,0.040100000000000004,36.9,-0.03,23.700000000000003,162.10000000000002,-0.17,-0.08
123778,6048882,15.50334,-26.111885,8.6,-1102,0.040100000000000004,36.9,-0.03,23.700000000000003,162.10000000000002,-0.17,-0.08
123778,6048893,15.502992,-26.112168,8.7,-1102,0.040100000000000004,36.9,-0.03,23.700000000000003,162.10000000000002,-0.17,-0.08
123778,6048972,15.500438,-26.114157,8.6,-1101,0.040100000000000004,36.9,-0.03,23.700000000000003,162.10000000000002,-0.17,-0.08
123778,6049815,15.47303,-26.135482,8.9,-1110,0.0392,36.9,-0.03,23.8,162.4,-0.16,-0.07
123778,6055475,15.29225,-26.274262,8.3,-1138,0.0431,37.,-0.04,24.200000000000003,155.8,-0.16,-0.08
123778,6057365,15.232323,-26.320612,8.7,-1142,0.0405,37.,-0.04,24.3,153.9,-0.16,-0.08
123778,6058444,15.197307,-26.347303,8.4,-1148,0.0427,37.,-0.04,24.400000000000002,151.9,-0.16,-0.09
123778,6059744,15.155883,-26.378742,8.7,-1152,0.0424,37.,-0.04,24.400000000000002,149.9,-0.16,-0.1
123778,6061004,15.114758,-26.410402,8.6,-1149,0.0417,37.,-0.05,24.400000000000002,148.5,-0.15,-0.11
123778,6062145,15.077928,-26.438545,8.7,-1163,0.0396,37.,-0.05,24.5,148.9,-0.15,-0.11
123778,6062355,15.070963,-26.443642,8.6,-1162,0.0393,37.,-0.05,24.5,149.20000000000002,-0.15,-0.11
123778,6062654,15.061608,-26.451158,8.5,-1161,0.0386,37.,-0.05,24.5,149.8,-0.15,-0.11
123778,6063344,15.04,-26.467627,8.2,-1159,0.0414,37.,-0.05,24.5,151.6,-0.15,-0.11
123778,6063533,15.034387,-26.471848,7.9,-1158,0.041100000000000005,37.,-0.05,24.5,151.8,-0.15,-0.11
123778,6063914,15.022803,-26.48058,8.2,-1157,0.0405,37.1,-0.05,24.5,152.5,-0.15,-0.11
123778,6064144,15.01586,-26.48611,8.2,-1157,0.040100000000000004,37.1,-0.05,24.5,152.4,-0.14,-0.11
123778,6064602,15.002055,-26.496808,7.9,-1156,0.0393,37.1,-0.05,24.5,152.8,-0.14,-0.11
123778,6065064,14.988215,-26.507117,8.1,-1175,0.042800000000000005,37.1,-0.05,24.5,153.60000000000002,-0.14,-0.11
123778,6065894,14.962943,-26.526485,8.3,-1171,0.0415,37.1,-0.05,24.5,156.20000000000002,-0.13,-0.11
123778,6067264,14.920943,-26.5585,8.3,-1166,0.042100000000000005,37.1,-0.05,24.5,160.5,-0.12,-0.1
123778,6067530,14.91283,-26.564792,7.8,-1177,0.0413,37.1,-0.05,24.5,161.3,-0.11,-0.1
123778,6068634,14.879082,-26.589915,8.1,-1185,0.041600000000000005,37.1,-0.05,24.5,165.3,-0.11,-0.1
123778,6068735,14.876053,-26.592245,8.1,-1184,0.041600000000000005,37.1,-0.05,24.5,165.4,-0.11,-0.09
123778,6081630,14.6967,-26.670383,8.3,-1194,0.0437,37.,-0.05,24.3,165.10000000000002,-0.14,-0.07
123778,6081671,14.696977,-26.668763,8.4,-1194,0.0437,37.,-0.05,24.3,165.10000000000002,-0.14,-0.07
123778,6081672,14.696977,-26.668763,8.4,-1194,0.0437,37.,-0.05,24.3,165.10000000000002,-0.14,-0.07
123778,6081731,14.697437,-26.666363,8.5,-1186,0.0427,37.,-0.05,24.3,165.20000000000002,-0.14,-0.07
123778,6081732,14.697437,-26.666363,8.5,-1186,0.0427,37.,-0.05,24.3,165.20000000000002,-0.14,-0.07
123778,6081791,14.697813,-26.663952,8.6,-1186,0.0427,37.,-0.05,24.3,165.20000000000002,-0.14,-0.07
123778,6081792,14.697813,-26.663952,8.6,-1186,0.0427,37.,-0.05,24.3,165.20000000000002,-0.14,-0.07
123778,6081851,14.698167,-26.661585,8.3,-1186,0.042800000000000005,37.,-0.05,24.3,165.3,-0.14,-0.07
123778,6081852,14.698167,-26.661585,8.3,-1186,0.042800000000000005,37.,-0.05,24.3,165.3,-0.14,-0.07
123778,6081943,14.698722,-26.658083,8.1,-1186,0.043000000000000003,37.,-0.05,24.3,165.3,-0.14,-0.07
123778,6087462,14.735793,-26.44586,7.9,-1171,0.044000000000000004,37.,-0.05,24.5,158.8,-0.17,-0.06
123778,6087463,14.735793,-26.44586,7.9,-1171,0.044000000000000004,37.,-0.05,24.5,158.8,-0.17,-0.06
123778,6087522,14.736167,-26.443543,8.2,-1172,0.044000000000000004,37.,-0.05,24.5,158.5,-0.17,-0.06
123778,6087523,14.736167,-26.443543,8.2,-1172,0.044000000000000004,37.,-0.05,24.5,158.5,-0.17,-0.06
123778,6087541,14.736308,-26.442838,8.,-1172,0.044000000000000004,37.,-0.05,24.5,158.4,-0.17,-0.06
123778,6087542,14.736308,-26.442838,8.,-1172,0.044000000000000004,37.,-0.05,24.5,158.4,-0.17,-0.06
123778,6087602,14.736752,-26.440542,8.1,-1172,0.0439,37.,-0.05,24.5,158.10000000000002,-0.17,-0.06
123778,6087613,14.736837,-26.440125,8.,-1172,0.0439,37.,-0.05,24.5,158.10000000000002,-0.17,-0.06
123778,6087722,14.737543,-26.435945,8.2,-1172,0.0439,37.,-0.05,24.5,157.60000000000002,-0.17,-0.06
123778,6087822,14.738248,-26.432085,8.2,-1172,0.0438,37.,-0.05,24.5,157.10000000000002,-0.17,-0.06
123778,6087953,14.739222,-26.427108,8.1,-1172,0.0438,37.,-0.05,24.5,156.5,-0.17,-0.06
123778,6091175,14.76017,-26.305447,7.8,-1150,0.0442,37.,-0.05,24.3,142.8,-0.2,-0.02
123778,6096754,14.79545,-26.100062,7.5,-1145,0.0466,37.,-0.06,23.8,126.60000000000001,-0.25,-0.04
123778,6103564,14.812215,-25.950373,1.,-1151,0.0417,37.1,-0.06,24.,138.1,-0.31,-0.11
123778,6103985,14.810633,-25.951918,1.2,-1151,0.0417,37.1,-0.06,24.,138.1,-0.3,-0.11
123778,6104799,14.80789,-25.954462,0.9,-1151,0.0417,37.1,-0.06,24.,138.,-0.3,-0.11
123778,6105359,14.806785,-25.956102,0.9,-1151,0.0417,37.1,-0.06,24.,137.9,-0.3,-0.11
123778,6105925,14.805392,-25.957997,1.,-1151,0.041600000000000005,37.1,-0.06,24.,137.70000000000002,-0.3,-0.11
123778,6106384,14.804003,-25.959537,0.9,-1151,0.041800000000000004,37.1,-0.06,24.,137.70000000000002,-0.3,-0.11
123778,6107218,14.80199,-25.962512,0.9,-1151,0.041800000000000004,37.1,-0.06,24.,137.5,-0.3,-0.11
123778,6107483,14.801392,-25.963447,1.,-1151,0.041800000000000004,37.1,-0.06,24.,137.4,-0.3,-0.11
123778,6108364,14.799547,-25.966723,0.9,-1151,0.041800000000000004,37.1,-0.06,24.,137.1,-0.3,-0.1
123778,6108544,14.799195,-25.967443,0.9,-1151,0.041800000000000004,37.1,-0.06,24.,137.,-0.3,-0.1
123778,6108874,14.798518,-25.968682,1.1,-1151,0.0419,37.1,-0.06,24.,136.8,-0.3,-0.1
123778,6109674,14.797018,-25.971683,0.8,-1151,0.0419,37.1,-0.06,24.,136.3,-0.3,-0.1
123778,6109983,14.796462,-25.97276,0.8,-1151,0.0419,37.1,-0.06,24.,136.20000000000002,-0.3,-0.1
123778,6111212,14.794847,-25.977533,1.,-1151,0.042,37.1,-0.06,24.,135.5,-0.3,-0.1
123778,6112277,14.793648,-25.981625,0.9,-1151,0.042100000000000005,37.,-0.06,24.,134.9,-0.29,-0.1
123778,6112494,14.793438,-25.982328,0.8,-1151,0.042100000000000005,37.,-0.06,24.,134.8,-0.29,-0.1
123778,6113534,14.792292,-25.98625,0.8,-1151,0.0422,37.,-0.06,24.,134.3,-0.29,-0.1
123778,6113874,14.791887,-25.987418,0.8,-1151,0.0422,37.,-0.06,24.,134.1,-0.29,-0.1
123778,6114825,14.790772,-25.990948,1.,-1151,0.0426,37.,-0.06,24.,133.70000000000002,-0.29,-0.1
123778,6115024,14.790508,-25.99177,0.9,-1151,0.0426,37.,-0.06,24.,133.6,-0.29,-0.1
123778,6115964,14.789718,-25.995335,0.6,-1151,0.0425,37.,-0.06,24.,133.1,-0.29,-0.1
123778,6116294,14.789572,-25.99642,0.7,-1151,0.0425,37.,-0.06,24.,133.,-0.29,-0.1
123778,6117305,14.789042,-25.999642,0.6,-1151,0.0425,37.,-0.06,24.,132.6,-0.29,-0.1
123778,6125463,14.783005,-26.025127,0.5,-1150,0.043500000000000004,37.,-0.06,23.900000000000002,130.9,-0.28,-0.08
123778,6125614,14.78288,-26.025572,0.7,-1150,0.043500000000000004,37.,-0.06,23.900000000000002,130.9,-0.28,-0.08
123778,6125653,14.782863,-26.025688,0.6,-1150,0.043500000000000004,37.,-0.06,23.900000000000002,130.9,-0.28,-0.08
123778,6125654,14.782863,-26.025688,0.6,-1150,0.043500000000000004,37.,-0.06,23.900000000000002,130.9,-0.28,-0.08
123778,6125655,14.782865,-26.025697,0.6,-1150,0.043500000000000004,37.,-0.06,23.900000000000002,130.9,-0.28,-0.08
123778,6125656,14.782865,-26.025697,0.6,-1150,0.043500000000000004,37.,-0.06,23.900000000000002,130.9,-0.28,-0.08
123778,6125658,14.78286,-26.025707,0.7,-1150,0.043500000000000004,37.,-0.06,23.900000000000002,130.9,-0.28,-0.08
123778,6125659,14.78286,-26.025707,0.7,-1150,0.043500000000000004,37.,-0.06,23.900000000000002,130.9,-0.28,-0.08
123778,6125663,14.782857,-26.025717,0.6,-1150,0.043500000000000004,37.,-0.06,23.900000000000002,130.9,-0.28,-0.08
123778,6125667,14.782853,-26.025725,0.7,-1150,0.043500000000000004,37.,-0.06,23.900000000000002,130.9,-0.28,-0.08
123778,6125796,14.7827,-26.02611,0.6,-1150,0.043500000000000004,37.,-0.06,23.900000000000002,130.9,-0.28,-0.08
123778,6125801,14.782693,-26.026123,0.6,-1150,0.043500000000000004,37.,-0.06,23.900000000000002,130.9,-0.28,-0.08
123778,6125830,14.782663,-26.026187,0.6,-1150,0.043500000000000004,37.,-0.06,23.900000000000002,130.9,-0.28,-0.08
123778,6125831,14.782663,-26.026187,0.6,-1150,0.043500000000000004,37.,-0.06,23.900000000000002,130.9,-0.28,-0.08
123778,6125838,14.782648,-26.026208,0.6,-1150,0.043500000000000004,37.,-0.06,23.900000000000002,130.9,-0.28,-0.08
123778,6131212,14.793303,-26.015502,5.6,-1149,0.0425,37.,-0.06,24.,130.4,-0.28,-0.09
123778,6131272,14.794378,-26.014337,5.6,-1149,0.0425,37.,-0.06,24.,130.4,-0.28,-0.09
123778,6131273,14.794378,-26.014337,5.6,-1149,0.0425,37.,-0.06,24.,130.4,-0.28,-0.09
123778,6131282,14.794545,-26.014158,5.8,-1149,0.0425,37.,-0.06,24.,130.4,-0.28,-0.09
123778,6131292,14.794732,-26.013958,5.8,-1149,0.0425,37.,-0.06,24.,130.4,-0.28,-0.09
123778,6131293,14.794732,-26.013958,5.8,-1149,0.0425,37.,-0.06,24.,130.4,-0.28,-0.09
123778,6131323,14.795302,-26.013335,6.,-1149,0.0425,37.,-0.06,24.,130.4,-0.28,-0.09
123778,6131332,14.795513,-26.013113,6.,-1149,0.0425,37.,-0.06,24.,130.4,-0.28,-0.09
123778,6131333,14.795513,-26.013113,6.,-1149,0.0425,37.,-0.06,24.,130.4,-0.28,-0.09
123778,6131422,14.797117,-26.011353,5.5,-1149,0.0426,37.,-0.06,24.,130.5,-0.28,-0.09
123778,6131562,14.799373,-26.008728,5.1,-1149,0.0426,37.,-0.06,24.,130.5,-0.28,-0.09
123778,6131563,14.799373,-26.008728,5.1,-1149,0.0426,37.,-0.06,24.,130.5,-0.28,-0.09
123778,6131673,14.801237,-26.0065,5.6,-1149,0.0427,37.,-0.06,24.,130.5,-0.28,-0.09
123778,6131683,14.80141,-26.006298,5.6,-1149,0.0427,37.,-0.06,24.,130.5,-0.28,-0.09
123778,6131712,14.801912,-26.0057,5.5,-1149,0.0427,37.,-0.06,24.,130.5,-0.28,-0.09
123778,6131802,14.80341,-26.003872,5.6,-1148,0.042800000000000005,37.,-0.06,24.,130.4,-0.28,-0.09
123778,6131803,14.80341,-26.003872,5.6,-1148,0.042800000000000005,37.,-0.06,24.,130.4,-0.28,-0.09
123778,6133348,14.827482,-25.976915,1.2,-1151,0.042300000000000004,37.,-0.06,24.,131.,-0.29,-0.1
123778,6138622,14.81355,-26.112665,7.6,-1144,0.046400000000000004,37.,-0.06,23.900000000000002,126.5,-0.24,-0.04
123778,6142040,14.806467,-26.199745,2.7,-1148,0.0463,37.,-0.05,24.,141.20000000000002,-0.22,-0.02
123778,6143194,14.804822,-26.22858,5.5,-1149,0.0465,37.,-0.05,24.1,148.70000000000002,-0.21,-0.02
123778,6144206,14.803118,-26.260768,7.2,-1150,0.047,37.,-0.05,24.1,147.70000000000002,-0.21,-0.02
123778,6145239,14.793762,-26.29111,2.9,-1151,0.046900000000000004,37.,-0.05,24.200000000000003,142.6,-0.2,-0.02
123778,6145543,14.790925,-26.294522,2.7,-1151,0.0439,37.,-0.05,24.200000000000003,142.4,-0.2,-0.02
123778,6146450,14.78853,-26.298387,0.7,-1151,0.0439,37.,-0.05,24.200000000000003,142.,-0.2,-0.02
123778,6147634,14.786463,-26.301372,2.3,-1151,0.044000000000000004,37.,-0.05,24.200000000000003,141.70000000000002,-0.2,-0.02
123778,6148920,14.784118,-26.325942,7.3,-1151,0.0446,37.,-0.05,24.3,139.70000000000002,-0.19,-0.03
123778,6150214,14.781788,-26.349908,5.7,-1155,0.0451,37.,-0.05,24.400000000000002,144.4,-0.19,-0.03
123778,6150800,14.779448,-26.361607,7.7,-1155,0.045200000000000004,37.,-0.05,24.400000000000002,146.70000000000002,-0.18,-0.03
123778,6151550,14.777617,-26.373193,6.9,-1155,0.045200000000000004,37.,-0.05,24.400000000000002,148.9,-0.18,-0.04
123778,6152872,14.77121,-26.406183,8.1,-1155,0.0455,37.,-0.05,24.5,154.20000000000002,-0.17,-0.04
123778,6153223,14.768637,-26.419475,7.6,-1163,0.0444,37.,-0.05,24.5,155.70000000000002,-0.17,-0.04
123778,6154183,14.764032,-26.442942,6.6,-1163,0.044500000000000005,37.1,-0.05,24.5,158.5,-0.16,-0.05
123778,6170033,14.614115,-26.783338,7.6,-1198,0.0385,37.,-0.04,24.1,163.4,-0.18,-0.08
123778,6170049,14.613593,-26.783572,7.6,-1198,0.0385,37.,-0.04,24.1,163.4,-0.18,-0.08
123778,6170063,14.613125,-26.783748,7.6,-1198,0.0385,37.,-0.04,24.1,163.4,-0.18,-0.08
123778,6170122,14.61115,-26.784648,7.9,-1198,0.0385,37.,-0.04,24.1,163.5,-0.18,-0.08
123778,6170203,14.60833,-26.785898,8.3,-1198,0.0386,37.,-0.04,24.1,163.5,-0.18,-0.08
123778,6170242,14.606903,-26.78655,8.4,-1198,0.0386,37.,-0.04,24.1,163.5,-0.18,-0.08
123778,6170243,14.606903,-26.78655,8.4,-1198,0.0386,37.,-0.04,24.1,163.5,-0.18,-0.08
123778,6175972,14.46502,-26.940045,8.5,-1202,0.0429,37.,-0.05,24.200000000000003,162.70000000000002,-0.2,-0.09
123778,6175973,14.46502,-26.940045,8.5,-1202,0.0429,37.,-0.05,24.200000000000003,162.70000000000002,-0.2,-0.09
123778,6176082,14.463575,-26.944232,8.6,-1201,0.043000000000000003,37.,-0.05,24.200000000000003,162.70000000000002,-0.2,-0.09
123778,6176112,14.463148,-26.94542,8.6,-1201,0.043000000000000003,37.,-0.05,24.200000000000003,162.60000000000002,-0.2,-0.09
123778,6176163,14.462498,-26.947357,8.6,-1201,0.0431,37.,-0.05,24.200000000000003,162.60000000000002,-0.2,-0.09
123778,6176172,14.462368,-26.947752,8.7,-1201,0.0431,37.,-0.05,24.200000000000003,162.60000000000002,-0.2,-0.09
123778,6176251,14.46131,-26.950853,8.7,-1201,0.0432,37.,-0.05,24.200000000000003,162.5,-0.2,-0.09
123778,6176322,14.46036,-26.953617,8.6,-1201,0.043300000000000005,37.,-0.05,24.200000000000003,162.5,-0.2,-0.09
123778,6176452,14.458613,-26.958658,8.5,-1201,0.041600000000000005,37.,-0.05,24.200000000000003,162.4,-0.2,-0.09
123778,6179914,14.411743,-27.094183,8.6,-1217,0.040400000000000005,37.,-0.05,24.5,160.5,-0.16,-0.08
123778,6185355,14.337085,-27.309443,8.6,-1221,0.0439,37.,-0.05,24.6,152.8,-0.16,0.
123778,6190363,14.269598,-27.505588,8.7,-1250,0.0395,37.,-0.05,24.700000000000003,152.9,-0.12,0.01
123778,6191554,14.253623,-27.551285,8.5,-1250,0.039,37.,-0.05,24.700000000000003,154.5,-0.12,0.01
123778,6191962,14.257583,-27.557182,6.5,-1251,0.039400000000000004,37.,-0.05,24.700000000000003,154.5,-0.12,0.
123778,6192635,14.27367,-27.542695,7.2,-1251,0.0396,37.,-0.05,24.700000000000003,153.9,-0.12,0.01
123778,6193158,14.282737,-27.527335,7.1,-1251,0.040100000000000004,37.,-0.05,24.700000000000003,153.70000000000002,-0.11,0.01
123778,6193983,14.293185,-27.50207,7.1,-1251,0.0419,37.,-0.05,24.700000000000003,151.9,-0.12,0.01
123778,6194482,14.300138,-27.486755,7.2,-1247,0.046700000000000005,37.,-0.05,24.700000000000003,150.20000000000002,-0.12,0.01
123778,6195213,14.310257,-27.46452,7.,-1248,0.0431,37.,-0.05,24.6,147.20000000000002,-0.12,0.01
123778,6195784,14.317777,-27.44749,6.8,-1249,0.0526,37.,-0.05,24.6,144.6,-0.13,0.01
123778,6196543,14.327813,-27.424763,7.,-1250,0.0497,37.,-0.05,24.6,143.8,-0.13,0.01
123778,6197005,14.33402,-27.411085,6.7,-1232,0.0333,37.,-0.05,24.6,143.9,-0.13,0.01
123778,6198015,14.34756,-27.381295,6.9,-1234,0.0455,37.,-0.05,24.6,143.9,-0.14,0.01
123778,6198363,14.352217,-27.370907,6.9,-1235,0.041100000000000005,37.,-0.05,24.6,143.8,-0.14,0.
123778,6199315,14.364875,-27.342442,6.7,-1237,0.040100000000000004,37.,-0.05,24.6,147.1,-0.14,0.
123778,6200502,14.38126,-27.305693,7.4,-1227,0.0454,37.,-0.05,24.6,153.,-0.14,0.
123778,6201823,14.400542,-27.26276,7.3,-1231,0.0441,37.,-0.05,24.6,156.5,-0.14,-0.01
123778,6213913,14.576528,-26.892012,7.1,-1200,0.0409,37.,-0.04,24.1,164.,-0.17,-0.08
123778,6213942,14.576958,-26.891093,7.2,-1200,0.041,37.,-0.04,24.1,164.,-0.17,-0.08
123778,6213943,14.576958,-26.891093,7.2,-1200,0.041,37.,-0.04,24.1,164.,-0.17,-0.08
123778,6213973,14.577367,-26.890192,7.,-1200,0.041100000000000005,37.,-0.04,24.1,164.,-0.17,-0.08
123778,6214002,14.5778,-26.889295,7.,-1200,0.0412,37.,-0.04,24.1,164.,-0.17,-0.08
123778,6214003,14.5778,-26.889295,7.,-1200,0.0412,37.,-0.04,24.1,164.,-0.17,-0.08
123778,6214012,14.577947,-26.888995,7.,-1200,0.0412,37.,-0.04,24.1,164.,-0.17,-0.08
123778,6214013,14.577947,-26.888995,7.,-1200,0.0412,37.,-0.04,24.1,164.,-0.17,-0.08
123778,6214051,14.578522,-26.887802,6.9,-1200,0.0413,37.,-0.04,24.1,164.,-0.17,-0.08
123778,6214053,14.578522,-26.887802,6.9,-1200,0.0413,37.,-0.04,24.1,164.,-0.17,-0.08
123778,6214063,14.57867,-26.88751,6.9,-1200,0.0414,37.,-0.04,24.1,164.,-0.17,-0.08
123778,6214071,14.578823,-26.887218,7.,-1200,0.0414,37.,-0.04,24.1,164.,-0.17,-0.08
123778,6214073,14.578823,-26.887218,7.,-1200,0.0414,37.,-0.04,24.1,164.,-0.17,-0.08
123778,6214143,14.57977,-26.88513,6.9,-1200,0.041600000000000005,37.,-0.04,24.1,164.,-0.17,-0.08
123778,6214153,14.579895,-26.884828,6.9,-1200,0.0417,37.,-0.04,24.1,164.,-0.17,-0.08
123778,6214160,14.580003,-26.884552,6.9,-1200,0.0417,37.,-0.04,24.1,164.,-0.17,-0.08
123778,6214162,14.580003,-26.884552,6.9,-1200,0.0417,37.,-0.04,24.1,164.,-0.17,-0.08
123778,6214211,14.580637,-26.882987,7.,-1200,0.0419,37.,-0.04,24.1,164.,-0.18,-0.08
123778,6214213,14.580637,-26.882987,7.,-1200,0.0419,37.,-0.04,24.1,164.,-0.18,-0.08
123778,6214273,14.581405,-26.881148,7.,-1200,0.042100000000000005,37.,-0.04,24.1,164.,-0.18,-0.08
123778,6214291,14.581678,-26.880537,7.,-1200,0.042100000000000005,37.,-0.04,24.1,164.,-0.18,-0.08
123778,6214293,14.581678,-26.880537,7.,-1200,0.042100000000000005,37.,-0.04,24.1,164.,-0.18,-0.08
123778,6214321,14.582062,-26.879598,7.1,-1200,0.0422,37.,-0.04,24.1,164.,-0.18,-0.08
123778,6214323,14.582062,-26.879598,7.1,-1200,0.0422,37.,-0.04,24.1,164.,-0.18,-0.08
123778,6214363,14.58255,-26.878333,7.1,-1200,0.0424,37.,-0.04,24.1,164.,-0.18,-0.08
123778,6219623,14.633952,-26.744367,1.,-1196,0.0429,37.,-0.04,24.200000000000003,163.5,-0.16,-0.06
123778,6219624,14.633952,-26.744367,1.,-1196,0.0429,37.,-0.04,24.200000000000003,163.5,-0.16,-0.06
123778,6219715,14.63358,-26.744935,2.4,-1196,0.0429,37.,-0.04,24.200000000000003,163.5,-0.16,-0.06
123778,6219765,14.633103,-26.745077,2.2,-1196,0.043000000000000003,37.,-0.04,24.200000000000003,163.5,-0.16,-0.06
123778,6219766,14.633103,-26.745077,2.2,-1196,0.043000000000000003,37.,-0.04,24.200000000000003,163.5,-0.16,-0.06
123778,6219775,14.63299,-26.745073,2.3,-1196,0.043000000000000003,37.,-0.04,24.200000000000003,163.5,-0.16,-0.06
123778,6219792,14.632797,-26.74504,2.3,-1196,0.043000000000000003,37.,-0.04,24.200000000000003,163.5,-0.16,-0.06
123778,6219793,14.632797,-26.74504,2.3,-1196,0.043000000000000003,37.,-0.04,24.200000000000003,163.5,-0.16,-0.06
123778,6219856,14.63256,-26.744883,0.3,-1196,0.043000000000000003,37.,-0.04,24.200000000000003,163.5,-0.16,-0.06
123778,6219865,14.632572,-26.744868,0.4,-1196,0.043000000000000003,37.,-0.04,24.200000000000003,163.5,-0.16,-0.06
123778,6219866,14.632572,-26.744868,0.4,-1196,0.043000000000000003,37.,-0.04,24.200000000000003,163.5,-0.16,-0.06
123778,6219869,14.632567,-26.74486,0.5,-1196,0.043000000000000003,37.,-0.04,24.200000000000003,163.5,-0.16,-0.06
123778,6219890,14.632443,-26.744783,1.4,-1196,0.043000000000000003,37.,-0.04,24.200000000000003,163.5,-0.16,-0.06
123778,6219898,14.632397,-26.74476,1.2,-1196,0.043000000000000003,37.,-0.04,24.200000000000003,163.5,-0.16,-0.06
123778,6219919,14.632368,-26.744688,0.9,-1196,0.043000000000000003,37.,-0.04,24.200000000000003,163.5,-0.16,-0.06
123778,6219939,14.632398,-26.744573,1.2,-1196,0.043000000000000003,37.,-0.04,24.200000000000003,163.5,-0.16,-0.06
123778,6219946,14.632407,-26.744533,1.1,-1196,0.043000000000000003,37.,-0.04,24.200000000000003,163.5,-0.16,-0.06
123778,6219970,14.632348,-26.744533,0.5,-1196,0.043000000000000003,37.,-0.04,24.200000000000003,163.5,-0.16,-0.06
123778,6219988,14.632308,-26.744582,0.6,-1196,0.043000000000000003,37.,-0.04,24.200000000000003,163.5,-0.16,-0.06
123778,6220006,14.63232,-26.7447,1.5,-1196,0.043000000000000003,37.,-0.04,24.200000000000003,163.5,-0.16,-0.06
123778,6220019,14.632318,-26.744878,2.3,-1196,0.043000000000000003,37.,-0.04,24.200000000000003,163.5,-0.16,-0.06
123778,6220023,14.632302,-26.74493,2.4,-1196,0.043000000000000003,37.,-0.04,24.200000000000003,163.5,-0.16,-0.06
123778,6220028,14.632263,-26.744987,2.5,-1196,0.043000000000000003,37.,-0.04,24.200000000000003,163.5,-0.16,-0.06
123778,6220029,14.632263,-26.744987,2.5,-1196,0.043000000000000003,37.,-0.04,24.200000000000003,163.5,-0.16,-0.06
123778,6220033,14.632213,-26.74504,2.7,-1196,0.043000000000000003,37.,-0.04,24.200000000000003,163.5,-0.16,-0.06
123778,6220036,14.63218,-26.745073,2.8,-1196,0.043000000000000003,37.,-0.04,24.200000000000003,163.5,-0.16,-0.06
123778,6220037,14.63218,-26.745073,2.8,-1196,0.043000000000000003,37.,-0.04,24.200000000000003,163.5,-0.16,-0.06
123778,6220039,14.632148,-26.745108,2.9,-1196,0.043000000000000003,37.,-0.04,24.200000000000003,163.5,-0.16,-0.06
123778,6220052,14.632015,-26.745293,3.5,-1196,0.043000000000000003,37.,-0.04,24.200000000000003,163.5,-0.16,-0.06
123778,6220077,14.63179,-26.745633,3.2,-1196,0.043000000000000003,37.,-0.04,24.200000000000003,163.5,-0.16,-0.06
123778,6220106,14.631515,-26.745785,2.4,-1196,0.043000000000000003,37.,-0.04,24.200000000000003,163.5,-0.16,-0.06
123778,6220117,14.631373,-26.745823,2.8,-1196,0.0431,37.,-0.04,24.200000000000003,163.5,-0.16,-0.06
123778,6220130,14.631198,-26.74592,3.2,-1195,0.0431,37.,-0.04,24.200000000000003,163.5,-0.16,-0.06
123778,6220133,14.63116,-26.74595,3.3,-1195,0.0431,37.,-0.04,24.200000000000003,163.5,-0.16,-0.06
123778,6220134,14.63116,-26.74595,3.3,-1195,0.0431,37.,-0.04,24.200000000000003,163.5,-0.16,-0.06
123778,6220137,14.631107,-26.745992,3.4,-1195,0.0431,37.,-0.04,24.200000000000003,163.5,-0.16,-0.06
123778,6220144,14.631028,-26.746055,3.5,-1195,0.0431,37.,-0.04,24.200000000000003,163.5,-0.16,-0.06
123778,6220149,14.630958,-26.74611,3.6,-1195,0.0431,37.,-0.04,24.200000000000003,163.5,-0.16,-0.06
123778,6220186,14.630325,-26.746528,4.5,-1195,0.0431,37.,-0.04,24.200000000000003,163.5,-0.16,-0.06
123778,6220188,14.630325,-26.746528,4.5,-1195,0.0431,37.,-0.04,24.200000000000003,163.5,-0.16,-0.06
123778,6221881,14.594298,-26.75122,3.6,-1198,0.0402,37.,-0.04,24.200000000000003,163.5,-0.18,-0.06
123778,6224974,14.556325,-26.8106,2.,-1199,0.039900000000000005,37.,-0.04,24.200000000000003,164.10000000000002,-0.2,-0.07
123778,6226164,14.555932,-26.833153,5.5,-1199,0.0393,37.,-0.04,24.200000000000003,164.20000000000002,-0.19,-0.08
123778,6227187,14.558118,-26.85481,7.2,-1200,0.040100000000000004,37.,-0.04,24.200000000000003,164.4,-0.19,-0.08
123778,6227429,14.557902,-26.860108,3.5,-1200,0.0397,37.,-0.04,24.1,164.4,-0.19,-0.08
123778,6227584,14.557727,-26.864388,4.9,-1200,0.0393,37.,-0.04,24.1,164.5,-0.19,-0.08
123778,6228353,14.555728,-26.884965,7.1,-1200,0.041600000000000005,37.,-0.04,24.1,164.5,-0.18,-0.08
123778,6228835,14.553515,-26.893715,4.5,-1200,0.0407,37.,-0.04,24.200000000000003,164.4,-0.18,-0.08
123778,6229506,14.545947,-26.916297,7.8,-1200,0.038200000000000005,37.,-0.04,24.200000000000003,164.10000000000002,-0.18,-0.08
123778,6229951,14.543323,-26.923345,5.,-1200,0.042,37.,-0.04,24.200000000000003,164.,-0.18,-0.08
123778,6230743,14.53717,-26.942488,7.2,-1200,0.0417,37.,-0.04,24.200000000000003,163.8,-0.18,-0.08
123778,6231095,14.535718,-26.946478,7.3,-1200,0.042,37.,-0.04,24.200000000000003,163.8,-0.18,-0.08
123778,6232033,14.523555,-26.973065,7.1,-1200,0.0405,37.,-0.04,24.200000000000003,163.9,-0.17,-0.08
123778,6233261,14.515737,-26.996553,4.2,-1200,0.0422,37.,-0.04,24.200000000000003,164.20000000000002,-0.17,-0.08
123778,6234600,14.504565,-27.023625,3.4,-1200,0.041,37.,-0.04,24.3,164.5,-0.16,-0.08
123778,6235811,14.497087,-27.048683,2.2,-1202,0.0397,37.,-0.04,24.3,164.5,-0.16,-0.07
123778,6236358,14.493727,-27.058238,7.1,-1201,0.0398,37.,-0.04,24.3,164.20000000000002,-0.16,-0.07
123778,6237043,14.49065,-27.083593,8.1,-1209,0.039900000000000005,37.,-0.04,24.400000000000002,163.4,-0.15,-0.07
123778,6238397,14.48513,-27.098993,6.8,-1207,0.04,37.,-0.04,24.400000000000002,163.,-0.15,-0.07
123778,6238787,14.483623,-27.104162,1.7,-1207,0.04,37.,-0.04,24.400000000000002,162.8,-0.15,-0.06
123778,6239815,14.480547,-27.12289,7.1,-1205,0.0402,37.,-0.04,24.400000000000002,162.3,-0.14,-0.06
123778,6258483,14.367345,-27.575592,8.,-1253,0.0414,37.,-0.05,24.700000000000003,152.5,-0.09,-0.04
123778,6258484,14.367345,-27.575592,8.,-1253,0.0414,37.,-0.05,24.700000000000003,152.5,-0.09,-0.04
123778,6258533,14.368147,-27.57732,8.,-1253,0.0414,37.,-0.05,24.700000000000003,152.6,-0.09,-0.04
123778,6258534,14.368147,-27.57732,8.,-1253,0.0414,37.,-0.05,24.700000000000003,152.6,-0.09,-0.04
123778,6258543,14.368293,-27.57767,8.,-1253,0.0414,37.,-0.05,24.700000000000003,152.6,-0.09,-0.04
123778,6258604,14.369207,-27.57975,8.,-1253,0.0413,37.,-0.05,24.700000000000003,152.70000000000002,-0.09,-0.04
123778,6258664,14.370088,-27.581797,7.7,-1253,0.0413,37.,-0.05,24.700000000000003,152.9,-0.09,-0.04
123778,6258683,14.370362,-27.582473,7.7,-1253,0.0413,37.,-0.05,24.700000000000003,152.9,-0.09,-0.04
123778,6258684,14.370362,-27.582473,7.7,-1253,0.0413,37.,-0.05,24.700000000000003,152.9,-0.09,-0.04
123778,6258702,14.370638,-27.583112,7.7,-1253,0.0413,37.,-0.05,24.700000000000003,152.9,-0.09,-0.04
123778,6258703,14.370638,-27.583112,7.7,-1253,0.0413,37.,-0.05,24.700000000000003,152.9,-0.09,-0.04
123778,6258723,14.370967,-27.583807,7.8,-1258,0.0429,37.,-0.05,24.700000000000003,153.,-0.09,-0.04
123778,6258922,14.373947,-27.59053,7.7,-1258,0.0429,37.,-0.05,24.700000000000003,153.3,-0.09,-0.04
123778,6264347,14.3168,-27.79126,8.5,-1269,0.036000000000000004,37.,-0.05,24.700000000000003,151.8,-0.06,-0.06
123778,6264440,14.315523,-27.794762,8.4,-1269,0.037200000000000004,37.,-0.05,24.700000000000003,152.1,-0.05,-0.06
123778,6264446,14.315433,-27.794988,8.4,-1269,0.0371,37.,-0.05,24.700000000000003,152.1,-0.05,-0.06
123778,6264447,14.315433,-27.794988,8.4,-1269,0.0371,37.,-0.05,24.700000000000003,152.1,-0.05,-0.06
123778,6264460,14.315222,-27.795458,8.4,-1269,0.0371,37.,-0.05,24.700000000000003,152.1,-0.05,-0.06
123778,6264475,14.315018,-27.795987,8.4,-1269,0.0371,37.,-0.05,24.700000000000003,152.20000000000002,-0.05,-0.06
123778,6264480,14.31493,-27.79625,8.4,-1268,0.0371,37.,-0.05,24.700000000000003,152.20000000000002,-0.05,-0.06
123778,6264483,14.31493,-27.79625,8.4,-1268,0.0371,37.,-0.05,24.700000000000003,152.20000000000002,-0.05,-0.06
123778,6264541,14.314205,-27.798535,8.5,-1268,0.0369,37.,-0.05,24.700000000000003,152.4,-0.05,-0.05
123778,6264600,14.313363,-27.800812,8.5,-1268,0.0367,37.,-0.05,24.700000000000003,152.5,-0.05,-0.05
123778,6264704,14.311938,-27.804712,8.5,-1268,0.0364,37.,-0.05,24.700000000000003,152.8,-0.05,-0.05
123778,6268676,14.258342,-27.954225,8.5,-1275,0.035300000000000005,37.,-0.04,24.8,165.70000000000002,-0.03,-0.03
123778,6275825,14.159002,-28.22982,9.1,-1297,0.0345,37.1,-0.03,24.8,166.,-0.02,-0.01
123778,6277073,14.14098,-28.28047,9.2,-1300,0.0332,37.1,-0.02,24.700000000000003,165.20000000000002,-0.04,-0.01
123778,6278768,14.120418,-28.321237,6.9,-1298,0.037200000000000004,37.1,-0.02,24.700000000000003,165.20000000000002,-0.05,-0.01
123778,6279714,14.126893,-28.292508,6.5,-1300,0.0332,37.1,-0.02,24.700000000000003,165.4,-0.05,-0.01
123778,6280122,14.129997,-28.280518,5.9,-1300,0.033100000000000004,37.1,-0.02,24.700000000000003,165.5,-0.04,-0.01
123778,6280863,14.135515,-28.257643,6.9,-1301,0.033100000000000004,37.,-0.02,24.700000000000003,165.8,-0.04,-0.01
123778,6281294,14.138428,-28.244268,6.7,-1295,0.0371,37.,-0.02,24.700000000000003,166.10000000000002,-0.03,-0.02
123778,6282003,14.144143,-28.222232,7.,-1297,0.0364,37.,-0.02,24.700000000000003,166.10000000000002,-0.03,-0.02
123778,6282554,14.147968,-28.20487,6.7,-1298,0.0398,37.,-0.03,24.700000000000003,166.20000000000002,-0.03,-0.02
123778,6283363,14.154355,-28.17917,6.8,-1299,0.0376,37.,-0.03,24.8,166.3,-0.03,-0.02
123778,6283783,14.157377,-28.166083,6.6,-1293,0.041,37.,-0.03,24.8,166.4,-0.02,-0.02
123778,6284675,14.164158,-28.138573,6.7,-1295,0.038400000000000004,37.,-0.03,24.8,166.5,-0.03,-0.02
123778,6285183,14.16802,-28.122703,6.6,-1288,0.0396,37.,-0.03,24.8,166.60000000000002,-0.03,-0.02
123778,6287163,14.182865,-28.060828,7.,-1283,0.0415,37.,-0.03,24.8,166.8,-0.03,-0.03
123778,6302232,14.298303,-27.596972,6.,-1256,0.0412,37.,-0.05,24.700000000000003,147.1,-0.1,-0.06
123778,6302302,14.298892,-27.595013,6.2,-1256,0.041100000000000005,37.,-0.05,24.700000000000003,147.1,-0.1,-0.06
123778,6302311,14.29897,-27.59476,6.2,-1256,0.041100000000000005,37.,-0.05,24.700000000000003,147.1,-0.1,-0.06
123778,6302352,14.299282,-27.593603,6.1,-1256,0.041,37.,-0.05,24.700000000000003,147.1,-0.1,-0.06
123778,6302362,14.299362,-27.593318,6.3,-1256,0.041,37.,-0.05,24.700000000000003,147.1,-0.1,-0.06
123778,6302462,14.3002,-27.590335,6.4,-1256,0.0408,37.,-0.05,24.700000000000003,147.,-0.1,-0.06
123778,6302481,14.300358,-27.589777,6.4,-1256,0.0408,37.,-0.05,24.700000000000003,147.,-0.1,-0.06
123778,6302501,14.30053,-27.58919,6.4,-1256,0.0408,37.,-0.05,24.700000000000003,147.,-0.1,-0.06
123778,6302511,14.300608,-27.58893,6.4,-1256,0.0408,37.,-0.05,24.700000000000003,147.,-0.1,-0.06
123778,6302523,14.300705,-27.588577,6.4,-1256,0.0407,37.,-0.05,24.700000000000003,147.,-0.1,-0.06
123778,6302571,14.301083,-27.587175,6.4,-1256,0.0407,37.,-0.05,24.700000000000003,147.,-0.1,-0.06
123778,6302661,14.30189,-27.584503,6.3,-1256,0.0405,37.,-0.05,24.700000000000003,147.,-0.1,-0.06
123778,6308081,14.324955,-27.549308,2.,-1253,0.0409,37.,-0.05,24.700000000000003,146.6,-0.1,-0.06
123778,6308085,14.325,-27.549262,2.,-1253,0.0409,37.,-0.05,24.700000000000003,146.6,-0.1,-0.06
123778,6308241,14.325707,-27.553652,7.7,-1253,0.041100000000000005,37.,-0.05,24.700000000000003,146.6,-0.1,-0.06
123778,6308242,14.325707,-27.553652,7.7,-1253,0.041100000000000005,37.,-0.05,24.700000000000003,146.6,-0.1,-0.06
123778,6308258,14.325723,-27.554275,7.8,-1254,0.041100000000000005,37.,-0.05,24.700000000000003,146.6,-0.1,-0.06
123778,6308259,14.325723,-27.554275,7.8,-1254,0.041100000000000005,37.,-0.05,24.700000000000003,146.6,-0.1,-0.06
123778,6308261,14.325732,-27.55435,7.9,-1254,0.041100000000000005,37.,-0.05,24.700000000000003,146.6,-0.1,-0.06
123778,6308262,14.325732,-27.55435,7.9,-1254,0.041100000000000005,37.,-0.05,24.700000000000003,146.6,-0.1,-0.06
123778,6308275,14.325757,-27.554918,8.,-1254,0.041100000000000005,37.,-0.05,24.700000000000003,146.6,-0.1,-0.06
123778,6308276,14.325757,-27.554918,8.,-1254,0.041100000000000005,37.,-0.05,24.700000000000003,146.6,-0.1,-0.06
123778,6308321,14.32583,-27.556668,8.2,-1254,0.0412,37.,-0.05,24.700000000000003,146.6,-0.1,-0.06
123778,6308395,14.32601,-27.559585,7.9,-1254,0.0413,37.,-0.05,24.700000000000003,146.70000000000002,-0.1,-0.06
123778,6308406,14.326008,-27.55994,7.7,-1254,0.0413,37.,-0.05,24.700000000000003,146.70000000000002,-0.1,-0.06
123778,6308408,14.32601,-27.560012,7.6,-1254,0.0413,37.,-0.05,24.700000000000003,146.70000000000002,-0.1,-0.06
123778,6308441,14.326125,-27.561178,7.6,-1254,0.0414,37.,-0.05,24.700000000000003,146.70000000000002,-0.1,-0.06
123778,6310658,14.323048,-27.62282,7.1,-1259,0.0427,37.,-0.05,24.700000000000003,147.8,-0.09,-0.07
123778,6312683,14.301655,-27.682265,5.9,-1264,0.039400000000000004,37.,-0.04,24.700000000000003,150.20000000000002,-0.09,-0.08
123778,6313811,14.289817,-27.711557,7.4,-1263,0.0395,37.,-0.04,24.700000000000003,150.20000000000002,-0.09,-0.08
123778,6314328,14.287137,-27.720062,6.9,-1262,0.039400000000000004,37.,-0.04,24.700000000000003,150.4,-0.09,-0.08
123778,6315098,14.279558,-27.742627,3.4,-1262,0.039,37.,-0.04,24.700000000000003,151.4,-0.08,-0.08
123778,6315474,14.276163,-27.752042,6.2,-1268,0.0396,37.,-0.04,24.700000000000003,151.9,-0.08,-0.08
123778,6316325,14.267285,-27.77473,8.5,-1267,0.039,37.,-0.04,24.700000000000003,153.60000000000002,-0.08,-0.08
123778,6317633,14.256722,-27.800847,7.8,-1265,0.0392,37.,-0.04,24.700000000000003,155.70000000000002,-0.08,-0.08
123778,6318871,14.244327,-27.830958,1.9,-1271,0.038700000000000005,37.,-0.04,24.700000000000003,158.3,-0.07,-0.07
123778,6320061,14.23095,-27.861983,3.,-1278,0.0375,37.,-0.04,24.700000000000003,161.,-0.07,-0.07
123778,6321390,14.219252,-27.888912,6.9,-1276,0.0378,37.,-0.04,24.700000000000003,163.,-0.06,-0.06
123778,6322060,14.213418,-27.90087,3.6,-1275,0.037000000000000005,37.,-0.04,24.8,163.8,-0.06,-0.06
123778,6322704,14.209103,-27.915022,7.8,-1274,0.0362,37.,-0.04,24.8,164.8,-0.06,-0.06
123778,6323148,14.204175,-27.926905,4.5,-1283,0.0403,37.,-0.04,24.8,165.20000000000002,-0.06,-0.06
123778,6324084,14.19644,-27.94357,7.6,-1281,0.0405,37.,-0.04,24.8,165.4,-0.05,-0.06
123778,6346723,13.984395,-28.613173,8.6,-1330,0.037200000000000004,37.1,-0.01,24.700000000000003,155.3,-0.12,-0.03
123778,6346741,13.984045,-28.61387,8.6,-1330,0.0371,37.1,-0.01,24.700000000000003,155.3,-0.12,-0.03
123778,6346751,13.983858,-28.614237,8.7,-1330,0.0371,37.1,-0.01,24.700000000000003,155.4,-0.12,-0.03
123778,6346791,13.983113,-28.615693,8.7,-1330,0.0368,37.1,-0.01,24.700000000000003,155.5,-0.12,-0.03
123778,6346792,13.983113,-28.615693,8.7,-1330,0.0368,37.1,-0.01,24.700000000000003,155.5,-0.12,-0.03
123778,6346811,13.982733,-28.616427,8.7,-1330,0.0367,37.1,-0.01,24.700000000000003,155.5,-0.12,-0.03
123778,6346814,13.982672,-28.616533,8.7,-1330,0.0367,37.1,-0.01,24.700000000000003,155.60000000000002,-0.12,-0.03
123778,6346841,13.98212,-28.61749,8.6,-1330,0.036500000000000005,37.1,-0.01,24.700000000000003,155.60000000000002,-0.12,-0.03
123778,6346842,13.98212,-28.61749,8.6,-1330,0.036500000000000005,37.1,-0.01,24.700000000000003,155.60000000000002,-0.12,-0.03
123778,6346852,13.98194,-28.617857,8.7,-1330,0.036500000000000005,37.1,-0.01,24.700000000000003,155.70000000000002,-0.12,-0.03
123778,6346861,13.981757,-28.618222,8.7,-1330,0.0364,37.1,-0.01,24.700000000000003,155.70000000000002,-0.12,-0.03
123778,6346862,13.981757,-28.618222,8.7,-1330,0.0364,37.1,-0.01,24.700000000000003,155.70000000000002,-0.12,-0.03
123778,6346870,13.981602,-28.61855,8.6,-1330,0.0364,37.1,-0.01,24.700000000000003,155.70000000000002,-0.12,-0.03
123778,6346871,13.981602,-28.61855,8.6,-1330,0.0364,37.1,-0.01,24.700000000000003,155.70000000000002,-0.12,-0.03
123778,6346892,13.981217,-28.619337,8.4,-1330,0.0362,37.1,-0.01,24.700000000000003,155.8,-0.12,-0.03
123778,6346893,13.981217,-28.619337,8.4,-1330,0.0362,37.1,-0.01,24.700000000000003,155.8,-0.12,-0.03
123778,6346901,13.981033,-28.619638,8.3,-1329,0.0362,37.1,-0.01,24.700000000000003,155.8,-0.12,-0.03
123778,6346902,13.981033,-28.619638,8.3,-1329,0.0362,37.1,-0.01,24.700000000000003,155.8,-0.12,-0.03
123778,6347060,13.977938,-28.62537,8.6,-1329,0.0405,37.1,-0.01,24.700000000000003,156.20000000000002,-0.12,-0.03
123778,6347061,13.977938,-28.62537,8.6,-1329,0.0405,37.1,-0.01,24.700000000000003,156.20000000000002,-0.12,-0.03
123778,6347152,13.976113,-28.628503,8.5,-1329,0.040400000000000005,37.1,-0.01,24.700000000000003,156.4,-0.12,-0.03
123778,6347171,13.975723,-28.629168,8.6,-1328,0.0403,37.1,-0.01,24.700000000000003,156.4,-0.12,-0.03
123778,6347230,13.974478,-28.631298,8.7,-1328,0.0402,37.1,-0.01,24.700000000000003,156.60000000000002,-0.12,-0.03
123778,6347231,13.974478,-28.631298,8.7,-1328,0.0402,37.1,-0.01,24.700000000000003,156.60000000000002,-0.12,-0.03
123778,6347260,13.973875,-28.632397,8.8,-1328,0.0402,37.1,-0.01,24.700000000000003,156.60000000000002,-0.12,-0.03
123778,6347262,13.973875,-28.632397,8.8,-1328,0.0402,37.1,-0.01,24.700000000000003,156.60000000000002,-0.12,-0.03
123778,6347278,13.973503,-28.633062,8.8,-1328,0.040100000000000004,37.1,-0.01,24.700000000000003,156.70000000000002,-0.12,-0.03
123778,6347295,13.973145,-28.633613,8.8,-1328,0.040100000000000004,37.1,-0.01,24.700000000000003,156.70000000000002,-0.12,-0.03
123778,6347311,13.972747,-28.6342,8.8,-1328,0.040100000000000004,37.1,-0.01,24.700000000000003,156.70000000000002,-0.12,-0.03
123778,6352235,13.874857,-28.812583,8.6,-1345,0.0358,37.,0.,24.6,149.6,-0.16,0.01
123778,6357595,13.768553,-29.00537,8.9,-1394,0.0441,37.,0.02,24.8,152.5,-0.26,0.2
123778,6359041,13.739505,-29.05839,8.6,-1403,0.0458,37.,0.03,24.8,153.20000000000002,-0.28,0.19
123778,6360192,13.716682,-29.09902,8.5,-1405,0.046400000000000004,36.9,0.03,24.8,155.3,-0.29,0.19
123778,6361393,13.692962,-29.141967,8.4,-1405,0.0463,36.9,0.03,24.8,159.4,-0.3,0.18
123778,6362695,13.666568,-29.189318,8.9,-1410,0.0432,36.9,0.04,24.8,162.5,-0.31,0.17
123778,6363213,13.660935,-29.190157,5.4,-1410,0.043500000000000004,36.9,0.04,24.8,162.8,-0.31,0.17
123778,6363872,13.663675,-29.170603,6.3,-1411,0.0434,36.9,0.03,24.8,162.60000000000002,-0.3,0.17
123778,6364353,13.667913,-29.156597,6.3,-1404,0.0468,36.9,0.03,24.8,162.3,-0.3,0.17
123778,6365053,13.674258,-29.137027,6.3,-1404,0.0463,36.9,0.03,24.8,161.70000000000002,-0.3,0.18
123778,6366544,13.68732,-29.094068,6.7,-1405,0.046,37.,0.03,24.8,160.5,-0.28,0.17
123778,6366899,13.690982,-29.08403,6.5,-1405,0.0459,37.,0.03,24.8,160.10000000000002,-0.28,0.17
123778,6367623,13.702835,-29.064615,6.4,-1398,0.0455,37.,0.02,24.8,158.70000000000002,-0.27,0.17
123778,6368063,13.70982,-29.052663,6.6,-1399,0.0441,37.,0.02,24.8,157.9,-0.27,0.17
123778,6369435,13.732835,-29.015735,6.6,-1403,0.0431,37.,0.02,24.8,155.9,-0.26,0.17
123778,6370303,13.747037,-28.992967,7.,-1392,0.042800000000000005,37.,0.02,24.8,155.3,-0.25,0.17
123778,6370662,13.7531,-28.983465,6.5,-1368,0.0425,37.,0.02,24.8,155.20000000000002,-0.25,0.17
123778,6373114,13.795837,-28.917342,7.,-1384,0.0362,37.,0.01,24.700000000000003,151.20000000000002,-0.21,0.13
123778,6384913,14.01478,-28.623278,6.6,-1321,0.0332,37.1,-0.01,24.6,154.5,-0.11,-0.01
123778,6384914,14.01478,-28.623278,6.6,-1321,0.0332,37.1,-0.01,24.6,154.5,-0.11,-0.01
123778,6384963,14.015792,-28.622152,6.4,-1321,0.0333,37.1,-0.01,24.6,154.5,-0.11,-0.01
123778,6384964,14.015792,-28.622152,6.4,-1321,0.0333,37.1,-0.01,24.6,154.5,-0.11,-0.01
123778,6384973,14.015978,-28.621912,6.5,-1321,0.0333,37.1,-0.01,24.6,154.5,-0.11,-0.01
123778,6384974,14.015978,-28.621912,6.5,-1321,0.0333,37.1,-0.01,24.6,154.5,-0.11,-0.01
123778,6385013,14.016828,-28.620953,6.8,-1321,0.0334,37.1,-0.01,24.6,154.4,-0.11,-0.01
123778,6385033,14.01725,-28.620492,6.5,-1321,0.0334,37.1,-0.01,24.6,154.4,-0.11,-0.01
123778,6385034,14.01725,-28.620492,6.5,-1321,0.0334,37.1,-0.01,24.6,154.4,-0.11,-0.01
123778,6385113,14.018777,-28.61876,5.9,-1321,0.033600000000000005,37.1,-0.01,24.6,154.3,-0.11,-0.01
123778,6385153,14.019567,-28.61794,6.2,-1321,0.0337,37.1,-0.01,24.6,154.20000000000002,-0.11,-0.01
123778,6385213,14.020793,-28.616667,5.9,-1321,0.033800000000000004,37.1,-0.01,24.6,154.20000000000002,-0.11,-0.01
123778,6390483,14.139002,-28.505368,5.3,-1315,0.0374,37.1,-0.02,24.5,158.70000000000002,-0.05,0.04
123778,6390504,14.139378,-28.505037,5.4,-1315,0.0374,37.1,-0.02,24.5,158.70000000000002,-0.05,0.04
123778,6390594,14.141167,-28.503567,5.5,-1315,0.0373,37.1,-0.02,24.5,158.8,-0.05,0.04
123778,6390643,14.142145,-28.502752,5.4,-1315,0.037200000000000004,37.1,-0.02,24.5,158.9,-0.04,0.04
123778,6390653,14.142325,-28.502612,5.4,-1315,0.037200000000000004,37.1,-0.02,24.5,158.9,-0.04,0.04
123778,6390664,14.142553,-28.502415,5.3,-1315,0.037200000000000004,37.1,-0.02,24.5,158.9,-0.04,0.04
123778,6390672,14.142695,-28.502298,5.,-1315,0.037200000000000004,37.1,-0.02,24.5,158.9,-0.04,0.04
123778,6390673,14.142695,-28.502298,5.,-1315,0.037200000000000004,37.1,-0.02,24.5,158.9,-0.04,0.04
123778,6390693,14.143073,-28.501963,5.2,-1315,0.0371,37.1,-0.02,24.5,158.9,-0.04,0.04
123778,6390694,14.143073,-28.501963,5.2,-1315,0.0371,37.1,-0.02,24.5,158.9,-0.04,0.04
123778,6390703,14.143272,-28.5018,5.4,-1315,0.0371,37.1,-0.02,24.5,158.9,-0.04,0.04
123778,6390732,14.14385,-28.501318,5.4,-1315,0.0371,37.1,-0.02,24.5,158.9,-0.04,0.04
123778,6390763,14.144455,-28.500813,5.4,-1315,0.037000000000000005,37.1,-0.02,24.5,159.,-0.04,0.04
123778,6390884,14.146757,-28.498895,4.9,-1306,0.0369,37.1,-0.02,24.5,159.,-0.04,0.04
123778,6390885,14.146757,-28.498895,4.9,-1306,0.0369,37.1,-0.02,24.5,159.,-0.04,0.04
123778,6390914,14.14724,-28.498495,4.4,-1306,0.0369,37.1,-0.02,24.5,159.10000000000002,-0.04,0.04
123778,6390945,14.147738,-28.498152,4.2,-1306,0.037000000000000005,37.1,-0.02,24.5,159.10000000000002,-0.04,0.04
123778,6390974,14.148168,-28.497813,4.1,-1306,0.037000000000000005,37.1,-0.02,24.5,159.10000000000002,-0.04,0.04
123778,6390983,14.148317,-28.497678,4.2,-1306,0.037000000000000005,37.1,-0.02,24.5,159.10000000000002,-0.04,0.04
123778,6390984,14.148317,-28.497678,4.2,-1306,0.037000000000000005,37.1,-0.02,24.5,159.10000000000002,-0.04,0.04
123778,6390993,14.148468,-28.49755,4.2,-1306,0.037000000000000005,37.1,-0.02,24.5,159.10000000000002,-0.04,0.04
123778,6391004,14.148645,-28.497418,4.2,-1306,0.0371,37.1,-0.02,24.5,159.10000000000002,-0.04,0.04
123778,6391005,14.148645,-28.497418,4.2,-1306,0.0371,37.1,-0.02,24.5,159.10000000000002,-0.04,0.04
123778,6391042,14.149228,-28.496947,4.,-1306,0.0371,37.1,-0.02,24.5,159.10000000000002,-0.04,0.04
123778,6391043,14.149228,-28.496947,4.,-1306,0.0371,37.1,-0.02,24.5,159.10000000000002,-0.04,0.04
123778,6391053,14.149385,-28.496832,4.1,-1306,0.0371,37.1,-0.02,24.5,159.10000000000002,-0.04,0.04
123778,6391093,14.149988,-28.496412,3.9,-1306,0.037200000000000004,37.1,-0.02,24.5,159.10000000000002,-0.04,0.04
123778,6391223,14.151868,-28.494977,4.1,-1306,0.0374,37.1,-0.02,24.5,159.10000000000002,-0.04,0.04
123778,6394121,14.164948,-28.514962,7.8,-1316,0.037200000000000004,37.1,-0.02,24.5,159.8,-0.04,0.06
123778,6398314,14.14791,-28.606977,7.4,-1321,0.035500000000000004,37.1,-0.01,24.5,161.4,-0.07,0.06
123778,6399463,14.136272,-28.626765,7.5,-1319,0.034,37.1,-0.01,24.5,161.5,-0.08,0.05
123778,6399568,14.135465,-28.627435,2.8,-1318,0.034,37.1,-0.01,24.5,161.5,-0.08,0.05
123778,6399764,14.13473,-28.629373,4.8,-1318,0.034,37.1,-0.01,24.5,161.5,-0.08,0.05
123778,6400720,14.121273,-28.645403,5.1,-1316,0.0339,37.1,-0.01,24.5,161.60000000000002,-0.09,0.04
123778,6401094,14.121135,-28.645858,0.5,-1316,0.0339,37.1,-0.01,24.5,161.60000000000002,-0.09,0.04
123778,6401898,14.115318,-28.657297,6.1,-1315,0.0339,37.1,-0.01,24.5,161.8,-0.1,0.04
123778,6403106,14.09855,-28.683473,2.1,-1324,0.034,37.1,-0.01,24.5,162.20000000000002,-0.11,0.04
123778,6404424,14.083792,-28.706538,5.8,-1321,0.034,37.1,-0.01,24.5,163.10000000000002,-0.12,0.04
123778,6405695,14.071203,-28.727908,7.9,-1331,0.0379,37.,-0.01,24.5,164.20000000000002,-0.13,0.04
123778,6407028,14.049297,-28.759682,5.6,-1340,0.0385,37.,0.,24.5,164.10000000000002,-0.14,0.04
123778,6407589,14.041487,-28.772195,7.,-1338,0.038900000000000004,37.,0.,24.5,163.60000000000002,-0.14,0.05
123778,6408264,14.037152,-28.781102,7.3,-1337,0.0386,37.,0.,24.5,163.20000000000002,-0.14,0.05
123778,6409605,14.0241,-28.81,7.5,-1334,0.039,37.,0.,24.5,161.9,-0.15,0.07
123778,6429337,13.825153,-29.18455,4.3,-1406,0.043300000000000005,36.9,0.03,24.5,138.5,-0.27,0.12
123778,6429338,13.825153,-29.18455,4.3,-1406,0.043300000000000005,36.9,0.03,24.5,138.5,-0.27,0.12
123778,6429359,13.82496,-29.184722,3.1,-1406,0.043300000000000005,36.9,0.03,24.5,138.5,-0.27,0.12
123778,6429398,13.824238,-29.18536,5.5,-1406,0.043300000000000005,36.9,0.03,24.5,138.70000000000002,-0.27,0.12
123778,6429399,13.824238,-29.18536,5.5,-1406,0.043300000000000005,36.9,0.03,24.5,138.70000000000002,-0.27,0.12
123778,6429408,13.824037,-29.185517,5.3,-1406,0.0434,36.9,0.03,24.5,138.70000000000002,-0.27,0.12
123778,6429409,13.824037,-29.185517,5.3,-1406,0.0434,36.9,0.03,24.5,138.70000000000002,-0.27,0.12
123778,6429413,13.823957,-29.18556,5.1,-1406,0.0434,36.9,0.03,24.5,138.70000000000002,-0.27,0.12
123778,6429415,13.82392,-29.185582,4.9,-1406,0.0434,36.9,0.03,24.5,138.70000000000002,-0.27,0.12
123778,6429418,13.823867,-29.185608,4.6,-1406,0.0434,36.9,0.03,24.5,138.8,-0.27,0.12
123778,6429438,13.823697,-29.185673,1.8,-1406,0.0434,36.9,0.03,24.5,138.8,-0.27,0.12
123778,6429439,13.823697,-29.185673,1.8,-1406,0.0434,36.9,0.03,24.5,138.8,-0.27,0.12
123778,6429458,13.823647,-29.1857,0.9,-1406,0.0434,36.9,0.03,24.5,138.8,-0.27,0.12
123778,6429462,13.82363,-29.185705,0.9,-1406,0.0434,36.9,0.03,24.5,138.8,-0.27,0.12
123778,6429463,13.82363,-29.185705,0.9,-1406,0.0434,36.9,0.03,24.5,138.8,-0.27,0.12
123778,6429468,13.823607,-29.185687,0.9,-1406,0.0434,36.9,0.03,24.5,138.8,-0.27,0.12
123778,6429469,13.823607,-29.185687,0.9,-1406,0.0434,36.9,0.03,24.5,138.8,-0.27,0.12
123778,6429473,13.823585,-29.18566,1.3,-1406,0.0434,36.9,0.03,24.5,138.8,-0.27,0.12
123778,6429516,13.8231,-29.185593,2.4,-1406,0.0434,36.9,0.03,24.5,138.9,-0.27,0.12
123778,6429546,13.822927,-29.186027,3.9,-1406,0.0434,36.9,0.03,24.5,139.,-0.27,0.12
123778,6429564,13.822583,-29.18637,5.3,-1406,0.0434,36.9,0.03,24.5,139.,-0.27,0.12
123778,6429565,13.822583,-29.18637,5.3,-1406,0.0434,36.9,0.03,24.5,139.,-0.27,0.12
123778,6429582,13.82213,-29.18672,6.5,-1406,0.0434,36.9,0.03,24.5,139.20000000000002,-0.27,0.12
123778,6429583,13.82213,-29.18672,6.5,-1406,0.0434,36.9,0.03,24.5,139.20000000000002,-0.27,0.12
123778,6429588,13.821958,-29.186833,6.8,-1406,0.0434,36.9,0.03,24.5,139.20000000000002,-0.27,0.12
123778,6429589,13.821958,-29.186833,6.8,-1406,0.0434,36.9,0.03,24.5,139.20000000000002,-0.27,0.12
123778,6429599,13.821668,-29.187015,7.1,-1406,0.043500000000000004,36.9,0.03,24.5,139.3,-0.27,0.12
123778,6429600,13.821668,-29.187015,7.1,-1406,0.043500000000000004,36.9,0.03,24.5,139.3,-0.27,0.12
123778,6429658,13.819995,-29.187975,5.9,-1405,0.043500000000000004,36.9,0.03,24.5,139.70000000000002,-0.27,0.12
123778,6429772,13.817295,-29.18966,6.7,-1405,0.0436,36.9,0.03,24.6,140.4,-0.27,0.12
123778,6429792,13.816788,-29.189678,4.9,-1405,0.0436,36.9,0.03,24.6,140.5,-0.27,0.12
123778,6435120,13.694368,-29.288358,7.8,-1407,0.0361,36.9,0.04,24.6,147.6,-0.3,0.09
123778,6435141,13.693955,-29.288923,7.8,-1407,0.0361,36.9,0.04,24.6,147.6,-0.3,0.09
123778,6435150,13.693732,-29.289218,7.8,-1407,0.0361,36.9,0.04,24.6,147.70000000000002,-0.3,0.09
123778,6435151,13.693732,-29.289218,7.8,-1407,0.0361,36.9,0.04,24.6,147.70000000000002,-0.3,0.09
123778,6435189,13.692825,-29.290323,7.6,-1407,0.0361,36.9,0.04,24.6,147.8,-0.3,0.09
123778,6435201,13.692575,-29.290632,7.7,-1407,0.0361,36.9,0.04,24.6,147.8,-0.3,0.09
123778,6435210,13.692367,-29.290885,7.8,-1407,0.0361,36.9,0.04,24.6,147.8,-0.3,0.09
123778,6435270,13.691005,-29.292643,7.9,-1407,0.0366,36.9,0.04,24.5,147.9,-0.3,0.09
123778,6435271,13.691005,-29.292643,7.9,-1407,0.0366,36.9,0.04,24.5,147.9,-0.3,0.09
123778,6435280,13.69077,-29.292985,8.,-1407,0.0366,36.9,0.04,24.5,148.,-0.3,0.09
123778,6435281,13.69077,-29.292985,8.,-1407,0.0366,36.9,0.04,24.5,148.,-0.3,0.09
123778,6435340,13.689415,-29.294773,7.9,-1407,0.0366,36.9,0.04,24.5,148.1,-0.3,0.09
123778,6435360,13.688977,-29.295383,7.9,-1407,0.0366,36.9,0.04,24.5,148.1,-0.3,0.09
123778,6435361,13.688977,-29.295383,7.9,-1407,0.0366,36.9,0.04,24.5,148.1,-0.3,0.09
123778,6435364,13.688925,-29.295438,8.,-1407,0.0366,36.9,0.04,24.5,148.1,-0.3,0.09
123778,6435369,13.688763,-29.295642,7.8,-1407,0.0367,36.9,0.04,24.5,148.1,-0.3,0.09
123778,6435370,13.688763,-29.295642,7.8,-1407,0.0367,36.9,0.04,24.5,148.1,-0.3,0.09
123778,6435373,13.688662,-29.295748,7.9,-1407,0.0367,36.9,0.04,24.5,148.1,-0.3,0.09
123778,6435374,13.688662,-29.295748,7.9,-1407,0.0367,36.9,0.04,24.5,148.1,-0.3,0.09
123778,6435381,13.688495,-29.29594,7.7,-1407,0.0367,36.9,0.04,24.5,148.1,-0.3,0.09
123778,6435382,13.688495,-29.29594,7.7,-1407,0.0367,36.9,0.04,24.5,148.1,-0.3,0.09
123778,6435390,13.688272,-29.29618,7.8,-1407,0.0367,36.9,0.04,24.5,148.20000000000002,-0.3,0.09
123778,6435391,13.688272,-29.29618,7.8,-1407,0.0367,36.9,0.04,24.5,148.20000000000002,-0.3,0.09
123778,6435395,13.68813,-29.296342,7.8,-1407,0.0367,36.9,0.04,24.5,148.20000000000002,-0.3,0.09
123778,6435400,13.68801,-29.296483,7.8,-1407,0.0367,36.9,0.04,24.5,148.20000000000002,-0.3,0.09
123778,6435405,13.687943,-29.29657,7.7,-1407,0.0367,36.9,0.04,24.5,148.20000000000002,-0.3,0.09
123778,6435431,13.687383,-29.297355,7.8,-1407,0.0367,36.9,0.04,24.5,148.20000000000002,-0.3,0.09
123778,6435441,13.687133,-29.297672,7.8,-1407,0.0367,36.9,0.04,24.5,148.20000000000002,-0.3,0.09
123778,6435491,13.685968,-29.299123,7.9,-1407,0.0367,36.9,0.04,24.5,148.3,-0.3,0.09
123778,6435492,13.685968,-29.299123,7.9,-1407,0.0367,36.9,0.04,24.5,148.3,-0.3,0.09
123778,6435500,13.685745,-29.299425,7.9,-1407,0.0367,36.9,0.04,24.5,148.3,-0.3,0.09
123778,6435501,13.685745,-29.299425,7.9,-1407,0.0367,36.9,0.04,24.5,148.3,-0.3,0.09
123778,6435521,13.68532,-29.300035,7.9,-1407,0.0367,36.9,0.04,24.5,148.3,-0.3,0.09
123778,6435545,13.684762,-29.300725,7.8,-1407,0.0367,36.9,0.04,24.5,148.3,-0.3,0.09
123778,6435546,13.684762,-29.300725,7.8,-1407,0.0367,36.9,0.04,24.5,148.3,-0.3,0.09
123778,6435548,13.684685,-29.3008,7.7,-1407,0.0367,36.9,0.04,24.5,148.3,-0.3,0.09
123778,6435571,13.684158,-29.301383,7.6,-1407,0.0367,36.9,0.04,24.5,148.3,-0.3,0.09
123778,6435581,13.68392,-29.3017,7.7,-1407,0.0367,36.9,0.04,24.5,148.4,-0.3,0.09
123778,6435582,13.68392,-29.3017,7.7,-1407,0.0367,36.9,0.04,24.5,148.4,-0.3,0.09
123778,6435631,13.682832,-29.303125,7.8,-1407,0.0368,36.9,0.04,24.5,148.4,-0.3,0.09
123778,6435641,13.682578,-29.303443,7.8,-1407,0.0368,36.9,0.04,24.5,148.4,-0.3,0.09
123778,6435681,13.681613,-29.304555,7.8,-1408,0.0368,36.9,0.04,24.5,148.4,-0.3,0.09
123778,6435682,13.681613,-29.304555,7.8,-1408,0.0368,36.9,0.04,24.5,148.4,-0.3,0.09
123778,6440644,13.566005,-29.447633,8.1,-1402,0.039900000000000005,36.9,0.04,24.6,134.20000000000002,-0.29,0.06
123778,6444534,13.47119,-29.564873,8.3,-1377,0.0364,36.9,0.05,24.8,140.4,-0.28,0.03
123778,6446294,13.427903,-29.618702,8.2,-1383,0.038,36.9,0.05,24.900000000000002,139.9,-0.28,0.
123778,6446965,13.411693,-29.638792,8.3,-1400,0.0429,36.9,0.05,25.,139.,-0.29,-0.01
123778,6448134,13.383052,-29.674053,8.4,-1398,0.0432,36.9,0.05,25.1,136.9,-0.29,-0.03
123778,6449432,13.351595,-29.712832,8.2,-1399,0.0449,36.9,0.05,25.200000000000003,144.5,-0.3,-0.03
123778,6449983,13.338068,-29.729277,8.2,-1400,0.044500000000000005,36.9,0.05,25.200000000000003,149.1,-0.3,-0.03
123778,6450663,13.322035,-29.749282,7.9,-1398,0.045000000000000005,36.9,0.05,25.200000000000003,154.60000000000002,-0.3,-0.03
123778,6451144,13.310587,-29.763397,7.9,-1404,0.0449,36.9,0.05,25.200000000000003,157.5,-0.3,-0.03
123778,6452073,13.288713,-29.790642,8.,-1403,0.0449,36.9,0.05,25.200000000000003,158.,-0.3,-0.03
123778,6452494,13.278788,-29.802915,7.8,-1402,0.044000000000000004,36.9,0.05,25.200000000000003,158.20000000000002,-0.3,-0.02
123778,6453194,13.262568,-29.822553,7.8,-1400,0.0444,36.9,0.05,25.200000000000003,158.10000000000002,-0.3,-0.02
123778,6453644,13.25236,-29.835468,7.6,-1404,0.043500000000000004,36.9,0.05,25.200000000000003,157.9,-0.3,-0.02
123778,6454553,13.23148,-29.860898,7.5,-1404,0.0426,36.9,0.05,25.1,154.60000000000002,-0.29,0.
123778,6454928,13.222688,-29.871573,7.9,-1404,0.043000000000000003,36.9,0.05,25.1,152.9,-0.28,0.
123778,6455763,13.21597,-29.881717,0.7,-1404,0.042,36.9,0.05,25.1,151.20000000000002,-0.28,0.01
123778,6456244,13.21722,-29.881163,0.3,-1404,0.042,36.9,0.05,25.1,151.3,-0.28,0.
123778,6457364,13.219083,-29.879647,0.7,-1404,0.042,36.9,0.05,25.1,151.6,-0.28,0.
123778,6458744,13.223998,-29.878093,0.9,-1404,0.042,36.9,0.05,25.1,152.,-0.28,0.
123778,6473292,13.253417,-29.84552,0.5,-1404,0.0434,36.9,0.04,25.200000000000003,156.70000000000002,-0.3,-0.02
123778,6473335,13.253435,-29.845407,0.6,-1404,0.0434,36.9,0.04,25.200000000000003,156.70000000000002,-0.3,-0.02
123778,6473338,13.25344,-29.845397,0.6,-1404,0.0434,36.9,0.04,25.200000000000003,156.70000000000002,-0.3,-0.02
123778,6473339,13.25344,-29.845397,0.6,-1404,0.0434,36.9,0.04,25.200000000000003,156.70000000000002,-0.3,-0.02
123778,6473351,13.253443,-29.845365,0.5,-1404,0.0434,36.9,0.04,25.200000000000003,156.70000000000002,-0.3,-0.02
123778,6473352,13.253443,-29.845365,0.5,-1404,0.0434,36.9,0.04,25.200000000000003,156.70000000000002,-0.3,-0.02
123778,6473359,13.253447,-29.84535,0.5,-1404,0.0434,36.9,0.04,25.200000000000003,156.70000000000002,-0.3,-0.02
123778,6473392,13.253457,-29.845277,0.5,-1404,0.0434,36.9,0.04,25.200000000000003,156.70000000000002,-0.3,-0.02
123778,6473491,13.253482,-29.845092,0.5,-1404,0.0434,36.9,0.04,25.200000000000003,156.70000000000002,-0.3,-0.02
123778,6473542,13.2535,-29.845,0.3,-1404,0.0434,36.9,0.04,25.200000000000003,156.70000000000002,-0.3,-0.02
123778,6473652,13.253503,-29.844908,0.1,-1404,0.0434,36.9,0.04,25.200000000000003,156.8,-0.3,-0.02
123778,6473653,13.253503,-29.844908,0.1,-1404,0.0434,36.9,0.04,25.200000000000003,156.8,-0.3,-0.02
123778,6473671,13.253503,-29.8449,0.2,-1404,0.0434,36.9,0.04,25.200000000000003,156.8,-0.3,-0.02
123778,6473692,13.2535,-29.844885,0.2,-1404,0.0434,36.9,0.04,25.200000000000003,156.8,-0.3,-0.02
123778,6473693,13.2535,-29.844885,0.2,-1404,0.0434,36.9,0.04,25.200000000000003,156.8,-0.3,-0.02
123778,6473702,13.253495,-29.844873,0.3,-1404,0.0434,36.9,0.04,25.200000000000003,156.8,-0.3,-0.02
123778,6473763,13.253505,-29.844783,0.4,-1404,0.0434,36.9,0.04,25.200000000000003,156.8,-0.3,-0.02
123778,6479048,13.259612,-29.82235,0.7,-1399,0.044500000000000005,36.9,0.04,25.200000000000003,157.10000000000002,-0.31,-0.03
123778,6479059,13.259622,-29.822308,0.7,-1399,0.044500000000000005,36.9,0.04,25.200000000000003,157.10000000000002,-0.31,-0.03
123778,6479063,13.259625,-29.822295,0.6,-1400,0.044500000000000005,36.9,0.04,25.200000000000003,157.10000000000002,-0.31,-0.03
123778,6479071,13.259632,-29.822268,0.6,-1400,0.044500000000000005,36.9,0.04,25.200000000000003,157.10000000000002,-0.31,-0.03
123778,6479082,13.259642,-29.822228,0.9,-1400,0.044500000000000005,36.9,0.04,25.200000000000003,157.10000000000002,-0.31,-0.03
123778,6479122,13.259688,-29.822088,0.8,-1400,0.044500000000000005,36.9,0.04,25.200000000000003,157.10000000000002,-0.31,-0.03
123778,6479131,13.2597,-29.822057,0.8,-1400,0.044500000000000005,36.9,0.04,25.200000000000003,157.10000000000002,-0.31,-0.03
123778,6479161,13.25974,-29.821953,0.8,-1400,0.044500000000000005,36.9,0.04,25.200000000000003,157.10000000000002,-0.31,-0.03
123778,6479191,13.259772,-29.821848,0.7,-1400,0.044500000000000005,36.9,0.04,25.200000000000003,157.10000000000002,-0.31,-0.03
123778,6479262,13.259815,-29.82158,0.8,-1400,0.044500000000000005,36.9,0.04,25.200000000000003,157.10000000000002,-0.31,-0.03
123778,6479282,13.259843,-29.821513,0.7,-1400,0.044500000000000005,36.9,0.04,25.200000000000003,157.10000000000002,-0.31,-0.03
123778,6479289,13.259855,-29.821487,0.8,-1400,0.044500000000000005,36.9,0.04,25.200000000000003,157.10000000000002,-0.31,-0.03
123778,6479322,13.259897,-29.821385,0.6,-1400,0.044500000000000005,36.9,0.04,25.200000000000003,157.10000000000002,-0.31,-0.03
123778,6479342,13.2599,-29.821325,0.5,-1400,0.044500000000000005,36.9,0.04,25.200000000000003,157.10000000000002,-0.31,-0.03
123778,6479351,13.259903,-29.821292,0.7,-1400,0.044500000000000005,36.9,0.04,25.200000000000003,157.10000000000002,-0.31,-0.03
123778,6479352,13.259903,-29.821292,0.7,-1400,0.044500000000000005,36.9,0.04,25.200000000000003,157.10000000000002,-0.31,-0.03
123778,6479383,13.259918,-29.821192,0.7,-1400,0.044500000000000005,36.9,0.04,25.200000000000003,157.10000000000002,-0.31,-0.03
123778,6479413,13.259922,-29.821095,0.8,-1400,0.044500000000000005,36.9,0.04,25.200000000000003,157.10000000000002,-0.31,-0.03
123778,6479441,13.259935,-29.82099,0.7,-1400,0.044500000000000005,36.9,0.04,25.200000000000003,157.10000000000002,-0.31,-0.03
123778,6479442,13.259935,-29.82099,0.7,-1400,0.044500000000000005,36.9,0.04,25.200000000000003,157.10000000000002,-0.31,-0.03
123778,6479462,13.259942,-29.82092,0.7,-1400,0.044500000000000005,36.9,0.04,25.200000000000003,157.10000000000002,-0.31,-0.03
123778,6479521,13.259947,-29.820675,0.9,-1400,0.044500000000000005,36.9,0.04,25.200000000000003,157.10000000000002,-0.31,-0.03
123778,6479532,13.25994,-29.82063,0.8,-1400,0.044500000000000005,36.9,0.04,25.200000000000003,157.10000000000002,-0.31,-0.03
123778,6479533,13.25994,-29.82063,0.8,-1400,0.044500000000000005,36.9,0.04,25.200000000000003,157.10000000000002,-0.31,-0.03
123778,6482772,13.210895,-29.833235,1.7,-1403,0.0449,36.9,0.04,25.1,155.20000000000002,-0.3,-0.02
123778,6483230,13.209947,-29.835162,1.5,-1404,0.0436,36.9,0.04,25.1,155.10000000000002,-0.3,-0.02
123778,6484043,13.216268,-29.821398,7.3,-1404,0.0451,36.9,0.04,25.200000000000003,155.4,-0.3,-0.03
123778,6485067,13.226287,-29.802732,1.9,-1404,0.0451,36.9,0.04,25.200000000000003,155.8,-0.31,-0.03
123778,6485377,13.22891,-29.794808,7.8,-1404,0.045200000000000004,36.9,0.04,25.200000000000003,155.9,-0.31,-0.04
123778,6486323,13.241932,-29.768693,6.5,-1404,0.0461,36.9,0.04,25.200000000000003,156.,-0.31,-0.04
123778,6487531,13.261165,-29.735347,7.1,-1399,0.0451,36.9,0.04,25.200000000000003,148.5,-0.32,-0.05
123778,6488354,13.27315,-29.717792,7.3,-1399,0.0454,36.9,0.04,25.200000000000003,143.4,-0.31,-0.06
123778,6488971,13.284102,-29.704865,7.8,-1400,0.0448,36.9,0.04,25.200000000000003,139.6,-0.31,-0.06
123778,6490232,13.30595,-29.673483,6.9,-1401,0.044500000000000005,36.9,0.04,25.200000000000003,131.9,-0.31,-0.07
123778,6491383,13.3234,-29.652187,5.6,-1399,0.044000000000000004,36.9,0.04,25.200000000000003,131.9,-0.3,-0.06
123778,6492564,13.347268,-29.63255,2.9,-1398,0.043500000000000004,36.9,0.04,25.200000000000003,132.1,-0.29,-0.05
123778,6493894,13.370087,-29.612892,6.7,-1398,0.0426,36.9,0.04,25.1,133.1,-0.28,-0.04
123778,6495484,13.404065,-29.58503,7.3,-1398,0.042300000000000004,36.9,0.04,25.,134.3,-0.28,-0.02
123778,6517642,13.792102,-29.289535,8.2,-1401,0.041800000000000004,36.9,0.03,24.5,127.5,-0.26,0.05
123778,6517643,13.792102,-29.289535,8.2,-1401,0.041800000000000004,36.9,0.03,24.5,127.5,-0.26,0.05
123778,6517801,13.798073,-29.28814,8.2,-1401,0.0408,36.9,0.03,24.5,127.80000000000001,-0.26,0.05
123778,6517802,13.798073,-29.28814,8.2,-1401,0.0408,36.9,0.03,24.5,127.80000000000001,-0.26,0.05
123778,6517861,13.800303,-29.287632,8.2,-1401,0.0405,36.9,0.03,24.5,127.9,-0.25,0.05
123778,6517992,13.805198,-29.286512,8.2,-1401,0.0397,36.9,0.03,24.5,128.1,-0.25,0.04
123778,6518043,13.807113,-29.286107,8.2,-1401,0.039400000000000004,36.9,0.03,24.5,128.20000000000002,-0.25,0.04
123778,6518092,13.808912,-29.285678,8.2,-1400,0.0391,36.9,0.03,24.5,128.3,-0.25,0.04
123778,6518233,13.814188,-29.284467,8.2,-1400,0.0383,36.9,0.03,24.400000000000002,128.6,-0.25,0.04
123778,6518254,13.814975,-29.284292,8.2,-1400,0.038200000000000005,36.9,0.03,24.400000000000002,128.6,-0.25,0.04
123778,6524235,13.971478,-29.130553,8.,-1370,0.040400000000000005,36.9,0.02,24.5,121.30000000000001,-0.19,0.08
123778,6527883,14.040052,-29.011297,8.2,-1358,0.0412,36.9,0.01,24.5,137.4,-0.15,0.14
123778,6529444,14.069598,-28.959965,7.7,-1352,0.04,36.9,0.01,24.6,146.20000000000002,-0.13,0.17
123778,6530463,14.087943,-28.927717,7.5,-1345,0.0408,37.,0.,24.5,148.70000000000002,-0.13,0.16
123778,6531364,14.103785,-28.899783,7.3,-1335,0.0403,37.,0.,24.5,153.4,-0.12,0.15
123778,6531764,14.11065,-28.887398,7.6,-1336,0.040600000000000004,37.,0.,24.5,156.4,-0.12,0.15
123778,6532702,14.126607,-28.858918,7.1,-1340,0.038900000000000004,37.,-0.01,24.5,159.70000000000002,-0.12,0.13
123778,6533023,14.132285,-28.849297,6.9,-1341,0.039,37.,-0.01,24.5,160.20000000000002,-0.12,0.12
123778,6534293,14.154087,-28.810445,7.5,-1332,0.039,37.,-0.01,24.5,161.5,-0.12,0.1
123778,6535024,14.167127,-28.787073,7.8,-1323,0.0403,37.,-0.01,24.400000000000002,161.5,-0.11,0.1
123778,6535573,14.176915,-28.769522,7.9,-1325,0.0395,37.,-0.01,24.400000000000002,161.3,-0.11,0.1
123778,6536333,14.190375,-28.745442,7.4,-1316,0.0402,37.,-0.01,24.400000000000002,161.4,-0.1,0.1
123778,6536823,14.19924,-28.72984,7.3,-1317,0.0396,37.,-0.02,24.400000000000002,161.5,-0.09,0.1
123778,6537653,14.214022,-28.703828,7.7,-1320,-99999,37.,-0.02,24.400000000000002,162.,-0.08,0.11
123778,6537985,14.219812,-28.693122,8.1,-1321,-99999,37.,-0.02,24.400000000000002,162.4,-0.07,0.12
123778,6539302,14.243688,-28.6512,7.3,-1314,-99999,37.,-0.02,24.3,164.4,-0.05,0.13
123778,6540464,14.264632,-28.613598,7.7,-1306,0.037200000000000004,37.,-0.03,24.3,162.8,-0.04,0.15
123778,6542624,14.295602,-28.548797,2.4,-1302,0.0379,37.1,-0.04,24.200000000000003,153.5,-0.02,0.16
123778,6543958,14.292955,-28.55255,0.9,-1302,0.0381,37.1,-0.04,24.200000000000003,154.20000000000002,-0.02,0.16
123778,6561782,14.282723,-28.608872,0.7,-1308,0.0371,37.,-0.03,24.200000000000003,161.8,-0.03,0.16
123778,6561783,14.282723,-28.608872,0.7,-1308,0.0371,37.,-0.03,24.200000000000003,161.8,-0.03,0.16
123778,6561798,14.28273,-28.608932,0.7,-1308,0.0371,37.,-0.03,24.200000000000003,161.8,-0.03,0.16
123778,6561799,14.28273,-28.608932,0.7,-1308,0.0371,37.,-0.03,24.200000000000003,161.8,-0.03,0.16
123778,6561812,14.28273,-28.608982,0.7,-1308,0.0371,37.,-0.03,24.200000000000003,161.8,-0.03,0.16
123778,6561815,14.282733,-28.608995,0.8,-1308,0.0371,37.,-0.03,24.200000000000003,161.8,-0.03,0.16
123778,6561816,14.282733,-28.608995,0.8,-1308,0.0371,37.,-0.03,24.200000000000003,161.8,-0.03,0.16
123778,6561825,14.282735,-28.60903,0.8,-1308,0.0371,37.,-0.03,24.200000000000003,161.8,-0.03,0.16
123778,6561826,14.282735,-28.60903,0.8,-1308,0.0371,37.,-0.03,24.200000000000003,161.8,-0.03,0.16
123778,6561831,14.282738,-28.609057,0.7,-1308,0.0371,37.,-0.03,24.200000000000003,161.8,-0.03,0.16
123778,6561842,14.282738,-28.609093,0.8,-1308,0.0371,37.,-0.03,24.200000000000003,161.8,-0.03,0.16
123778,6561843,14.282738,-28.609093,0.8,-1308,0.0371,37.,-0.03,24.200000000000003,161.8,-0.03,0.16
123778,6561852,14.282737,-28.609135,0.8,-1308,0.0371,37.,-0.03,24.200000000000003,161.8,-0.03,0.16
123778,6561891,14.28274,-28.609287,0.8,-1308,0.0371,37.,-0.03,24.200000000000003,161.8,-0.03,0.16
123778,6561892,14.28274,-28.609287,0.8,-1308,0.0371,37.,-0.03,24.200000000000003,161.8,-0.03,0.16
123778,6561923,14.282737,-28.609403,0.8,-1308,0.0371,37.,-0.03,24.200000000000003,161.8,-0.03,0.16
123778,6561944,14.282735,-28.609483,0.8,-1308,0.0371,37.,-0.03,24.200000000000003,161.9,-0.03,0.16
123778,6561951,14.282735,-28.609518,0.8,-1308,0.0371,37.,-0.03,24.200000000000003,161.9,-0.03,0.16
123778,6561952,14.282735,-28.609518,0.8,-1308,0.0371,37.,-0.03,24.200000000000003,161.9,-0.03,0.16
123778,6561983,14.282735,-28.609647,0.7,-1308,0.0371,37.,-0.03,24.200000000000003,161.9,-0.03,0.16
123778,6561992,14.282737,-28.609682,0.7,-1308,0.0371,37.,-0.03,24.200000000000003,161.9,-0.03,0.16
123778,6562022,14.282737,-28.609803,0.8,-1308,0.0371,37.,-0.03,24.200000000000003,161.9,-0.03,0.16
123778,6562023,14.282737,-28.609803,0.8,-1308,0.0371,37.,-0.03,24.200000000000003,161.9,-0.03,0.16
123778,6562032,14.282738,-28.60984,0.8,-1308,0.0371,37.,-0.03,24.200000000000003,161.9,-0.03,0.16
123778,6562033,14.282738,-28.60984,0.8,-1308,0.0371,37.,-0.03,24.200000000000003,161.9,-0.03,0.16
123778,6562071,14.282733,-28.609997,0.8,-1308,0.0371,37.,-0.03,24.200000000000003,161.9,-0.03,0.16
123778,6562072,14.282733,-28.609997,0.8,-1308,0.0371,37.,-0.03,24.200000000000003,161.9,-0.03,0.16
123778,6562082,14.282727,-28.610043,0.9,-1308,0.0371,37.,-0.03,24.200000000000003,161.9,-0.03,0.16
123778,6562083,14.282727,-28.610043,0.9,-1308,0.0371,37.,-0.03,24.200000000000003,161.9,-0.03,0.16
123778,6562142,14.282692,-28.610272,0.8,-1308,0.0371,37.,-0.03,24.200000000000003,161.9,-0.03,0.16
123778,6562143,14.282692,-28.610272,0.8,-1308,0.0371,37.,-0.03,24.200000000000003,161.9,-0.03,0.16
123778,6562163,14.282678,-28.610353,1.,-1308,0.0371,37.,-0.03,24.200000000000003,162.,-0.03,0.16
123778,6566045,14.282315,-28.62412,1.8,-1307,0.0375,37.,-0.03,24.200000000000003,163.4,-0.04,0.16
123778,6566106,14.282585,-28.623553,2.6,-1307,0.0375,37.,-0.03,24.200000000000003,163.4,-0.04,0.16
123778,6567513,14.292323,-28.603905,3.6,-1309,0.0392,37.,-0.03,24.200000000000003,161.,-0.03,0.16
123778,6567594,14.292948,-28.602727,3.5,-1309,0.0391,37.,-0.03,24.200000000000003,160.8,-0.03,0.16
123778,6567703,14.293797,-28.601157,3.3,-1309,0.039,37.,-0.03,24.200000000000003,160.60000000000002,-0.03,0.16
123778,6568391,14.298932,-28.591585,1.6,-1310,0.0383,37.,-0.03,24.200000000000003,159.3,-0.02,0.17
123778,6568753,14.300077,-28.590562,2.2,-1310,0.038200000000000005,37.,-0.03,24.200000000000003,159.10000000000002,-0.02,0.17
123778,6569311,14.299055,-28.591067,2.6,-1310,0.0383,37.,-0.03,24.200000000000003,159.20000000000002,-0.02,0.17
123778,6569631,14.29934,-28.59724,6.1,-1310,0.0388,37.,-0.03,24.200000000000003,160.,-0.03,0.17
123778,6569934,14.294803,-28.605472,3.5,-1309,0.039400000000000004,37.,-0.03,24.200000000000003,161.10000000000002,-0.03,0.17
123778,6570607,14.288102,-28.617175,2.7,-1308,0.0373,37.,-0.03,24.200000000000003,162.60000000000002,-0.03,0.16
123778,6570910,14.284493,-28.626,7.2,-1307,-99999,37.,-0.03,24.200000000000003,163.60000000000002,-0.04,0.16
123778,6571461,14.276262,-28.64435,8.1,-1305,-99999,37.,-0.03,24.200000000000003,164.9,-0.04,0.15
123778,6571833,14.270318,-28.657508,8.2,-1303,-99999,37.,-0.03,24.3,164.60000000000002,-0.05,0.15
123778,6573140,14.250547,-28.693237,8.,-1312,-99999,37.,-0.02,24.3,163.,-0.07,0.14
123778,6574382,14.23551,-28.727278,8.5,-1320,0.040400000000000005,37.,-0.02,24.3,161.,-0.08,0.13
123778,6575555,14.219997,-28.761923,8.4,-1328,0.040100000000000004,37.,-0.02,24.400000000000002,159.60000000000002,-0.1,0.12
123778,6576887,14.20408,-28.802037,7.9,-1325,0.0388,37.,-0.01,24.400000000000002,158.70000000000002,-0.11,0.11
123778,6577504,14.195587,-28.819538,2.3,-1323,0.039,37.,-0.01,24.400000000000002,159.20000000000002,-0.11,0.11
123778,6578244,14.189593,-28.834355,2.2,-1334,0.0383,37.,-0.01,24.400000000000002,159.20000000000002,-0.11,0.11
123778,6579543,14.174227,-28.866957,2.5,-1330,0.038900000000000004,37.,-0.01,24.5,158.4,-0.11,0.12
123778,6600351,13.901648,-29.320032,6.7,-1379,0.038400000000000004,36.9,0.02,24.400000000000002,133.4,-0.19,0.
123778,6600352,13.901648,-29.320032,6.7,-1379,0.038400000000000004,36.9,0.02,24.400000000000002,133.4,-0.19,0.
123778,6600376,13.901032,-29.32044,6.6,-1379,0.0385,36.9,0.02,24.400000000000002,133.4,-0.19,0.
123778,6600776,13.892835,-29.326942,8.,-1377,0.038900000000000004,36.9,0.02,24.400000000000002,133.70000000000002,-0.19,0.
123778,6606073,13.834918,-29.482215,8.3,-1369,0.0398,36.9,0.03,24.6,133.6,-0.19,-0.01
123778,6606202,13.832268,-29.48667,8.6,-1385,0.042300000000000004,36.9,0.03,24.6,133.3,-0.19,-0.01
123778,6606203,13.832268,-29.48667,8.6,-1385,0.042300000000000004,36.9,0.03,24.6,133.3,-0.19,-0.01
123778,6606213,13.832063,-29.487023,8.6,-1384,0.042300000000000004,36.9,0.03,24.6,133.3,-0.19,-0.01
123778,6606281,13.830622,-29.489467,8.5,-1384,0.042300000000000004,36.9,0.03,24.6,133.20000000000002,-0.19,-0.01
123778,6606282,13.830622,-29.489467,8.5,-1384,0.042300000000000004,36.9,0.03,24.6,133.20000000000002,-0.19,-0.01
123778,6606312,13.82996,-29.490545,8.6,-1384,0.042300000000000004,36.9,0.03,24.6,133.1,-0.19,-0.01
123778,6606313,13.82996,-29.490545,8.6,-1384,0.042300000000000004,36.9,0.03,24.6,133.1,-0.19,-0.01
123778,6606341,13.829367,-29.491572,8.6,-1384,0.042300000000000004,36.9,0.03,24.6,133.,-0.19,-0.01
123778,6606342,13.829367,-29.491572,8.6,-1384,0.042300000000000004,36.9,0.03,24.6,133.,-0.19,-0.01
123778,6606371,13.828748,-29.492568,8.3,-1383,0.042300000000000004,36.9,0.03,24.6,133.,-0.19,-0.01
123778,6606372,13.828748,-29.492568,8.3,-1383,0.042300000000000004,36.9,0.03,24.6,133.,-0.19,-0.01
123778,6606462,13.826968,-29.495677,8.3,-1383,0.042300000000000004,36.9,0.03,24.6,132.8,-0.19,-0.01
123778,6606472,13.826772,-29.49602,8.4,-1383,0.042300000000000004,36.9,0.03,24.6,132.8,-0.19,-0.01
123778,6606473,13.826772,-29.49602,8.4,-1383,0.042300000000000004,36.9,0.03,24.6,132.8,-0.19,-0.01
123778,6606573,13.824878,-29.499545,8.5,-1382,0.042300000000000004,36.9,0.03,24.6,132.6,-0.19,-0.01
123778,6606582,13.824695,-29.499898,8.5,-1382,0.042300000000000004,36.9,0.03,24.6,132.6,-0.19,-0.01
123778,6606583,13.824695,-29.499898,8.5,-1382,0.042300000000000004,36.9,0.03,24.6,132.6,-0.19,-0.01
123778,6606633,13.82371,-29.501638,8.4,-1398,0.042100000000000005,36.9,0.03,24.6,132.6,-0.19,-0.01
123778,6606661,13.823142,-29.502675,8.4,-1398,0.0422,36.9,0.03,24.6,132.5,-0.19,-0.01
123778,6606662,13.823142,-29.502675,8.4,-1398,0.0422,36.9,0.03,24.6,132.5,-0.19,-0.01
123778,6606667,13.823017,-29.502875,8.3,-1398,0.0422,36.9,0.03,24.6,132.5,-0.19,-0.01
123778,6606668,13.823017,-29.502875,8.3,-1398,0.0422,36.9,0.03,24.6,132.5,-0.19,-0.01
123778,6606673,13.822912,-29.503035,8.3,-1398,0.0422,36.9,0.03,24.6,132.5,-0.19,-0.01
123778,6606733,13.821778,-29.50508,8.3,-1398,0.0422,36.9,0.03,24.6,132.4,-0.19,-0.01
123778,6606794,13.820628,-29.507153,8.5,-1398,0.0422,36.9,0.03,24.6,132.3,-0.19,-0.01
123778,6612816,13.700155,-29.719958,8.7,-1375,0.043300000000000005,36.9,0.04,24.6,135.6,-0.23,-0.05
123778,6613343,13.689663,-29.738638,8.3,-1384,0.041800000000000004,36.9,0.04,24.6,137.1,-0.24,-0.06
123778,6614434,13.668128,-29.77647,8.6,-1358,0.0417,36.9,0.04,24.6,138.3,-0.25,-0.08
123778,6615733,13.642348,-29.822418,8.7,-1363,0.0443,36.9,0.04,24.6,136.70000000000002,-0.26,-0.11
123778,6616874,13.619582,-29.862713,8.5,-1307,0.0403,36.9,0.04,24.6,135.9,-0.27,-0.13
123778,6618164,13.59344,-29.908097,8.7,-1381,0.039,36.9,0.04,24.6,136.4,-0.28,-0.14
123778,6618285,13.591067,-29.912365,8.6,-1388,0.039,36.9,0.04,24.6,136.6,-0.29,-0.14
123778,6619323,13.570535,-29.948288,8.5,-1348,0.0368,36.9,0.03,24.6,136.3,-0.29,-0.13
123778,6620124,13.554903,-29.975692,8.5,-1332,0.0364,36.9,0.03,24.6,136.70000000000002,-0.29,-0.13
123778,6620528,13.547343,-29.989815,8.1,-1320,0.0364,36.9,0.03,24.700000000000003,137.20000000000002,-0.29,-0.12
123778,6621034,13.537365,-30.007363,8.5,-1365,0.0402,36.9,0.03,24.700000000000003,137.8,-0.29,-0.12
123778,6621873,13.521402,-30.0362,8.5,-1363,0.0345,36.9,0.03,24.700000000000003,137.3,-0.29,-0.11
123778,6622323,13.512863,-30.050873,8.1,-1361,0.038400000000000004,36.9,0.03,24.8,136.,-0.29,-0.1
123778,6623093,13.498487,-30.07691,8.4,-1379,0.0378,36.9,0.03,24.8,133.70000000000002,-0.28,-0.09
123778,6623763,13.485787,-30.099368,8.4,-1395,0.040100000000000004,36.9,0.03,24.900000000000002,134.3,-0.28,-0.08
123778,6624373,13.474122,-30.119772,8.3,-1392,0.0379,36.9,0.03,25.,135.6,-0.27,-0.07
123778,6624884,13.464368,-30.137363,8.3,-1389,0.0409,36.9,0.03,25.1,136.9,-0.27,-0.07
123778,6625633,13.460197,-30.140487,7.4,-1388,0.0405,36.9,0.03,25.1,137.20000000000002,-0.27,-0.07
123778,6626094,13.464272,-30.12455,7.6,-1391,0.037200000000000004,36.9,0.03,25.,135.70000000000002,-0.28,-0.07
123778,6627343,13.479085,-30.083195,7.6,-1372,0.0392,36.9,0.03,24.900000000000002,132.6,-0.29,-0.08
123778,6644281,13.74255,-29.623518,5.4,-1372,0.040400000000000005,36.9,0.03,24.6,132.20000000000002,-0.22,-0.02
123778,6644371,13.74393,-29.621513,5.8,-1370,0.0403,36.9,0.03,24.6,132.3,-0.22,-0.02
123778,6644372,13.74393,-29.621513,5.8,-1370,0.0403,36.9,0.03,24.6,132.3,-0.22,-0.02
123778,6644491,13.745718,-29.618815,6.1,-1369,0.0403,36.9,0.03,24.6,132.4,-0.22,-0.02
123778,6644492,13.745718,-29.618815,6.1,-1369,0.0403,36.9,0.03,24.6,132.4,-0.22,-0.02
123778,6644501,13.745868,-29.618592,6.,-1369,0.0403,36.9,0.03,24.6,132.4,-0.22,-0.02
123778,6644532,13.746335,-29.617863,5.8,-1368,0.0403,36.9,0.03,24.6,132.4,-0.22,-0.02
123778,6649988,13.836878,-29.493227,6.2,-1366,0.0392,36.9,0.03,24.5,130.1,-0.19,-0.01
123778,6650007,13.83721,-29.492783,6.2,-1366,0.0392,36.9,0.03,24.5,130.1,-0.19,-0.01
123778,6650008,13.83721,-29.492783,6.2,-1366,0.0392,36.9,0.03,24.5,130.1,-0.19,-0.01
123778,6650077,13.838478,-29.491247,5.9,-1366,0.0393,36.9,0.03,24.5,130.20000000000002,-0.19,-0.01
123778,6650108,13.839018,-29.49058,6.1,-1366,0.039400000000000004,36.9,0.03,24.5,130.3,-0.19,-0.01
123778,6650178,13.840265,-29.488985,6.1,-1366,0.0395,36.9,0.02,24.5,130.4,-0.19,-0.01
123778,6650238,13.84137,-29.487647,6.,-1367,0.0396,36.9,0.02,24.5,130.6,-0.19,-0.01
123778,6650279,13.842108,-29.486732,6.2,-1367,0.0397,36.9,0.02,24.5,130.70000000000002,-0.19,-0.01
123778,6650317,13.84283,-29.485843,6.1,-1367,0.0398,36.9,0.02,24.5,130.8,-0.19,-0.01
123778,6650348,13.843385,-29.48518,6.1,-1367,0.0398,36.9,0.02,24.5,130.8,-0.19,-0.01
123778,6650408,13.844432,-29.483918,5.5,-1367,0.039900000000000005,36.9,0.02,24.5,131.,-0.19,-0.01
123778,6650437,13.844948,-29.483302,5.7,-1367,0.04,36.9,0.02,24.5,131.1,-0.19,-0.01
123778,6650528,13.846527,-29.481358,5.8,-1368,0.0402,36.9,0.02,24.5,131.3,-0.18,-0.01
123778,6652903,13.884467,-29.44034,3.5,-1376,0.0379,36.9,0.02,24.5,134.6,-0.17,-0.01
123778,6654064,13.886583,-29.441443,0.5,-1375,0.0379,36.9,0.02,24.5,134.6,-0.17,-0.01
123778,6654806,13.883915,-29.45258,2.6,-1372,0.0376,36.9,0.02,24.5,134.20000000000002,-0.17,-0.01
123778,6655190,13.87937,-29.46258,6.3,-1369,0.038700000000000005,36.9,0.02,24.5,133.70000000000002,-0.17,-0.01
123778,6655518,13.874712,-29.469168,7.7,-1368,0.041800000000000004,36.9,0.02,24.5,133.3,-0.17,-0.01
123778,6656221,13.862785,-29.478622,7.3,-1366,0.0408,36.9,0.02,24.5,132.4,-0.18,-0.01
123778,6656574,13.856875,-29.485827,7.9,-1365,0.040100000000000004,36.9,0.02,24.5,131.70000000000002,-0.18,-0.01
123778,6657428,13.845358,-29.511337,7.5,-1380,0.042,36.9,0.03,24.6,129.5,-0.18,-0.01
123778,6658613,13.834093,-29.537935,2.6,-1369,0.0398,36.9,0.03,24.6,130.1,-0.18,-0.01
123778,6659947,13.80985,-29.569942,3.,-1394,0.0429,36.9,0.03,24.6,132.5,-0.19,-0.01
123778,6660409,13.805755,-29.575418,2.2,-1393,0.043000000000000003,36.9,0.03,24.6,132.9,-0.19,-0.01
123778,6661187,13.792887,-29.593255,1.2,-1393,0.0427,36.9,0.03,24.6,133.8,-0.19,-0.01
123778,6661784,13.7889,-29.600363,6.3,-1394,0.0413,36.9,0.03,24.6,134.1,-0.19,-0.01
123778,6662504,13.78222,-29.618248,7.7,-1395,0.0422,36.9,0.03,24.6,133.8,-0.19,-0.02
123778,6662973,13.779912,-29.626317,5.5,-1396,0.041800000000000004,36.9,0.03,24.6,133.6,-0.19,-0.02
123778,6663744,13.773117,-29.64629,7.8,-1397,0.042,36.9,0.03,24.6,133.1,-0.19,-0.02
123778,6664193,13.76962,-29.656117,4.8,-1397,0.042300000000000004,36.9,0.03,24.6,132.8,-0.19,-0.03
123778,6665083,13.763373,-29.673703,2.8,-1389,0.0422,36.9,0.04,24.6,132.20000000000002,-0.19,-0.03
123778,6688670,13.424897,-30.120938,8.5,-1389,0.0415,36.9,0.03,25.,132.6,-0.28,-0.06
123778,6688939,13.422777,-30.131272,8.3,-1386,0.0422,36.9,0.03,25.1,133.5,-0.28,-0.06
123778,6688940,13.422777,-30.131272,8.3,-1386,0.0422,36.9,0.03,25.1,133.5,-0.28,-0.06
123778,6688999,13.42233,-30.133632,8.3,-1386,0.042100000000000005,36.9,0.03,25.1,133.70000000000002,-0.28,-0.06
123778,6689000,13.42233,-30.133632,8.3,-1386,0.042100000000000005,36.9,0.03,25.1,133.70000000000002,-0.28,-0.06
123778,6689008,13.42225,-30.133977,8.4,-1386,0.042100000000000005,36.9,0.03,25.1,133.70000000000002,-0.28,-0.06
123778,6689009,13.42225,-30.133977,8.4,-1386,0.042100000000000005,36.9,0.03,25.1,133.70000000000002,-0.28,-0.06
123778,6689039,13.422013,-30.13508,8.1,-1386,0.042100000000000005,36.9,0.03,25.1,133.8,-0.28,-0.06
123778,6694570,13.334382,-30.340565,8.8,-1398,0.0403,36.800000000000004,0.03,25.400000000000002,141.3,-0.26,-0.04
123778,6694679,13.33266,-30.344755,8.6,-1399,0.044000000000000004,36.800000000000004,0.03,25.400000000000002,141.6,-0.26,-0.04
123778,6694680,13.33266,-30.344755,8.6,-1399,0.044000000000000004,36.800000000000004,0.03,25.400000000000002,141.6,-0.26,-0.04
123778,6694688,13.332518,-30.345093,8.6,-1399,0.044000000000000004,36.800000000000004,0.03,25.400000000000002,141.6,-0.26,-0.04
123778,6694698,13.332343,-30.345457,8.6,-1399,0.044000000000000004,36.800000000000004,0.03,25.400000000000002,141.6,-0.26,-0.04
123778,6694710,13.332127,-30.345888,8.6,-1399,0.044000000000000004,36.800000000000004,0.03,25.400000000000002,141.70000000000002,-0.26,-0.04
123778,6694719,13.331968,-30.346215,8.6,-1399,0.044000000000000004,36.800000000000004,0.03,25.400000000000002,141.70000000000002,-0.26,-0.04
123778,6694729,13.331808,-30.34659,8.6,-1399,0.044000000000000004,36.800000000000004,0.03,25.400000000000002,141.70000000000002,-0.26,-0.04
123778,6694770,13.331157,-30.348132,8.7,-1399,0.044000000000000004,36.800000000000004,0.03,25.400000000000002,141.8,-0.26,-0.04
123778,6694799,13.330627,-30.349198,8.7,-1399,0.044000000000000004,36.800000000000004,0.03,25.400000000000002,141.9,-0.26,-0.04
123778,6694818,13.330288,-30.349907,8.7,-1399,0.044000000000000004,36.800000000000004,0.03,25.400000000000002,141.9,-0.26,-0.04
123778,6700054,13.24169,-30.549195,9.,-1399,0.044700000000000004,36.800000000000004,0.04,25.5,143.5,-0.23,-0.06
123778,6701284,13.220515,-30.596943,9.1,-1399,0.043300000000000005,36.800000000000004,0.04,25.5,147.,-0.23,-0.06
123778,6701575,13.215542,-30.608077,8.9,-1399,0.0426,36.800000000000004,0.04,25.5,147.70000000000002,-0.23,-0.06
123778,6702484,13.200328,-30.642743,8.8,-1399,0.0407,36.800000000000004,0.04,25.6,149.3,-0.22,-0.06
123778,6703634,13.180998,-30.686003,8.6,-1398,0.04,36.800000000000004,0.04,25.5,148.8,-0.22,-0.06
123778,6704254,13.170507,-30.709315,9.,-1398,0.0395,36.800000000000004,0.04,25.5,148.4,-0.22,-0.05
123778,6704903,13.159385,-30.734243,8.7,-1398,0.041,36.7,0.04,25.5,149.4,-0.22,-0.05
123778,6705413,13.150747,-30.753813,9.,-1396,0.0427,36.7,0.04,25.5,151.1,-0.22,-0.06
123778,6706113,13.138775,-30.781033,9.1,-1397,0.040600000000000004,36.7,0.04,25.5,153.8,-0.22,-0.06
123778,6706874,13.125545,-30.810902,9.2,-1398,0.0414,36.7,0.04,25.5,156.10000000000002,-0.22,-0.07
123778,6707475,13.115048,-30.833962,8.9,-1397,0.0429,36.7,0.04,25.5,156.8,-0.23,-0.07
123778,6708064,13.10482,-30.856777,8.9,-1397,0.0436,36.7,0.04,25.5,157.5,-0.24,-0.08
123778,6709963,13.072487,-30.929998,8.9,-1397,0.0434,36.7,0.04,25.5,163.10000000000002,-0.27,-0.1
123778,6710504,13.062952,-30.950427,8.8,-1398,0.0426,36.7,0.04,25.5,164.70000000000002,-0.28,-0.1
123778,6711410,13.047725,-30.985038,8.6,-1399,0.043000000000000003,36.7,0.04,25.5,167.,-0.29,-0.11
123778,6711902,13.038473,-31.003505,8.,-1398,0.0422,36.7,0.04,25.5,168.20000000000002,-0.29,-0.12
123778,6712571,13.032583,-31.006447,1.7,-1398,0.0424,36.7,0.04,25.5,168.5,-0.29,-0.12
123778,6732702,12.897278,-31.088687,2.1,-1399,0.0461,36.7,0.05,25.700000000000003,163.20000000000002,-0.32,-0.13
123778,6732713,12.897177,-31.08875,2.1,-1399,0.046,36.7,0.05,25.700000000000003,163.20000000000002,-0.32,-0.13
123778,6732722,12.897098,-31.088797,2.1,-1399,0.046,36.7,0.05,25.700000000000003,163.20000000000002,-0.32,-0.13
123778,6732762,12.896778,-31.088997,2.1,-1399,0.0459,36.7,0.05,25.700000000000003,163.20000000000002,-0.32,-0.13
123778,6732773,12.896687,-31.089062,2.,-1399,0.0459,36.7,0.05,25.700000000000003,163.20000000000002,-0.32,-0.13
123778,6732832,12.896257,-31.089398,2.,-1399,0.0458,36.7,0.05,25.700000000000003,163.10000000000002,-0.32,-0.13
123778,6732882,12.895912,-31.0897,2.,-1399,0.045700000000000005,36.7,0.05,25.700000000000003,163.,-0.32,-0.13
123778,6732893,12.895835,-31.089768,2.,-1399,0.0456,36.7,0.05,25.700000000000003,163.,-0.32,-0.13
123778,6732903,12.89577,-31.089823,1.9,-1399,0.0456,36.7,0.05,25.700000000000003,163.,-0.32,-0.13
123778,6732922,12.895637,-31.089928,2.,-1399,0.0456,36.7,0.05,25.700000000000003,163.,-0.32,-0.13
123778,6732972,12.895248,-31.09022,2.,-1399,0.0455,36.7,0.05,25.700000000000003,162.9,-0.32,-0.13
123778,6732976,12.895215,-31.090245,2.2,-1399,0.0455,36.7,0.05,25.700000000000003,162.9,-0.32,-0.13
123778,6732979,12.895192,-31.090262,2.,-1399,0.0454,36.7,0.05,25.700000000000003,162.9,-0.32,-0.13
123778,6732987,12.895132,-31.0903,2.2,-1399,0.0454,36.7,0.05,25.700000000000003,162.9,-0.32,-0.13
123778,6732995,12.895053,-31.090353,2.3,-1399,0.0454,36.7,0.05,25.700000000000003,162.9,-0.32,-0.13
123778,6733002,12.895003,-31.090385,2.2,-1399,0.0454,36.7,0.05,25.700000000000003,162.9,-0.32,-0.13
123778,6733017,12.894878,-31.090465,2.,-1399,0.0454,36.7,0.05,25.700000000000003,162.9,-0.32,-0.13
123778,6733042,12.894652,-31.090602,2.2,-1399,0.0453,36.7,0.05,25.700000000000003,162.8,-0.32,-0.13
123778,6733057,12.894533,-31.09067,2.1,-1399,0.0453,36.7,0.05,25.700000000000003,162.8,-0.32,-0.13
123778,6738392,12.958523,-31.060583,5.,-1398,0.0409,36.7,0.04,25.6,169.5,-0.31,-0.13
123778,6738402,12.958728,-31.060463,5.,-1398,0.0408,36.7,0.04,25.6,169.60000000000002,-0.31,-0.13
123778,6738422,12.959148,-31.060213,5.,-1398,0.0408,36.7,0.04,25.6,169.60000000000002,-0.31,-0.13
123778,6738423,12.959148,-31.060213,5.,-1398,0.0408,36.7,0.04,25.6,169.60000000000002,-0.31,-0.13
123778,6738433,12.959328,-31.060113,4.9,-1398,0.0408,36.7,0.04,25.6,169.60000000000002,-0.31,-0.13
123778,6738482,12.960323,-31.059532,4.5,-1398,0.0408,36.7,0.04,25.6,169.70000000000002,-0.31,-0.13
123778,6738483,12.960323,-31.059532,4.5,-1398,0.0408,36.7,0.04,25.6,169.70000000000002,-0.31,-0.13
123778,6738611,12.962627,-31.05826,4.5,-1398,0.0407,36.7,0.04,25.6,169.70000000000002,-0.31,-0.13
123778,6738642,12.963223,-31.057927,4.9,-1398,0.0407,36.7,0.04,25.6,169.70000000000002,-0.31,-0.13
123778,6738662,12.9636,-31.057683,4.7,-1398,0.0407,36.7,0.04,25.6,169.8,-0.31,-0.13
123778,6738672,12.96379,-31.05757,4.3,-1398,0.0407,36.7,0.04,25.6,169.8,-0.31,-0.13
123778,6738673,12.96379,-31.05757,4.3,-1398,0.0407,36.7,0.04,25.6,169.8,-0.31,-0.13
123778,6738702,12.964282,-31.057358,4.,-1398,0.0407,36.7,0.04,25.6,169.8,-0.31,-0.13
123778,6738709,12.964397,-31.057288,4.1,-1398,0.0407,36.7,0.04,25.6,169.8,-0.31,-0.13
123778,6738913,12.966903,-31.05579,1.2,-1398,0.040600000000000004,36.7,0.04,25.6,169.8,-0.31,-0.13
123778,6739314,12.964778,-31.058005,2.1,-1398,0.0407,36.7,0.04,25.6,169.70000000000002,-0.31,-0.13
123778,6739787,12.962758,-31.059717,1.9,-1398,0.0408,36.7,0.04,25.6,169.60000000000002,-0.31,-0.13
123778,6740613,12.968295,-31.055063,4.8,-1398,0.0405,36.7,0.04,25.6,169.9,-0.31,-0.13
123778,6741001,12.970463,-31.052822,2.3,-1398,0.040400000000000005,36.7,0.04,25.6,170.,-0.3,-0.13
123778,6741777,12.976015,-31.038647,2.8,-1398,0.042300000000000004,36.7,0.04,25.6,170.5,-0.3,-0.12
123778,6743327,12.97641,-31.005222,6.,-1399,0.0402,36.7,0.04,25.6,169.10000000000002,-0.3,-0.12
123778,6743468,12.976275,-31.004012,2.1,-1399,0.0402,36.7,0.04,25.6,169.,-0.3,-0.12
123778,6744499,12.982137,-30.983277,4.4,-1397,0.0427,36.7,0.04,25.6,168.,-0.29,-0.11
123778,6745605,12.991843,-30.964103,6.2,-1397,0.041100000000000005,36.7,0.04,25.6,166.8,-0.29,-0.11
123778,6746838,13.000848,-30.948043,0.6,-1397,0.0446,36.7,0.04,25.6,166.20000000000002,-0.28,-0.1
123778,6748167,13.009172,-30.925068,1.8,-1396,0.0449,36.7,0.04,25.6,165.60000000000002,-0.28,-0.09
123778,6748497,13.008053,-30.929175,2.5,-1396,0.0448,36.7,0.04,25.6,165.70000000000002,-0.28,-0.1
123778,6749374,13.009795,-30.928177,0.9,-1396,0.0448,36.7,0.04,25.6,165.60000000000002,-0.28,-0.1
123778,6749707,13.010817,-30.924475,1.9,-1396,0.0448,36.7,0.04,25.6,165.5,-0.28,-0.09
123778,6750664,13.019255,-30.906375,1.4,-1396,0.0448,36.7,0.04,25.5,164.70000000000002,-0.27,-0.09
123778,6750984,13.023018,-30.89921,5.3,-1396,0.0451,36.7,0.04,25.5,164.3,-0.27,-0.09
123778,6777036,13.244932,-30.432573,1.,-1399,0.044700000000000004,36.800000000000004,0.03,25.5,143.5,-0.26,-0.04
123778,6777037,13.244932,-30.432573,1.,-1399,0.044700000000000004,36.800000000000004,0.03,25.5,143.5,-0.26,-0.04
123778,6777133,13.245163,-30.433092,1.4,-1399,0.044700000000000004,36.800000000000004,0.03,25.5,143.5,-0.26,-0.04
123778,6777145,13.245218,-30.433165,1.5,-1399,0.044700000000000004,36.800000000000004,0.03,25.5,143.5,-0.26,-0.04
123778,6777149,13.245235,-30.433192,1.4,-1399,0.044700000000000004,36.800000000000004,0.03,25.5,143.5,-0.26,-0.04
123778,6777158,13.245247,-30.433247,1.3,-1399,0.044700000000000004,36.800000000000004,0.03,25.5,143.5,-0.26,-0.04
123778,6777165,13.245218,-30.433295,1.3,-1399,0.044700000000000004,36.800000000000004,0.03,25.5,143.5,-0.26,-0.04
123778,6777168,13.245203,-30.433308,1.3,-1399,0.044700000000000004,36.800000000000004,0.03,25.5,143.5,-0.26,-0.04
123778,6777173,13.24518,-30.433335,1.2,-1399,0.044700000000000004,36.800000000000004,0.03,25.5,143.5,-0.26,-0.04
123778,6777177,13.245173,-30.433345,1.2,-1399,0.044700000000000004,36.800000000000004,0.03,25.5,143.5,-0.26,-0.04
123778,6777179,13.245163,-30.433362,1.2,-1399,0.044700000000000004,36.800000000000004,0.03,25.5,143.5,-0.26,-0.04
123778,6777180,13.245163,-30.433362,1.2,-1399,0.044700000000000004,36.800000000000004,0.03,25.5,143.5,-0.26,-0.04
123778,6777185,13.245162,-30.433385,1.1,-1399,0.044700000000000004,36.800000000000004,0.03,25.5,143.5,-0.26,-0.04
123778,6777190,13.245162,-30.433402,0.9,-1399,0.044700000000000004,36.800000000000004,0.03,25.5,143.5,-0.26,-0.04
123778,6777196,13.245163,-30.43343,0.9,-1399,0.044700000000000004,36.800000000000004,0.03,25.5,143.5,-0.26,-0.04
123778,6777213,13.245188,-30.433498,1.,-1399,0.044700000000000004,36.800000000000004,0.03,25.5,143.5,-0.26,-0.04
123778,6777216,13.245193,-30.433517,1.,-1399,0.044700000000000004,36.800000000000004,0.03,25.5,143.5,-0.26,-0.04
123778,6777225,13.245203,-30.43354,0.6,-1399,0.044700000000000004,36.800000000000004,0.03,25.5,143.5,-0.26,-0.04
123778,6777242,13.245203,-30.433577,0.5,-1399,0.044700000000000004,36.800000000000004,0.03,25.5,143.5,-0.26,-0.04
123778,6777332,13.245283,-30.433807,0.9,-1399,0.044700000000000004,36.800000000000004,0.03,25.5,143.4,-0.26,-0.04
123778,6777353,13.245333,-30.433902,1.,-1399,0.044700000000000004,36.800000000000004,0.03,25.5,143.4,-0.26,-0.04
123778,6777362,13.245355,-30.433943,1.1,-1399,0.044700000000000004,36.800000000000004,0.03,25.5,143.4,-0.26,-0.04
123778,6777609,13.245952,-30.434947,0.4,-1399,0.044700000000000004,36.800000000000004,0.03,25.5,143.4,-0.26,-0.04
123778,6783102,13.349617,-30.361337,8.1,-1397,0.040400000000000005,36.800000000000004,0.03,25.400000000000002,141.70000000000002,-0.25,-0.05
123778,6783146,13.350403,-30.360745,3.8,-1397,0.040400000000000005,36.800000000000004,0.03,25.400000000000002,141.6,-0.25,-0.05
123778,6783168,13.35029,-30.361083,2.,-1397,0.040400000000000005,36.800000000000004,0.03,25.400000000000002,141.70000000000002,-0.25,-0.05
123778,6783174,13.35021,-30.361072,1.8,-1397,0.040400000000000005,36.800000000000004,0.03,25.400000000000002,141.70000000000002,-0.25,-0.05
123778,6783189,13.350145,-30.360855,2.5,-1397,0.040400000000000005,36.800000000000004,0.03,25.400000000000002,141.70000000000002,-0.25,-0.05
123778,6783282,13.350753,-30.358042,7.4,-1397,0.040400000000000005,36.800000000000004,0.03,25.400000000000002,141.20000000000002,-0.25,-0.05
123778,6783311,13.350892,-30.356985,7.5,-1397,0.040400000000000005,36.800000000000004,0.03,25.400000000000002,141.,-0.25,-0.05
123778,6783312,13.350892,-30.356985,7.5,-1397,0.040400000000000005,36.800000000000004,0.03,25.400000000000002,141.,-0.25,-0.05
123778,6784524,13.362903,-30.352193,9.3,-1398,0.0405,36.800000000000004,0.03,25.400000000000002,140.20000000000002,-0.24,-0.05
123778,6784994,13.375258,-30.368012,9.2,-1398,0.0409,36.800000000000004,0.03,25.400000000000002,142.9,-0.24,-0.06
123778,6785624,13.392835,-30.38887,9.1,-1398,0.040600000000000004,36.800000000000004,0.03,25.400000000000002,145.5,-0.23,-0.07
123778,6786835,13.425255,-30.428952,8.9,-1400,0.0413,36.800000000000004,0.03,25.400000000000002,141.8,-0.21,-0.09
123778,6787264,13.436925,-30.443098,9.2,-1401,0.0417,36.800000000000004,0.03,25.400000000000002,139.8,-0.2,-0.09
123778,6788063,13.45825,-30.469395,8.7,-1403,0.0419,36.800000000000004,0.03,25.400000000000002,139.20000000000002,-0.19,-0.1
123778,6788512,13.470355,-30.48364,8.9,-1404,0.040100000000000004,36.800000000000004,0.03,25.400000000000002,140.,-0.18,-0.11
123778,6789385,13.493052,-30.511788,9.1,-1406,0.0409,36.800000000000004,0.03,25.400000000000002,141.3,-0.17,-0.12
123778,6790295,13.517422,-30.541663,9.1,-1416,0.0379,36.800000000000004,0.03,25.400000000000002,143.3,-0.17,-0.13
123778,6790634,13.52686,-30.552755,9.3,-1420,0.039400000000000004,36.800000000000004,0.03,25.400000000000002,142.1,-0.16,-0.13
123778,6791033,13.5374,-30.566008,8.8,-1425,0.0393,36.800000000000004,0.03,25.400000000000002,139.,-0.16,-0.14
123778,6791874,13.560088,-30.593432,9.1,-1422,0.0396,36.800000000000004,0.03,25.3,131.,-0.16,-0.15
123778,6792238,13.569823,-30.605252,8.9,-1426,0.039900000000000005,36.800000000000004,0.03,25.3,127.60000000000001,-0.16,-0.16
123778,6792974,13.58999,-30.62979,9.1,-1454,0.037200000000000004,36.800000000000004,0.03,25.3,120.5,-0.16,-0.16
123778,6793463,13.603007,-30.646172,9.2,-1459,0.038200000000000005,36.9,0.03,25.3,118.4,-0.17,-0.16
123778,6794293,13.625795,-30.673827,9.,-1442,0.0381,36.9,0.02,25.200000000000003,127.5,-0.18,-0.13
123778,6794932,13.642663,-30.695037,9.,-1447,0.0358,36.9,0.02,25.1,135.,-0.19,-0.1
123778,6795693,13.663437,-30.720027,9.1,-1452,0.032,36.9,0.02,25.1,145.1,-0.21,-0.06
123778,6796053,13.67302,-30.73225,9.2,-1483,-99999,37.,0.02,25.1,149.5,-0.22,-0.04
123778,6796833,13.69429,-30.7578,9.1,-1458,0.0425,37.,0.02,25.,153.20000000000002,-0.23,0.
123778,6797344,13.70799,-30.775257,9.,-1461,0.0425,37.,0.02,25.,153.70000000000002,-0.24,0.02
123778,6798144,13.729825,-30.801723,9.4,-1465,0.042800000000000005,37.,0.03,25.,154.10000000000002,-0.25,0.05
123778,6799734,13.77244,-30.853872,8.7,-1473,0.045000000000000005,36.9,0.03,25.,150.70000000000002,-0.26,0.07
123778,6801013,13.80591,-30.895307,8.9,-1479,0.0463,36.9,0.04,25.,150.1,-0.26,0.06
123778,6823954,14.039277,-31.106382,1.,-1493,0.0414,36.800000000000004,0.05,25.,146.3,-0.17,-0.02
123778,6825342,14.019108,-31.090473,4.9,-1495,0.0419,36.800000000000004,0.05,25.,147.4,-0.18,-0.01
123778,6826084,14.005493,-31.08033,4.9,-1503,0.0419,36.800000000000004,0.05,25.,148.5,-0.19,-0.01
123778,6826594,13.99645,-31.073292,4.5,-1494,0.0422,36.800000000000004,0.05,25.,149.1,-0.19,-0.01
123778,6826807,13.99259,-31.0702,4.9,-1494,0.0424,36.800000000000004,0.05,25.,149.20000000000002,-0.19,-0.01
123778,6826866,13.991488,-31.069507,4.6,-1494,0.0425,36.800000000000004,0.05,25.,149.3,-0.19,0.
123778,6826867,13.991488,-31.069507,4.6,-1494,0.0425,36.800000000000004,0.05,25.,149.3,-0.19,0.
123778,6826876,13.991308,-31.069383,4.7,-1494,0.0425,36.800000000000004,0.05,25.,149.3,-0.19,0.
123778,6826877,13.991308,-31.069383,4.7,-1494,0.0425,36.800000000000004,0.05,25.,149.3,-0.19,0.
123778,6826915,13.990748,-31.069038,4.7,-1493,0.0425,36.800000000000004,0.05,25.,149.3,-0.19,0.
123778,6826916,13.990557,-31.068927,4.7,-1493,0.0425,36.800000000000004,0.05,25.,149.3,-0.19,0.
123778,6826917,13.990557,-31.068927,4.7,-1493,0.0425,36.800000000000004,0.05,25.,149.3,-0.19,0.
123778,6826936,13.990177,-31.068695,4.8,-1493,0.0425,36.800000000000004,0.05,25.,149.3,-0.19,0.
123778,6826937,13.990177,-31.068695,4.8,-1493,0.0425,36.800000000000004,0.05,25.,149.3,-0.19,0.
123778,6826956,13.989797,-31.068467,4.7,-1493,0.0426,36.800000000000004,0.05,25.,149.3,-0.19,0.
123778,6826957,13.989797,-31.068467,4.7,-1493,0.0426,36.800000000000004,0.05,25.,149.3,-0.19,0.
123778,6827583,13.977618,-31.061202,4.6,-1492,0.0431,36.800000000000004,0.05,25.,149.70000000000002,-0.2,0.
123778,6828638,13.970873,-31.05667,4.1,-1492,0.043500000000000004,36.800000000000004,0.05,25.,149.8,-0.2,0.
123778,6829934,13.966538,-31.029765,6.6,-1486,0.042800000000000005,36.800000000000004,0.05,25.,150.4,-0.21,0.
123778,6831142,13.95286,-30.995652,4.9,-1499,0.0458,36.800000000000004,0.05,25.1,153.60000000000002,-0.21,0.
123778,6832357,13.938947,-30.967815,6.9,-1498,0.0455,36.800000000000004,0.05,25.1,156.4,-0.22,0.
123778,6832390,13.938992,-30.96703,4.3,-1498,0.0455,36.800000000000004,0.05,25.1,156.5,-0.22,0.
123778,6832931,13.929222,-30.95541,7.1,-1499,0.0366,36.800000000000004,0.05,25.1,157.70000000000002,-0.22,0.
123778,6833657,13.922953,-30.941027,6.2,-1499,0.0364,36.800000000000004,0.05,25.1,158.5,-0.22,0.01
123778,6834170,13.920098,-30.92871,3.8,-1499,0.0373,36.800000000000004,0.04,25.1,158.9,-0.22,0.01
123778,6835075,13.914495,-30.908448,6.8,-1497,0.0398,36.800000000000004,0.04,25.1,158.8,-0.22,0.02
123778,6859767,13.60225,-30.350918,7.,-1399,0.0392,36.800000000000004,0.04,25.400000000000002,146.4,-0.18,-0.12
123778,6859768,13.60225,-30.350918,7.,-1399,0.0392,36.800000000000004,0.04,25.400000000000002,146.4,-0.18,-0.12
123778,6859867,13.602168,-30.350167,2.4,-1398,0.0393,36.800000000000004,0.04,25.400000000000002,146.3,-0.18,-0.12
123778,6859868,13.602168,-30.350167,2.4,-1398,0.0393,36.800000000000004,0.04,25.400000000000002,146.3,-0.18,-0.12
123778,6860125,13.597657,-30.344572,7.6,-1397,0.039400000000000004,36.800000000000004,0.04,25.400000000000002,145.9,-0.18,-0.11
123778,6865432,13.494603,-30.267722,7.7,-1396,0.0424,36.800000000000004,0.04,25.400000000000002,136.3,-0.21,-0.08
123778,6865441,13.494315,-30.267518,7.7,-1396,0.0424,36.800000000000004,0.04,25.400000000000002,136.3,-0.21,-0.08
123778,6865523,13.49194,-30.265935,7.4,-1396,0.0422,36.800000000000004,0.04,25.400000000000002,136.1,-0.22,-0.07
123778,6865532,13.491638,-30.265753,7.6,-1396,0.0422,36.800000000000004,0.04,25.400000000000002,136.1,-0.22,-0.07
123778,6865541,13.491362,-30.265577,7.7,-1396,0.042100000000000005,36.800000000000004,0.04,25.400000000000002,136.1,-0.22,-0.07
123778,6865552,13.491045,-30.265372,7.8,-1396,0.042100000000000005,36.800000000000004,0.04,25.400000000000002,136.1,-0.22,-0.07
123778,6865612,13.48921,-30.26418,7.9,-1396,0.042,36.800000000000004,0.04,25.400000000000002,136.,-0.22,-0.07
123778,6865623,13.488878,-30.263943,8.,-1396,0.0419,36.800000000000004,0.04,25.400000000000002,135.9,-0.22,-0.07
123778,6865632,13.488562,-30.263742,7.9,-1396,0.0419,36.800000000000004,0.04,25.400000000000002,135.9,-0.22,-0.07
123778,6865661,13.487655,-30.263145,8.,-1396,0.0419,36.800000000000004,0.04,25.400000000000002,135.8,-0.22,-0.07
123778,6865662,13.487655,-30.263145,8.,-1396,0.0419,36.800000000000004,0.04,25.400000000000002,135.8,-0.22,-0.07
123778,6865672,13.487335,-30.262943,8.1,-1396,0.041800000000000004,36.800000000000004,0.04,25.400000000000002,135.8,-0.22,-0.07
123778,6865727,13.485633,-30.261818,7.5,-1396,0.0417,36.800000000000004,0.04,25.400000000000002,135.70000000000002,-0.22,-0.07
123778,6865729,13.485605,-30.261798,7.5,-1396,0.0417,36.800000000000004,0.04,25.400000000000002,135.70000000000002,-0.22,-0.07
123778,6865732,13.485523,-30.261732,7.6,-1396,0.0417,36.800000000000004,0.04,25.400000000000002,135.70000000000002,-0.22,-0.07
123778,6865738,13.485333,-30.261572,7.6,-1396,0.0417,36.800000000000004,0.04,25.400000000000002,135.70000000000002,-0.22,-0.07
123778,6865858,13.481945,-30.258678,8.,-1396,0.0414,36.800000000000004,0.04,25.400000000000002,135.4,-0.22,-0.07
123778,6865865,13.481755,-30.25849,8.1,-1396,0.0414,36.800000000000004,0.04,25.400000000000002,135.4,-0.22,-0.07
123778,6866082,13.477047,-30.251947,8.4,-1396,0.041,36.800000000000004,0.04,25.400000000000002,134.70000000000002,-0.22,-0.07
123778,6868837,13.480073,-30.189032,7.4,-1396,0.041,36.9,0.04,25.3,133.6,-0.22,-0.07
123778,6870233,13.527267,-30.203017,7.7,-1392,0.0425,36.9,0.04,25.400000000000002,133.4,-0.21,-0.07
123778,6871234,13.5615,-30.21297,7.6,-1394,0.0415,36.9,0.04,25.400000000000002,134.5,-0.2,-0.08
123778,6872450,13.60355,-30.224762,7.8,-1397,0.0363,36.9,0.04,25.400000000000002,136.70000000000002,-0.18,-0.08
123778,6872874,13.617733,-30.229307,7.6,-1398,0.0373,36.9,0.04,25.400000000000002,138.20000000000002,-0.18,-0.09
123778,6873535,13.640532,-30.235975,7.8,-1401,0.0346,36.9,0.04,25.400000000000002,140.9,-0.17,-0.09
123778,6874044,13.655177,-30.244093,7.4,-1402,0.034800000000000005,36.9,0.04,25.400000000000002,143.1,-0.17,-0.09
123778,6874934,13.675077,-30.26866,7.5,-1408,0.0393,36.9,0.03,25.400000000000002,146.9,-0.16,-0.11
123778,6875386,13.68511,-30.280618,7.3,-1411,0.0403,36.9,0.03,25.400000000000002,147.70000000000002,-0.16,-0.11
123778,6876133,13.702065,-30.301022,7.7,-1419,0.0376,36.9,0.03,25.400000000000002,146.3,-0.16,-0.12
123778,6876549,13.711645,-30.312538,7.2,-1425,0.038400000000000004,36.9,0.03,25.400000000000002,144.6,-0.16,-0.13
123778,6877353,13.729867,-30.334825,7.5,-1417,0.037700000000000004,36.9,0.03,25.400000000000002,138.3,-0.16,-0.13
123778,6877875,13.741758,-30.349193,7.4,-1427,0.0381,36.9,0.03,25.400000000000002,133.1,-0.17,-0.13
123778,6878601,13.7579,-30.368915,7.2,-1467,0.0379,36.9,0.03,25.3,125.5,-0.17,-0.13
123778,6879154,13.769982,-30.383987,7.2,-1477,0.0381,36.9,0.03,25.3,121.2,-0.17,-0.13
123778,6880235,13.793485,-30.412488,7.4,-1493,0.0378,36.9,0.03,25.3,118.10000000000001,-0.17,-0.13
123778,6880545,13.800295,-30.420957,7.4,-1478,0.0385,36.9,0.03,25.3,119.30000000000001,-0.17,-0.13
123778,6881183,13.814667,-30.438135,7.5,-1483,0.0385,36.9,0.03,25.3,123.30000000000001,-0.18,-0.13
123778,6882564,13.84468,-30.475177,7.5,-1495,0.04,36.9,0.03,25.3,138.5,-0.19,-0.14
123778,6882983,13.854072,-30.486422,7.4,-1495,0.040600000000000004,36.9,0.03,25.3,142.3,-0.19,-0.15
123778,6883804,13.872117,-30.508555,7.1,-1498,0.0397,36.9,0.03,25.3,146.20000000000002,-0.2,-0.15
123778,6885311,13.905867,-30.549348,7.3,-1499,0.041600000000000005,36.9,0.03,25.200000000000003,148.70000000000002,-0.2,-0.15
123778,6908403,13.993393,-30.706123,0.7,-1504,0.0367,36.9,0.03,25.200000000000003,133.1,-0.18,-0.03
123778,6909424,13.990807,-30.708107,0.7,-1504,0.0367,36.9,0.03,25.200000000000003,133.1,-0.18,-0.03
123778,6910695,13.98782,-30.710958,0.5,-1505,0.0366,36.9,0.03,25.200000000000003,133.3,-0.18,-0.03
123778,6911703,13.985707,-30.713418,0.7,-1505,0.0366,36.9,0.03,25.200000000000003,133.6,-0.18,-0.03
123778,6913233,13.972117,-30.712205,4.2,-1505,0.0366,36.9,0.03,25.200000000000003,128.,-0.19,-0.03
123778,6914215,13.954622,-30.70497,3.9,-1505,0.0368,36.9,0.03,25.200000000000003,119.80000000000001,-0.19,-0.03
123778,6915424,13.933737,-30.702745,7.4,-1506,0.0368,36.9,0.03,25.200000000000003,112.80000000000001,-0.2,-0.03
123778,6915576,13.92998,-30.702255,6.9,-1506,0.0368,36.9,0.03,25.200000000000003,111.60000000000001,-0.2,-0.03
123778,6916790,13.903888,-30.686673,2.5,-1497,0.040400000000000005,36.9,0.03,25.200000000000003,115.30000000000001,-0.2,-0.04
123778,6917276,13.894543,-30.679128,2.1,-1497,0.040400000000000005,36.9,0.03,25.200000000000003,119.30000000000001,-0.2,-0.05
123778,6917997,13.882233,-30.670603,3.5,-1497,0.040400000000000005,36.9,0.03,25.200000000000003,124.9,-0.2,-0.06
123778,6918492,13.871773,-30.661417,7.8,-1502,0.0409,36.9,0.03,25.200000000000003,129.6,-0.2,-0.07
123778,6919333,13.851753,-30.643257,8.1,-1500,0.042100000000000005,36.9,0.03,25.200000000000003,138.8,-0.2,-0.08
123778,6920630,13.825275,-30.624825,3.3,-1493,0.0413,36.9,0.03,25.200000000000003,140.9,-0.2,-0.1
123778,6921282,13.808108,-30.613795,8.1,-1492,0.0398,36.9,0.03,25.200000000000003,138.1,-0.19,-0.11
123778,6948102,13.322083,-30.22915,8.,-1400,0.0275,36.800000000000004,0.03,25.400000000000002,133.1,-0.24,-0.05
123778,6948183,13.319212,-30.229892,7.9,-1400,0.0275,36.800000000000004,0.03,25.400000000000002,133.1,-0.24,-0.05
123778,6948202,13.318493,-30.230067,8.,-1400,0.0275,36.800000000000004,0.03,25.400000000000002,133.1,-0.24,-0.05
123778,6948203,13.318493,-30.230067,8.,-1400,0.0275,36.800000000000004,0.03,25.400000000000002,133.1,-0.24,-0.05
123778,6948242,13.317042,-30.230408,8.,-1400,0.0275,36.800000000000004,0.03,25.400000000000002,133.1,-0.24,-0.05
123778,6948263,13.316318,-30.23059,8.,-1400,0.0275,36.800000000000004,0.03,25.400000000000002,133.1,-0.24,-0.05
123778,6953981,13.108228,-30.306212,8.6,-1400,0.0412,36.9,0.03,25.400000000000002,138.20000000000002,-0.23,-0.01
123778,6953992,13.10783,-30.306417,8.6,-1400,0.0412,36.9,0.03,25.400000000000002,138.20000000000002,-0.23,-0.01
123778,6953993,13.10783,-30.306417,8.6,-1400,0.0412,36.9,0.03,25.400000000000002,138.20000000000002,-0.23,-0.01
123778,6954011,13.10716,-30.30675,8.6,-1400,0.0412,36.9,0.03,25.400000000000002,138.3,-0.23,-0.01
123778,6954052,13.105748,-30.307443,8.3,-1400,0.0412,36.9,0.03,25.400000000000002,138.4,-0.23,-0.01
123778,6954071,13.105087,-30.307778,8.3,-1400,0.0412,36.9,0.03,25.400000000000002,138.4,-0.23,-0.01
123778,6954082,13.104717,-30.307977,8.2,-1400,0.0412,36.9,0.03,25.400000000000002,138.5,-0.23,-0.01
123778,6954113,13.103663,-30.308498,8.4,-1400,0.0412,36.9,0.03,25.400000000000002,138.5,-0.23,-0.01
123778,6954122,13.103308,-30.308663,8.3,-1400,0.0412,36.9,0.03,25.400000000000002,138.6,-0.23,-0.01
123778,6954123,13.103308,-30.308663,8.3,-1400,0.0412,36.9,0.03,25.400000000000002,138.6,-0.23,-0.01
123778,6954131,13.103008,-30.30881,8.3,-1400,0.0412,36.9,0.03,25.400000000000002,138.6,-0.23,-0.01
123778,6954161,13.101962,-30.309358,8.3,-1400,0.0412,36.9,0.03,25.400000000000002,138.6,-0.23,-0.01
123778,6954182,13.101252,-30.309718,8.3,-1400,0.0412,36.9,0.03,25.400000000000002,138.70000000000002,-0.23,-0.01
123778,6954242,13.099123,-30.310738,8.5,-1400,0.0412,36.9,0.03,25.400000000000002,138.8,-0.23,-0.01
123778,6954243,13.099123,-30.310738,8.5,-1400,0.0412,36.9,0.03,25.400000000000002,138.8,-0.23,-0.01
123778,6954251,13.09885,-30.310878,8.5,-1400,0.0412,36.9,0.03,25.400000000000002,138.8,-0.23,-0.01
123778,6954272,13.098057,-30.311298,8.5,-1400,0.0412,36.9,0.03,25.400000000000002,138.9,-0.23,-0.01
123778,6954311,13.096705,-30.311917,8.4,-1400,0.0412,36.9,0.03,25.400000000000002,138.9,-0.23,-0.01
123778,6954371,13.094642,-30.313007,8.4,-1400,0.0412,36.9,0.03,25.400000000000002,139.1,-0.23,-0.01
123778,6954382,13.09422,-30.313228,8.6,-1400,0.0412,36.9,0.03,25.400000000000002,139.1,-0.23,-0.01
123778,6956754,13.047428,-30.40039,9.1,-1400,0.0415,36.9,0.03,25.400000000000002,133.3,-0.21,0.
123778,6956885,13.04517,-30.405355,9.,-1400,0.0407,36.9,0.03,25.400000000000002,133.6,-0.21,0.
123778,6957983,13.026015,-30.44815,9.3,-1400,0.0451,36.9,0.03,25.400000000000002,138.4,-0.2,0.01
123778,6958605,13.014987,-30.47279,9.2,-1400,0.045000000000000005,36.800000000000004,0.03,25.5,140.6,-0.2,0.01
123778,6959144,13.005225,-30.494313,9.5,-1400,0.0448,36.800000000000004,0.03,25.5,140.8,-0.2,0.02
123778,6959674,12.995862,-30.515573,9.,-1398,0.0446,36.800000000000004,0.03,25.5,140.20000000000002,-0.2,0.02
123778,6960494,12.98149,-30.547743,9.,-1398,0.044500000000000005,36.800000000000004,0.03,25.5,138.6,-0.21,0.02
123778,6961645,12.96085,-30.593977,9.4,-1396,0.044500000000000005,36.800000000000004,0.03,25.5,143.3,-0.22,0.01
123778,6962203,12.950768,-30.61615,9.3,-1397,0.0454,36.800000000000004,0.04,25.5,148.9,-0.23,0.01
123778,6962325,12.9487,-30.62105,9.4,-1397,0.0453,36.800000000000004,0.04,25.5,150.20000000000002,-0.23,0.01
123778,6963003,12.936317,-30.648237,9.4,-1398,0.046400000000000004,36.800000000000004,0.04,25.5,156.3,-0.24,0.
123778,6963494,12.927805,-30.667915,9.4,-1395,0.0475,36.800000000000004,0.04,25.5,159.,-0.24,-0.01
123778,6964184,12.915193,-30.695152,9.1,-1392,0.046900000000000004,36.800000000000004,0.04,25.5,162.4,-0.24,-0.02
123778,6964643,12.90691,-30.713432,9.2,-1392,0.046400000000000004,36.800000000000004,0.04,25.6,164.4,-0.25,-0.03
123778,6965523,12.889848,-30.748037,9.5,-1393,0.046700000000000005,36.800000000000004,0.04,25.6,166.3,-0.25,-0.04
123778,6965914,12.88208,-30.763193,9.4,-1392,0.0463,36.800000000000004,0.04,25.6,167.,-0.25,-0.04
123778,6966813,12.86426,-30.79849,9.5,-1392,0.0475,36.800000000000004,0.04,25.6,168.4,-0.25,-0.05
123778,6968163,12.836943,-30.85215,9.3,-1392,0.0473,36.800000000000004,0.04,25.6,167.,-0.24,-0.06
123778,6991947,13.09595,-30.633515,7.6,-1399,0.0409,36.800000000000004,0.04,25.6,142.3,-0.19,0.02
123778,6991956,13.096118,-30.633237,7.6,-1399,0.0409,36.800000000000004,0.04,25.6,142.3,-0.19,0.02
123778,6991986,13.09663,-30.632323,7.6,-1399,0.0409,36.800000000000004,0.04,25.6,142.3,-0.19,0.02
123778,6992007,13.097018,-30.631618,7.7,-1399,0.0409,36.800000000000004,0.04,25.6,142.3,-0.19,0.02
123778,6992016,13.097175,-30.631322,7.8,-1399,0.0409,36.800000000000004,0.04,25.6,142.3,-0.19,0.02
123778,6992027,13.097368,-30.630973,7.9,-1399,0.0409,36.800000000000004,0.04,25.6,142.3,-0.19,0.02
123778,6992067,13.098142,-30.629755,7.7,-1399,0.0408,36.800000000000004,0.04,25.6,142.3,-0.19,0.02
123778,6992068,13.098142,-30.629755,7.7,-1399,0.0408,36.800000000000004,0.04,25.6,142.3,-0.19,0.02
123778,6992077,13.098308,-30.629478,7.7,-1399,0.0408,36.800000000000004,0.04,25.6,142.3,-0.19,0.02
123778,6992088,13.098513,-30.629145,7.8,-1399,0.0408,36.800000000000004,0.04,25.6,142.3,-0.19,0.02
123778,6992178,13.100168,-30.626412,7.7,-1399,0.0408,36.800000000000004,0.04,25.6,142.20000000000002,-0.19,0.02
123778,6992207,13.100747,-30.625462,7.7,-1399,0.0407,36.800000000000004,0.04,25.6,142.20000000000002,-0.19,0.02
123778,6992208,13.100747,-30.625462,7.7,-1399,0.0407,36.800000000000004,0.04,25.6,142.20000000000002,-0.19,0.02
123778,6992237,13.101287,-30.62456,7.7,-1399,0.041,36.800000000000004,0.04,25.6,142.20000000000002,-0.19,0.02
123778,6992267,13.101873,-30.623585,7.8,-1399,0.041,36.800000000000004,0.04,25.6,142.20000000000002,-0.19,0.02
123778,6992279,13.102067,-30.62327,7.6,-1399,0.041,36.800000000000004,0.04,25.6,142.20000000000002,-0.19,0.02
123778,6992398,13.10428,-30.619482,7.8,-1399,0.041,36.800000000000004,0.04,25.6,142.20000000000002,-0.19,0.03
123778,6993644,13.12748,-30.580187,7.8,-1399,0.043000000000000003,36.800000000000004,0.04,25.5,142.6,-0.19,0.03
123778,6994915,13.151835,-30.538188,8.1,-1399,0.0434,36.800000000000004,0.03,25.5,141.,-0.2,0.02
123778,6995243,13.157957,-30.52743,7.9,-1399,0.042800000000000005,36.800000000000004,0.03,25.5,140.3,-0.2,0.02
123778,6996015,13.172063,-30.502222,7.8,-1399,0.044000000000000004,36.9,0.03,25.5,138.70000000000002,-0.21,0.01
123778,6997233,13.194285,-30.46306,7.8,-1399,0.0436,36.9,0.03,25.400000000000002,139.20000000000002,-0.22,-0.01
123778,6997716,13.203667,-30.447737,8.,-1399,0.0441,36.9,0.03,25.400000000000002,141.5,-0.22,-0.02
123778,6997836,13.206038,-30.443937,7.8,-1399,0.0439,36.9,0.03,25.400000000000002,142.1,-0.22,-0.02
123778,6997901,13.207125,-30.442112,7.2,-1399,0.0439,36.9,0.03,25.400000000000002,142.4,-0.22,-0.02
123778,6998046,13.209667,-30.438105,6.3,-1399,0.0436,36.9,0.03,25.400000000000002,143.,-0.22,-0.02
123778,6998057,13.209838,-30.437835,6.3,-1399,0.0436,36.9,0.03,25.400000000000002,143.,-0.22,-0.02
123778,6998062,13.209838,-30.437835,6.3,-1399,0.0436,36.9,0.03,25.400000000000002,143.,-0.22,-0.02
123778,6998106,13.210637,-30.436642,6.2,-1399,0.0436,36.9,0.03,25.400000000000002,143.20000000000002,-0.22,-0.02
123778,6998117,13.21081,-30.436368,6.3,-1399,0.0436,36.9,0.03,25.400000000000002,143.3,-0.22,-0.02
123778,6998136,13.211092,-30.435888,6.2,-1399,0.0436,36.9,0.03,25.400000000000002,143.3,-0.22,-0.02
123778,6998141,13.211092,-30.435888,6.2,-1399,0.0436,36.9,0.03,25.400000000000002,143.3,-0.22,-0.02
123778,6998201,13.212065,-30.434422,6.3,-1399,0.0436,36.9,0.03,25.400000000000002,143.6,-0.22,-0.02
123778,6998563,13.21752,-30.425617,5.8,-1399,0.0436,36.9,0.03,25.400000000000002,144.9,-0.23,-0.03
123778,6998934,13.22251,-30.417235,5.7,-1399,0.0438,36.9,0.03,25.400000000000002,146.,-0.23,-0.03
123778,7000001,13.23562,-30.392233,5.5,-1399,0.042300000000000004,36.9,0.03,25.400000000000002,147.5,-0.24,-0.04
123778,7001297,13.2412,-30.390585,0.7,-1399,0.0427,36.9,0.03,25.400000000000002,147.1,-0.24,-0.04
123778,7001668,13.242957,-30.391583,3.2,-1399,0.042800000000000005,36.9,0.03,25.400000000000002,147.20000000000002,-0.23,-0.04
123778,7002278,13.244432,-30.404947,4.6,-1399,0.0432,36.9,0.03,25.400000000000002,147.4,-0.23,-0.04
123778,7002897,13.23742,-30.42179,2.6,-1399,0.044500000000000005,36.9,0.03,25.400000000000002,145.5,-0.23,-0.03
123778,7003553,13.23318,-30.433845,4.,-1399,0.0443,36.9,0.03,25.400000000000002,144.,-0.22,-0.03
123778,7003971,13.229965,-30.44069,2.7,-1399,0.0442,36.9,0.03,25.400000000000002,143.,-0.22,-0.03
123778,7004269,13.22747,-30.445728,5.7,-1399,0.0441,36.9,0.03,25.400000000000002,142.3,-0.22,-0.02
123778,7004913,13.222285,-30.454505,7.,-1399,0.0441,36.9,0.03,25.400000000000002,141.,-0.22,-0.02
123778,7006435,13.205432,-30.483927,7.9,-1399,0.0454,36.9,0.03,25.400000000000002,136.6,-0.21,0.
123778,7036349,12.96513,-31.055733,3.5,-1398,0.040600000000000004,36.800000000000004,0.04,25.6,169.20000000000002,-0.22,-0.08
123778,7036350,12.96513,-31.055733,3.5,-1398,0.040600000000000004,36.800000000000004,0.04,25.6,169.20000000000002,-0.22,-0.08
123778,7036360,12.965105,-31.055557,3.4,-1398,0.040600000000000004,36.800000000000004,0.04,25.6,169.3,-0.22,-0.08
123778,7036361,12.965105,-31.055557,3.4,-1398,0.040600000000000004,36.800000000000004,0.04,25.6,169.3,-0.22,-0.08
123778,7036390,12.965343,-31.054993,4.4,-1398,0.0405,36.800000000000004,0.04,25.6,169.3,-0.22,-0.08
123778,7036431,12.965918,-31.054092,5.4,-1398,0.0405,36.800000000000004,0.04,25.6,169.3,-0.22,-0.08
123778,7036432,12.965918,-31.054092,5.4,-1398,0.0405,36.800000000000004,0.04,25.6,169.3,-0.22,-0.08
123778,7036449,12.96617,-31.053702,5.1,-1398,0.0405,36.800000000000004,0.04,25.6,169.3,-0.22,-0.08
123778,7036452,12.966215,-31.05365,5.1,-1398,0.040400000000000005,36.800000000000004,0.04,25.6,169.3,-0.22,-0.08
123778,7036453,12.966215,-31.05365,5.1,-1398,0.040400000000000005,36.800000000000004,0.04,25.6,169.3,-0.22,-0.08
123778,7036512,12.96701,-31.05323,2.8,-1398,0.040400000000000005,36.800000000000004,0.04,25.6,169.3,-0.22,-0.08
123778,7036513,12.96701,-31.05323,2.8,-1398,0.040400000000000005,36.800000000000004,0.04,25.6,169.3,-0.22,-0.08
123778,7036588,12.967567,-31.053613,1.9,-1398,0.040400000000000005,36.800000000000004,0.04,25.6,169.20000000000002,-0.22,-0.08
123778,7036615,12.967627,-31.053782,1.3,-1398,0.040400000000000005,36.800000000000004,0.04,25.6,169.20000000000002,-0.22,-0.08
123778,7036616,12.967627,-31.053782,1.3,-1398,0.040400000000000005,36.800000000000004,0.04,25.6,169.20000000000002,-0.22,-0.08
123778,7036625,12.967638,-31.053837,1.3,-1398,0.0405,36.800000000000004,0.04,25.6,169.20000000000002,-0.22,-0.08
123778,7036626,12.967638,-31.053837,1.3,-1398,0.0405,36.800000000000004,0.04,25.6,169.20000000000002,-0.22,-0.08
123778,7036629,12.967643,-31.053858,1.5,-1398,0.0405,36.800000000000004,0.04,25.6,169.20000000000002,-0.22,-0.08
123778,7036633,12.967647,-31.053895,1.6,-1398,0.0405,36.800000000000004,0.04,25.6,169.20000000000002,-0.22,-0.08
123778,7036646,12.967593,-31.054067,2.3,-1398,0.0405,36.800000000000004,0.04,25.6,169.20000000000002,-0.22,-0.08
123778,7036659,12.967387,-31.054145,3.2,-1398,0.0405,36.800000000000004,0.04,25.6,169.20000000000002,-0.22,-0.08
123778,7036679,12.966988,-31.05441,5.,-1398,0.0405,36.800000000000004,0.04,25.6,169.20000000000002,-0.22,-0.08
123778,7036680,12.966988,-31.05441,5.,-1398,0.0405,36.800000000000004,0.04,25.6,169.20000000000002,-0.22,-0.08
123778,7036682,12.966915,-31.054453,5.3,-1398,0.0405,36.800000000000004,0.04,25.6,169.20000000000002,-0.22,-0.08
123778,7036683,12.966915,-31.054453,5.3,-1398,0.0405,36.800000000000004,0.04,25.6,169.20000000000002,-0.22,-0.08
123778,7036701,12.96654,-31.054872,6.1,-1398,0.0405,36.800000000000004,0.04,25.6,169.20000000000002,-0.22,-0.08
123778,7036739,12.965662,-31.05566,6.6,-1398,0.040600000000000004,36.800000000000004,0.04,25.6,169.20000000000002,-0.22,-0.08
123778,7036740,12.965662,-31.05566,6.6,-1398,0.040600000000000004,36.800000000000004,0.04,25.6,169.20000000000002,-0.22,-0.08
123778,7036749,12.965388,-31.055823,6.7,-1398,0.040600000000000004,36.800000000000004,0.04,25.6,169.20000000000002,-0.22,-0.08
123778,7036752,12.96531,-31.05588,6.8,-1398,0.040600000000000004,36.800000000000004,0.04,25.6,169.20000000000002,-0.22,-0.08
123778,7036793,12.964285,-31.056653,6.8,-1398,0.040600000000000004,36.800000000000004,0.04,25.6,169.20000000000002,-0.22,-0.08
123778,7036796,12.964203,-31.0567,6.8,-1398,0.040600000000000004,36.800000000000004,0.04,25.6,169.20000000000002,-0.22,-0.08
123778,7036799,12.96409,-31.056753,6.8,-1398,0.040600000000000004,36.800000000000004,0.04,25.6,169.20000000000002,-0.22,-0.08
123778,7036800,12.96409,-31.056753,6.8,-1398,0.040600000000000004,36.800000000000004,0.04,25.6,169.20000000000002,-0.22,-0.08
123778,7036802,12.964003,-31.056793,6.8,-1398,0.040600000000000004,36.800000000000004,0.04,25.6,169.20000000000002,-0.22,-0.08
123778,7036803,12.964003,-31.056793,6.8,-1398,0.040600000000000004,36.800000000000004,0.04,25.6,169.20000000000002,-0.22,-0.08
123778,7036805,12.963917,-31.056837,6.8,-1398,0.040600000000000004,36.800000000000004,0.04,25.6,169.20000000000002,-0.22,-0.08
123778,7036806,12.963917,-31.056837,6.8,-1398,0.040600000000000004,36.800000000000004,0.04,25.6,169.20000000000002,-0.22,-0.08
123778,7036812,12.963725,-31.05696,6.9,-1398,0.040600000000000004,36.800000000000004,0.04,25.6,169.3,-0.22,-0.08
123778,7036813,12.963725,-31.05696,6.9,-1398,0.040600000000000004,36.800000000000004,0.04,25.6,169.3,-0.22,-0.08
123778,7036847,12.962772,-31.057553,7.1,-1398,0.0407,36.800000000000004,0.04,25.6,169.3,-0.22,-0.08
123778,7036873,12.962047,-31.058017,7.1,-1398,0.0407,36.800000000000004,0.04,25.6,169.3,-0.22,-0.08
123778,7036883,12.961762,-31.058197,7.1,-1398,0.0407,36.800000000000004,0.04,25.6,169.3,-0.22,-0.08
123778,7036933,12.960362,-31.059088,7.3,-1398,0.0408,36.800000000000004,0.04,25.6,169.3,-0.22,-0.08
123778,7036943,12.960073,-31.059275,7.3,-1398,0.0408,36.800000000000004,0.04,25.6,169.3,-0.22,-0.08
123778,7036992,12.958623,-31.060162,7.2,-1398,0.0408,36.800000000000004,0.04,25.6,169.20000000000002,-0.22,-0.08
123778,7036993,12.958623,-31.060162,7.2,-1398,0.0408,36.800000000000004,0.04,25.6,169.20000000000002,-0.22,-0.08
123778,7037020,12.957778,-31.060557,7.,-1398,0.0352,36.800000000000004,0.04,25.6,169.20000000000002,-0.22,-0.08
123778,7037063,12.956507,-31.061147,7.2,-1398,0.0354,36.800000000000004,0.04,25.6,169.20000000000002,-0.22,-0.08
123778,7039930,12.907158,-31.077192,5.3,-1399,0.0349,36.800000000000004,0.04,25.6,167.70000000000002,-0.21,-0.07
123778,7041084,12.878802,-31.106513,7.7,-1399,0.039,36.800000000000004,0.05,25.700000000000003,165.3,-0.21,-0.07
123778,7042374,12.849817,-31.14022,7.5,-1399,0.0459,36.800000000000004,0.05,25.700000000000003,166.,-0.21,-0.07
123778,7042380,12.849762,-31.140537,7.5,-1399,0.046,36.800000000000004,0.05,25.700000000000003,166.,-0.21,-0.07
123778,7042441,12.849448,-31.142765,7.7,-1399,0.046200000000000005,36.800000000000004,0.05,25.700000000000003,166.10000000000002,-0.21,-0.07
123778,7042461,12.849335,-31.143443,7.6,-1399,0.0463,36.800000000000004,0.05,25.700000000000003,166.10000000000002,-0.21,-0.07
123778,7042481,12.849227,-31.144198,7.7,-1399,0.0463,36.800000000000004,0.05,25.700000000000003,166.10000000000002,-0.21,-0.07
123778,7042541,12.84881,-31.146382,7.9,-1399,0.0465,36.800000000000004,0.05,25.700000000000003,166.10000000000002,-0.21,-0.07
123778,7042542,12.84881,-31.146382,7.9,-1399,0.0465,36.800000000000004,0.05,25.700000000000003,166.10000000000002,-0.21,-0.07
123778,7042632,12.848233,-31.149677,7.8,-1399,0.0468,36.800000000000004,0.05,25.700000000000003,166.20000000000002,-0.21,-0.07
123778,7042650,12.848095,-31.15032,7.8,-1399,0.046900000000000004,36.800000000000004,0.05,25.700000000000003,166.20000000000002,-0.21,-0.07
123778,7042701,12.847745,-31.152143,7.7,-1399,0.047,36.800000000000004,0.05,25.700000000000003,166.20000000000002,-0.21,-0.07
123778,7042702,12.847745,-31.152143,7.7,-1399,0.047,36.800000000000004,0.05,25.700000000000003,166.20000000000002,-0.21,-0.07
123778,7042729,12.847548,-31.153188,7.8,-1399,0.0471,36.800000000000004,0.05,25.700000000000003,166.3,-0.21,-0.07
123778,7042730,12.847548,-31.153188,7.8,-1399,0.0471,36.800000000000004,0.05,25.700000000000003,166.3,-0.21,-0.07
123778,7042761,12.847302,-31.15432,7.9,-1399,0.0471,36.800000000000004,0.05,25.700000000000003,166.3,-0.21,-0.07
123778,7042762,12.847302,-31.15432,7.9,-1399,0.0471,36.800000000000004,0.05,25.700000000000003,166.3,-0.21,-0.07
123778,7043554,12.842148,-31.183182,7.9,-1400,0.0446,36.800000000000004,0.05,25.700000000000003,166.70000000000002,-0.21,-0.08
123778,7044723,12.834765,-31.226045,7.8,-1400,0.0427,36.800000000000004,0.05,25.8,163.4,-0.22,-0.09
123778,7045244,12.83139,-31.245247,8.,-1400,0.042100000000000005,36.800000000000004,0.04,25.8,160.5,-0.22,-0.1
123778,7045735,12.828223,-31.263695,8.,-1400,0.0461,36.800000000000004,0.04,25.8,157.5,-0.22,-0.1
123778,7046513,12.823177,-31.292602,7.8,-1400,0.0455,36.800000000000004,0.04,25.8,152.70000000000002,-0.22,-0.11
123778,7047334,12.81788,-31.32237,7.9,-1401,0.0443,36.800000000000004,0.04,25.8,148.5,-0.23,-0.11
123778,7047375,12.817637,-31.323833,7.8,-1401,0.0442,36.800000000000004,0.04,25.8,148.4,-0.23,-0.11
123778,7047734,12.815337,-31.336708,7.5,-1400,0.0446,36.800000000000004,0.04,25.8,146.8,-0.23,-0.12
123778,7048474,12.810795,-31.364132,8.,-1400,0.0438,36.800000000000004,0.04,25.8,143.70000000000002,-0.24,-0.12
123778,7049777,12.802158,-31.411743,7.8,-1401,0.0431,36.800000000000004,0.04,25.8,139.,-0.25,-0.14
123778,7051023,12.794225,-31.457553,8.,-1405,0.042300000000000004,36.800000000000004,0.03,25.8,134.1,-0.26,-0.16
123778,7051164,12.793238,-31.462808,8.,-1405,0.0424,36.800000000000004,0.03,25.8,133.70000000000002,-0.26,-0.16
123778,7052584,12.784155,-31.51604,8.1,-1408,0.046700000000000005,36.800000000000004,0.03,25.8,129.70000000000002,-0.26,-0.18
123778,7053794,12.776,-31.562035,8.,-1417,0.048,36.800000000000004,0.03,25.8,128.8,-0.26,-0.2
123778,7055180,12.766897,-31.615082,8.1,-1417,0.050800000000000005,36.800000000000004,0.02,25.8,128.20000000000002,-0.26,-0.21
123778,7077186,12.693432,-31.997265,0.4,-1422,0.0477,37.,-0.01,25.6,123.2,-0.19,-0.05
123778,7079812,12.690668,-32.001937,0.2,-1416,0.0524,37.,-0.01,25.6,123.10000000000001,-0.19,-0.05
123778,7080382,12.690103,-32.00303,0.6,-1416,0.0523,37.,-0.01,25.6,123.10000000000001,-0.19,-0.05
123778,7080412,12.69006,-32.003073,0.5,-1416,0.0523,37.,-0.01,25.6,123.10000000000001,-0.19,-0.05
123778,7080443,12.690007,-32.00312,0.5,-1416,0.0523,37.,-0.01,25.6,123.10000000000001,-0.19,-0.05
123778,7080451,12.689985,-32.003137,0.6,-1416,0.0523,37.,-0.01,25.6,123.10000000000001,-0.19,-0.05
123778,7080462,12.689963,-32.003147,0.5,-1416,0.0523,37.,-0.01,25.6,123.10000000000001,-0.19,-0.05
123778,7080463,12.689963,-32.003147,0.5,-1416,0.0523,37.,-0.01,25.6,123.10000000000001,-0.19,-0.05
123778,7080481,12.689918,-32.003165,0.6,-1416,0.0523,37.,-0.01,25.6,123.10000000000001,-0.19,-0.05
123778,7080496,12.689883,-32.003185,0.6,-1416,0.0522,37.,-0.01,25.6,123.10000000000001,-0.19,-0.05
123778,7080530,12.689792,-32.003247,0.6,-1416,0.0522,37.,-0.01,25.6,123.10000000000001,-0.19,-0.05
123778,7080539,12.689775,-32.003257,0.5,-1416,0.0522,37.,-0.01,25.6,123.10000000000001,-0.19,-0.05
123778,7080583,12.689687,-32.003312,0.6,-1416,0.0522,37.,-0.01,25.6,123.10000000000001,-0.19,-0.05
123778,7080642,12.689585,-32.003428,0.6,-1416,0.0522,37.,-0.01,25.6,123.10000000000001,-0.19,-0.05
123778,7080672,12.68955,-32.003503,0.5,-1416,0.0522,37.,-0.01,25.6,123.10000000000001,-0.19,-0.05
123778,7080682,12.689542,-32.003533,0.5,-1416,0.0522,37.,-0.01,25.6,123.10000000000001,-0.19,-0.05
123778,7080772,12.689493,-32.003792,0.6,-1416,0.0522,37.,-0.01,25.6,123.10000000000001,-0.19,-0.05
123778,7080802,12.68948,-32.00388,0.7,-1416,0.0521,37.,-0.01,25.6,123.10000000000001,-0.19,-0.05
123778,7080832,12.68947,-32.003978,0.6,-1416,0.0521,37.,-0.01,25.6,123.10000000000001,-0.19,-0.05
123778,7080872,12.689453,-32.004112,0.7,-1416,0.0521,37.,-0.01,25.6,123.10000000000001,-0.19,-0.05
123778,7080892,12.68944,-32.0042,0.7,-1416,0.0521,37.,-0.01,25.6,123.10000000000001,-0.19,-0.05
123778,7080903,12.689433,-32.004237,0.8,-1416,0.0521,37.,-0.01,25.6,123.10000000000001,-0.19,-0.05
123778,7082142,12.688212,-32.006872,0.5,-1415,0.0517,37.,-0.01,25.6,123.,-0.18,-0.04
123778,7082804,12.687463,-32.007767,0.4,-1415,0.0516,37.,-0.01,25.6,123.,-0.18,-0.04
123778,7084404,12.689748,-31.997985,5.,-1423,0.0477,37.,-0.01,25.6,123.2,-0.19,-0.05
123778,7085384,12.69857,-31.976817,4.9,-1422,0.049100000000000005,37.,-0.01,25.6,123.9,-0.21,-0.07
123778,7086210,12.706042,-31.95926,4.7,-1422,0.0506,37.,0.,25.700000000000003,124.30000000000001,-0.22,-0.08
123778,7086714,12.710705,-31.94879,5.,-1421,0.047,36.9,0.,25.700000000000003,124.60000000000001,-0.23,-0.09
123778,7087717,12.718343,-31.934063,0.7,-1421,0.0468,36.9,0.,25.700000000000003,125.,-0.24,-0.1
123778,7087933,12.720327,-31.931828,6.4,-1421,0.0468,36.9,0.,25.700000000000003,125.,-0.24,-0.1
123778,7089144,12.741725,-31.903113,7.3,-1429,0.0468,36.9,0.,25.8,125.60000000000001,-0.26,-0.12
123778,7089454,12.745442,-31.893752,7.,-1429,0.0468,36.9,0.,25.8,125.80000000000001,-0.26,-0.13
123778,7090584,12.754373,-31.86488,7.4,-1446,0.0463,36.9,0.,25.8,126.5,-0.27,-0.15
123778,7093325,12.768752,-31.78195,3.7,-1433,0.0413,36.9,0.01,25.900000000000002,127.7,-0.27,-0.18
123778,7119075,12.767773,-31.176742,1.7,-1398,0.048100000000000004,36.800000000000004,0.05,25.8,166.20000000000002,-0.19,-0.07
123778,7119253,12.769165,-31.173278,6.9,-1398,0.048100000000000004,36.800000000000004,0.05,25.8,166.4,-0.19,-0.07
123778,7119293,12.769688,-31.172065,6.9,-1398,0.048100000000000004,36.800000000000004,0.05,25.8,166.5,-0.19,-0.07
123778,7119323,12.770078,-31.171133,6.9,-1398,0.048100000000000004,36.800000000000004,0.05,25.8,166.5,-0.19,-0.07
123778,7119373,12.770682,-31.169677,6.8,-1398,0.048100000000000004,36.800000000000004,0.05,25.8,166.60000000000002,-0.19,-0.07
123778,7119392,12.770927,-31.169067,6.9,-1398,0.048100000000000004,36.800000000000004,0.05,25.8,166.70000000000002,-0.19,-0.07
123778,7119440,12.771408,-31.167635,6.6,-1398,0.048100000000000004,36.800000000000004,0.05,25.8,166.70000000000002,-0.19,-0.07
123778,7124574,12.627807,-31.054322,8.6,-1401,0.043500000000000004,36.7,0.05,25.900000000000002,163.60000000000002,-0.17,-0.08
123778,7124872,12.618042,-31.04769,8.3,-1401,0.0403,36.7,0.05,25.900000000000002,163.60000000000002,-0.17,-0.08
123778,7124931,12.616077,-31.04639,8.4,-1401,0.040100000000000004,36.7,0.05,25.900000000000002,163.60000000000002,-0.17,-0.08
123778,7124953,12.615382,-31.045888,8.4,-1401,0.04,36.7,0.05,25.900000000000002,163.60000000000002,-0.17,-0.08
123778,7124954,12.615382,-31.045888,8.4,-1401,0.04,36.7,0.05,25.900000000000002,163.60000000000002,-0.17,-0.08
123778,7124971,12.614795,-31.045505,8.3,-1401,0.039900000000000005,36.7,0.05,25.900000000000002,163.5,-0.17,-0.08
123778,7125013,12.613478,-31.044567,8.2,-1401,0.0398,36.7,0.05,25.900000000000002,163.5,-0.17,-0.08
123778,7125014,12.613478,-31.044567,8.2,-1401,0.0398,36.7,0.05,25.900000000000002,163.5,-0.17,-0.08
123778,7125021,12.613228,-31.04439,8.2,-1402,0.0398,36.7,0.05,25.900000000000002,163.5,-0.17,-0.08
123778,7125022,12.613228,-31.04439,8.2,-1402,0.0398,36.7,0.05,25.900000000000002,163.5,-0.17,-0.08
123778,7125122,12.609968,-31.042247,8.4,-1402,0.0395,36.7,0.05,25.900000000000002,163.5,-0.17,-0.08
123778,7125141,12.609305,-31.041833,8.3,-1402,0.039400000000000004,36.7,0.05,25.900000000000002,163.5,-0.17,-0.08
123778,7125361,12.602343,-31.03714,8.3,-1402,0.042300000000000004,36.7,0.05,25.900000000000002,163.3,-0.17,-0.08
123778,7125362,12.602343,-31.03714,8.3,-1402,0.042300000000000004,36.7,0.05,25.900000000000002,163.3,-0.17,-0.08
123778,7125461,12.59914,-31.034997,8.2,-1402,0.0424,36.7,0.05,25.900000000000002,163.10000000000002,-0.17,-0.08
123778,7125482,12.5985,-31.034552,8.3,-1402,0.0424,36.7,0.05,25.900000000000002,163.10000000000002,-0.17,-0.08
123778,7125522,12.597192,-31.033678,8.4,-1402,0.0424,36.7,0.05,25.900000000000002,163.,-0.17,-0.08
123778,7125623,12.593917,-31.031463,8.5,-1403,0.0426,36.7,0.05,25.900000000000002,162.9,-0.17,-0.08
123778,7126814,12.55593,-31.0058,8.4,-1417,0.0414,36.7,0.05,25.900000000000002,161.9,-0.17,-0.1
123778,7127205,12.55002,-30.995692,7.5,-1404,0.0449,36.7,0.05,25.900000000000002,162.,-0.17,-0.1
123778,7128144,12.55857,-30.963843,7.4,-1410,0.0437,36.7,0.05,25.900000000000002,162.8,-0.15,-0.1
123778,7128485,12.561523,-30.952382,7.2,-1412,0.0449,36.7,0.05,25.900000000000002,163.,-0.15,-0.1
123778,7128985,12.566025,-30.935827,7.4,-1415,0.0449,36.7,0.05,25.900000000000002,163.20000000000002,-0.14,-0.09
123778,7129154,12.567468,-30.930178,7.3,-1417,0.0449,36.7,0.05,25.900000000000002,163.3,-0.14,-0.09
123778,7129605,12.571513,-30.915212,7.2,-1400,0.044500000000000005,36.7,0.05,25.900000000000002,163.4,-0.13,-0.09
123778,7130644,12.580933,-30.88113,7.2,-1406,0.045000000000000005,36.7,0.05,25.900000000000002,163.70000000000002,-0.12,-0.09
123778,7130984,12.58381,-30.869845,7.3,-1393,0.039900000000000005,36.7,0.05,25.900000000000002,163.8,-0.11,-0.09
123778,7131713,12.590067,-30.845742,7.3,-1397,0.0417,36.7,0.05,25.900000000000002,164.3,-0.1,-0.08
123778,7132124,12.593778,-30.83195,7.4,-1396,0.0426,36.7,0.05,25.900000000000002,164.70000000000002,-0.09,-0.08
123778,7132925,12.600967,-30.805295,7.2,-1386,0.039900000000000005,36.7,0.05,25.900000000000002,165.8,-0.08,-0.08
123778,7133353,12.60483,-30.791135,7.2,-1382,0.046200000000000005,36.800000000000004,0.05,25.900000000000002,166.,-0.07,-0.07
123778,7134022,12.610732,-30.768752,7.4,-1377,0.0402,36.800000000000004,0.04,25.900000000000002,165.8,-0.06,-0.07
123778,7134314,12.613395,-30.758952,7.5,-1375,0.0379,36.800000000000004,0.04,25.900000000000002,165.70000000000002,-0.06,-0.07
123778,7135484,12.624072,-30.719085,7.6,-1388,0.0374,36.800000000000004,0.04,25.900000000000002,165.,-0.04,-0.06
123778,7135883,12.6275,-30.705248,7.5,-1382,0.0512,36.800000000000004,0.04,25.900000000000002,164.9,-0.04,-0.06
123778,7136633,12.63453,-30.68004,7.3,-1371,0.0507,36.800000000000004,0.04,25.900000000000002,164.9,-0.03,-0.05
123778,7163082,12.777045,-30.214625,0.6,-1400,0.047,36.800000000000004,0.03,25.8,134.,-0.06,-0.08
123778,7163083,12.777045,-30.214625,0.6,-1400,0.047,36.800000000000004,0.03,25.8,134.,-0.06,-0.08
123778,7163232,12.777155,-30.214943,0.4,-1400,0.047,36.800000000000004,0.03,25.8,134.,-0.06,-0.08
123778,7163292,12.7772,-30.215085,0.5,-1400,0.047,36.800000000000004,0.03,25.8,134.,-0.06,-0.08
123778,7163312,12.777217,-30.215138,0.6,-1400,0.047,36.800000000000004,0.03,25.8,134.,-0.06,-0.08
123778,7163804,12.777608,-30.216292,0.4,-1400,0.047,36.800000000000004,0.03,25.8,134.,-0.06,-0.08
123778,7165044,12.778353,-30.218815,0.5,-1400,0.047,36.800000000000004,0.03,25.8,134.,-0.06,-0.08
123778,7165883,12.779022,-30.220837,0.4,-1400,0.047,36.800000000000004,0.03,25.8,134.1,-0.06,-0.08
123778,7167225,12.780068,-30.223697,0.6,-1400,0.0471,36.800000000000004,0.03,25.8,134.1,-0.06,-0.08
123778,7168464,12.781167,-30.227138,0.5,-1400,0.0471,36.800000000000004,0.03,25.8,134.1,-0.05,-0.08
123778,7168822,12.781258,-30.227848,0.4,-1400,0.0471,36.800000000000004,0.03,25.8,134.1,-0.05,-0.08
123778,7168832,12.781257,-30.227867,0.3,-1400,0.0471,36.800000000000004,0.03,25.8,134.1,-0.05,-0.08
123778,7168833,12.781257,-30.227867,0.3,-1400,0.0471,36.800000000000004,0.03,25.8,134.1,-0.05,-0.08
123778,7168862,12.781258,-30.22792,0.4,-1400,0.0471,36.800000000000004,0.03,25.8,134.1,-0.05,-0.08
123778,7168864,12.781258,-30.22792,0.4,-1400,0.0471,36.800000000000004,0.03,25.8,134.1,-0.05,-0.08
123778,7168871,12.78126,-30.227935,0.4,-1400,0.0471,36.800000000000004,0.03,25.8,134.1,-0.05,-0.08
123778,7168872,12.78126,-30.227935,0.4,-1400,0.0471,36.800000000000004,0.03,25.8,134.1,-0.05,-0.08
123778,7168882,12.781265,-30.227957,0.4,-1400,0.0471,36.800000000000004,0.03,25.8,134.1,-0.05,-0.08
123778,7168902,12.781267,-30.228005,0.4,-1400,0.0471,36.800000000000004,0.03,25.8,134.1,-0.05,-0.08
123778,7168923,12.78127,-30.228052,0.5,-1400,0.0471,36.800000000000004,0.03,25.8,134.1,-0.05,-0.08
123778,7168932,12.781272,-30.228072,0.5,-1400,0.0471,36.800000000000004,0.03,25.8,134.1,-0.05,-0.08
123778,7168942,12.781275,-30.228093,0.5,-1400,0.0471,36.800000000000004,0.03,25.8,134.1,-0.05,-0.08
123778,7168953,12.781277,-30.228122,0.5,-1400,0.0471,36.800000000000004,0.03,25.8,134.1,-0.05,-0.08
123778,7168962,12.78128,-30.228143,0.5,-1400,0.0471,36.800000000000004,0.03,25.8,134.1,-0.05,-0.08
123778,7168972,12.781282,-30.22817,0.6,-1400,0.0471,36.800000000000004,0.03,25.8,134.1,-0.05,-0.08
123778,7168983,12.781282,-30.228197,0.6,-1400,0.0471,36.800000000000004,0.03,25.8,134.1,-0.05,-0.08
123778,7169002,12.781288,-30.228247,0.6,-1400,0.0471,36.800000000000004,0.03,25.8,134.1,-0.05,-0.08
123778,7169013,12.781293,-30.228275,0.5,-1400,0.0471,36.800000000000004,0.03,25.8,134.1,-0.05,-0.08
123778,7169052,12.781308,-30.22838,0.6,-1400,0.0471,36.800000000000004,0.03,25.8,134.1,-0.05,-0.08
123778,7169103,12.781327,-30.22852,0.5,-1400,0.0471,36.800000000000004,0.03,25.8,134.1,-0.05,-0.08
123778,7169122,12.781333,-30.228573,0.6,-1400,0.0471,36.800000000000004,0.03,25.8,134.1,-0.05,-0.08
123778,7169133,12.781343,-30.2286,0.5,-1400,0.0471,36.800000000000004,0.03,25.8,134.1,-0.05,-0.08
123778,7169172,12.781367,-30.22871,0.6,-1400,0.0471,36.800000000000004,0.03,25.8,134.1,-0.05,-0.08
123778,7169182,12.78138,-30.22874,0.6,-1400,0.0471,36.800000000000004,0.03,25.8,134.1,-0.05,-0.08
123778,7169183,12.78138,-30.22874,0.6,-1400,0.0471,36.800000000000004,0.03,25.8,134.1,-0.05,-0.08
123778,7170134,12.781487,-30.230808,0.3,-1400,0.0472,36.800000000000004,0.03,25.8,134.1,-0.05,-0.07
123778,7171130,12.781402,-30.232753,0.5,-1400,0.0472,36.800000000000004,0.03,25.8,134.20000000000002,-0.05,-0.07
123778,7172234,12.781835,-30.2353,0.6,-1400,0.0472,36.800000000000004,0.03,25.8,134.20000000000002,-0.05,-0.07
123778,7172818,12.781913,-30.236678,0.4,-1400,0.0472,36.800000000000004,0.03,25.8,134.20000000000002,-0.05,-0.07
123778,7173522,12.782422,-30.238363,0.5,-1400,0.0472,36.800000000000004,0.03,25.8,134.20000000000002,-0.05,-0.07
123778,7174092,12.782772,-30.239817,0.6,-1400,0.0473,36.800000000000004,0.03,25.8,134.20000000000002,-0.05,-0.07
123778,7174804,12.783603,-30.234488,4.9,-1400,0.0472,36.800000000000004,0.03,25.8,134.1,-0.05,-0.08
123778,7175164,12.784417,-30.22461,5.9,-1400,0.0471,36.800000000000004,0.03,25.8,133.9,-0.05,-0.08
123778,7176293,12.79388,-30.22987,7.6,-1400,0.037000000000000005,36.800000000000004,0.03,25.700000000000003,133.5,-0.05,-0.08
123778,7176426,12.7953,-30.234408,7.6,-1400,0.0349,36.800000000000004,0.03,25.700000000000003,133.5,-0.05,-0.08
123778,7207345,12.657152,-30.970558,7.6,-1400,0.0461,36.800000000000004,0.05,25.900000000000002,169.20000000000002,-0.1,-0.05
123778,7207365,12.65662,-30.97081,5.2,-1400,0.046200000000000005,36.800000000000004,0.05,25.900000000000002,169.20000000000002,-0.1,-0.05
123778,7207366,12.65662,-30.97081,5.2,-1400,0.046200000000000005,36.800000000000004,0.05,25.900000000000002,169.20000000000002,-0.1,-0.05
123778,7207372,12.65653,-30.970718,3.9,-1400,0.046200000000000005,36.800000000000004,0.05,25.900000000000002,169.20000000000002,-0.1,-0.05
123778,7207388,12.65658,-30.970412,2.6,-1400,0.046200000000000005,36.800000000000004,0.05,25.900000000000002,169.20000000000002,-0.1,-0.05
123778,7207390,12.65658,-30.970412,2.6,-1400,0.046200000000000005,36.800000000000004,0.05,25.900000000000002,169.20000000000002,-0.1,-0.05
123778,7207479,12.656038,-30.971912,7.2,-1400,0.046400000000000004,36.800000000000004,0.05,25.900000000000002,169.20000000000002,-0.1,-0.05
123778,7207502,12.655457,-30.972527,7.8,-1400,0.0465,36.800000000000004,0.05,25.900000000000002,169.20000000000002,-0.1,-0.05
123778,7207503,12.655457,-30.972527,7.8,-1400,0.0465,36.800000000000004,0.05,25.900000000000002,169.20000000000002,-0.1,-0.05
123778,7207552,12.65421,-30.97397,7.7,-1400,0.0468,36.800000000000004,0.05,25.900000000000002,169.10000000000002,-0.1,-0.05
123778,7207564,12.653907,-30.97399,5.1,-1400,0.0468,36.800000000000004,0.05,25.900000000000002,169.10000000000002,-0.1,-0.05
123778,7207565,12.653907,-30.97399,5.1,-1400,0.0468,36.800000000000004,0.05,25.900000000000002,169.10000000000002,-0.1,-0.05
123778,7207588,12.65394,-30.973605,2.2,-1400,0.0468,36.800000000000004,0.05,25.900000000000002,169.10000000000002,-0.1,-0.05
123778,7207589,12.65394,-30.973605,2.2,-1400,0.0468,36.800000000000004,0.05,25.900000000000002,169.10000000000002,-0.1,-0.05
123778,7207673,12.653792,-30.974632,4.2,-1400,0.046900000000000004,36.800000000000004,0.05,25.900000000000002,169.10000000000002,-0.1,-0.05
123778,7210004,12.600172,-30.998032,8.2,-1396,0.046900000000000004,36.7,0.05,25.900000000000002,168.,-0.12,-0.07
123778,7211054,12.560242,-31.004473,8.3,-1417,0.041100000000000005,36.7,0.05,25.900000000000002,167.20000000000002,-0.13,-0.09
123778,7212235,12.516097,-31.011477,8.,-1417,0.0403,36.7,0.05,25.900000000000002,166.,-0.15,-0.1
123778,7212725,12.497908,-31.01431,8.,-1435,0.0385,36.7,0.05,25.900000000000002,165.5,-0.16,-0.1
123778,7213231,12.478997,-31.017108,8.2,-1436,0.0402,36.7,0.05,25.900000000000002,164.70000000000002,-0.17,-0.1
123778,7213232,12.478997,-31.017108,8.2,-1436,0.0402,36.7,0.05,25.900000000000002,164.70000000000002,-0.17,-0.1
123778,7213242,12.478582,-31.01718,8.2,-1436,0.0403,36.7,0.05,25.900000000000002,164.60000000000002,-0.17,-0.1
123778,7213342,12.474843,-31.017782,8.1,-1436,0.040400000000000005,36.7,0.05,25.900000000000002,163.9,-0.17,-0.1
123778,7213351,12.474503,-31.017833,8.2,-1436,0.0405,36.7,0.05,25.900000000000002,163.8,-0.17,-0.1
123778,7213352,12.474503,-31.017833,8.2,-1436,0.0405,36.7,0.05,25.900000000000002,163.8,-0.17,-0.1
123778,7213413,12.472223,-31.018175,8.1,-1436,0.040600000000000004,36.7,0.05,25.900000000000002,163.4,-0.17,-0.1
123778,7213432,12.471468,-31.018293,8.2,-1436,0.040600000000000004,36.7,0.05,26.,163.20000000000002,-0.17,-0.1
123778,7213480,12.469635,-31.018595,8.2,-1436,0.0407,36.7,0.05,26.,162.9,-0.17,-0.1
123778,7213481,12.469635,-31.018595,8.2,-1436,0.0407,36.7,0.05,26.,162.9,-0.17,-0.1
123778,7213483,12.469635,-31.018595,8.2,-1436,0.0407,36.7,0.05,26.,162.9,-0.17,-0.1
123778,7213502,12.468855,-31.018718,8.1,-1436,0.0407,36.7,0.05,26.,162.70000000000002,-0.18,-0.1
123778,7213567,12.466403,-31.019098,8.,-1436,0.0408,36.7,0.05,26.,162.20000000000002,-0.18,-0.1
123778,7213569,12.466403,-31.019098,8.,-1436,0.0408,36.7,0.05,26.,162.20000000000002,-0.18,-0.1
123778,7213577,12.466047,-31.019185,7.9,-1436,0.0408,36.7,0.05,26.,162.20000000000002,-0.18,-0.1
123778,7213578,12.466047,-31.019185,7.9,-1436,0.0408,36.7,0.05,26.,162.20000000000002,-0.18,-0.1
123778,7213595,12.465543,-31.019528,7.6,-1436,0.0408,36.7,0.05,26.,162.,-0.18,-0.1
123778,7213601,12.465373,-31.019665,7.6,-1436,0.0408,36.7,0.05,26.,162.,-0.18,-0.1
123778,7213614,12.464982,-31.019935,7.7,-1436,0.0408,36.7,0.05,26.,161.9,-0.18,-0.1
123778,7213615,12.464982,-31.019935,7.7,-1436,0.0408,36.7,0.05,26.,161.9,-0.18,-0.1
123778,7213625,12.464637,-31.020147,7.8,-1436,0.0408,36.7,0.05,26.,161.8,-0.18,-0.1
123778,7213672,12.463157,-31.020987,8.,-1436,0.0409,36.7,0.05,26.,161.5,-0.18,-0.1
123778,7213721,12.461487,-31.021802,8.1,-1436,0.0409,36.7,0.05,26.,161.10000000000002,-0.18,-0.1
123778,7213722,12.461487,-31.021802,8.1,-1436,0.0409,36.7,0.05,26.,161.10000000000002,-0.18,-0.1
123778,7213730,12.461138,-31.021937,8.,-1436,0.041,36.7,0.05,26.,161.,-0.18,-0.1
123778,7213924,12.454277,-31.023838,8.2,-1435,0.0392,36.7,0.05,26.,159.5,-0.19,-0.1
123778,7214705,12.42525,-31.025493,8.1,-1437,0.0402,36.7,0.05,26.,153.60000000000002,-0.2,-0.1
123778,7215894,12.382458,-31.035022,7.7,-1459,0.0408,36.7,0.05,26.,144.20000000000002,-0.23,-0.09
123778,7216444,12.369708,-31.050197,7.6,-1455,0.0431,36.7,0.05,26.,140.3,-0.23,-0.09
123778,7217123,12.352113,-31.06833,7.9,-1450,0.045200000000000004,36.7,0.05,26.,136.4,-0.24,-0.08
123778,7217694,12.336043,-31.082675,8.,-1445,0.0505,36.7,0.04,25.900000000000002,134.1,-0.25,-0.08
123778,7217723,12.335167,-31.083362,7.9,-1467,0.0436,36.7,0.04,25.900000000000002,134.,-0.25,-0.08
123778,7218453,12.314428,-31.10099,8.,-1473,0.043500000000000004,36.7,0.04,25.900000000000002,132.4,-0.26,-0.07
123778,7218974,12.2999,-31.113955,8.,-1472,0.0436,36.7,0.04,25.900000000000002,132.1,-0.27,-0.07
123778,7219703,12.279203,-31.131365,7.9,-1471,0.0407,36.7,0.04,25.900000000000002,132.1,-0.27,-0.06
123778,7220173,12.265822,-31.143047,8.2,-1471,0.042300000000000004,36.7,0.04,25.900000000000002,132.1,-0.27,-0.06
123778,7221035,12.241378,-31.16436,8.3,-1477,0.04,36.7,0.03,25.900000000000002,132.1,-0.28,-0.05
123778,7221464,12.228988,-31.174897,8.1,-1489,0.0408,36.7,0.03,25.900000000000002,132.20000000000002,-0.27,-0.04
123778,7222303,12.20482,-31.195755,8.2,-1483,0.0413,36.7,0.03,25.900000000000002,132.5,-0.26,-0.03
123778,7223106,12.18215,-31.215643,8.2,-1480,0.0425,36.7,0.03,25.900000000000002,132.8,-0.25,-0.01
123778,7223734,12.164372,-31.230713,7.7,-1495,0.042800000000000005,36.7,0.03,25.900000000000002,133.,-0.24,0.
123778,7225143,12.125472,-31.2645,7.7,-1501,0.0431,36.7,0.02,25.900000000000002,133.,-0.21,0.01
123778,7246685,11.980887,-31.354113,7.6,-1470,0.0436,36.800000000000004,0.02,26.,133.,-0.07,0.04
123778,7249364,12.054187,-31.289698,8.,-1495,0.0434,36.7,0.02,25.900000000000002,133.,-0.14,0.04
123778,7249702,12.062213,-31.28044,7.8,-1494,0.043500000000000004,36.7,0.02,25.900000000000002,133.,-0.15,0.04
123778,7250283,12.077932,-31.267087,7.5,-1491,0.0432,36.7,0.02,25.900000000000002,133.,-0.17,0.04
123778,7250784,12.092885,-31.255923,8.1,-1502,0.0434,36.7,0.02,25.900000000000002,133.,-0.18,0.03
123778,7251193,12.105275,-31.24522,8.3,-1495,0.0441,36.7,0.02,25.900000000000002,133.,-0.2,0.03
123778,7251309,12.108872,-31.241838,8.1,-1495,0.044000000000000004,36.7,0.02,25.900000000000002,133.,-0.2,0.03
123778,7251355,12.110295,-31.240477,8.2,-1495,0.0439,36.7,0.02,25.900000000000002,133.,-0.2,0.03
123778,7251393,12.110295,-31.240477,8.2,-1495,0.0439,36.7,0.02,25.900000000000002,133.,-0.2,0.03
123778,7251412,12.110812,-31.239977,8.1,-1495,0.0439,36.7,0.02,25.900000000000002,133.,-0.2,0.03
123778,7251453,12.111997,-31.238932,8.3,-1495,0.0438,36.7,0.02,25.900000000000002,133.,-0.2,0.02
123778,7251462,12.112262,-31.238698,8.3,-1495,0.0438,36.7,0.02,25.900000000000002,133.,-0.2,0.02
123778,7251493,12.113168,-31.237888,8.3,-1495,0.0438,36.7,0.02,25.900000000000002,133.,-0.21,0.02
123778,7251494,12.113168,-31.237888,8.3,-1495,0.0438,36.7,0.02,25.900000000000002,133.,-0.21,0.02
123778,7251513,12.113738,-31.237368,8.2,-1496,0.0438,36.7,0.02,25.900000000000002,133.,-0.21,0.02
123778,7251522,12.114005,-31.237148,8.2,-1496,0.0438,36.7,0.02,25.900000000000002,133.,-0.21,0.02
123778,7251543,12.114625,-31.236638,8.2,-1496,0.0437,36.7,0.02,25.900000000000002,133.,-0.21,0.02
123778,7251563,12.1152,-31.236125,8.3,-1496,0.0437,36.7,0.02,25.900000000000002,133.,-0.21,0.02
123778,7251564,12.1152,-31.236125,8.3,-1496,0.0437,36.7,0.02,25.900000000000002,133.,-0.21,0.02
123778,7251573,12.11549,-31.235872,8.2,-1496,0.0437,36.7,0.02,25.900000000000002,133.,-0.21,0.02
123778,7251582,12.115753,-31.23565,8.2,-1496,0.0437,36.7,0.02,25.900000000000002,133.,-0.21,0.02
123778,7251674,12.118388,-31.233428,8.,-1496,0.0436,36.7,0.02,25.900000000000002,133.,-0.21,0.02
123778,7251702,12.119237,-31.232745,8.1,-1496,0.0436,36.7,0.02,25.900000000000002,133.,-0.21,0.02
123778,7251733,12.120137,-31.231978,8.1,-1496,0.0436,36.7,0.02,25.900000000000002,133.,-0.21,0.02
123778,7254263,12.190987,-31.17002,8.,-1493,0.0443,36.7,0.03,25.900000000000002,132.6,-0.27,-0.02
123778,7255384,12.222247,-31.142792,7.8,-1486,0.0432,36.7,0.03,25.900000000000002,132.20000000000002,-0.28,-0.04
123778,7256574,12.25497,-31.11419,7.7,-1484,0.0444,36.7,0.04,25.900000000000002,131.9,-0.28,-0.06
123778,7257023,12.26722,-31.10348,7.6,-1485,0.0439,36.7,0.04,25.900000000000002,131.70000000000002,-0.27,-0.06
123778,7257072,12.268578,-31.10227,7.8,-1485,0.0439,36.7,0.04,25.900000000000002,131.70000000000002,-0.27,-0.06
123778,7257074,12.268578,-31.10227,7.8,-1485,0.0439,36.7,0.04,25.900000000000002,131.70000000000002,-0.27,-0.06
123778,7257103,12.269408,-31.101563,7.8,-1485,0.0438,36.7,0.04,25.900000000000002,131.70000000000002,-0.27,-0.06
123778,7257104,12.269408,-31.101563,7.8,-1485,0.0438,36.7,0.04,25.900000000000002,131.70000000000002,-0.27,-0.06
123778,7257122,12.269915,-31.101098,7.7,-1485,0.0438,36.7,0.04,25.900000000000002,131.70000000000002,-0.27,-0.06
123778,7257123,12.269915,-31.101098,7.7,-1485,0.0438,36.7,0.04,25.900000000000002,131.70000000000002,-0.27,-0.06
123778,7257132,12.270203,-31.100833,7.6,-1485,0.0438,36.7,0.04,25.900000000000002,131.70000000000002,-0.27,-0.06
123778,7257172,12.271255,-31.099947,7.5,-1485,0.0437,36.7,0.04,25.900000000000002,131.70000000000002,-0.27,-0.06
123778,7257182,12.271518,-31.099717,7.5,-1485,0.0437,36.7,0.04,25.900000000000002,131.70000000000002,-0.27,-0.06
123778,7257192,12.271803,-31.099452,7.6,-1485,0.0437,36.7,0.04,25.900000000000002,131.70000000000002,-0.27,-0.06
123778,7257193,12.271803,-31.099452,7.6,-1485,0.0437,36.7,0.04,25.900000000000002,131.70000000000002,-0.27,-0.06
123778,7257232,12.272825,-31.098532,7.6,-1485,0.0436,36.7,0.04,25.900000000000002,131.8,-0.27,-0.06
123778,7257233,12.272825,-31.098532,7.6,-1485,0.0436,36.7,0.04,25.900000000000002,131.8,-0.27,-0.06
123778,7257252,12.273403,-31.098047,7.7,-1485,0.0436,36.7,0.04,25.900000000000002,131.8,-0.27,-0.06
123778,7257254,12.273403,-31.098047,7.7,-1485,0.0436,36.7,0.04,25.900000000000002,131.8,-0.27,-0.06
123778,7257392,12.277103,-31.094745,7.6,-1485,0.0434,36.7,0.04,26.,131.8,-0.27,-0.07
123778,7257503,12.280045,-31.092157,7.6,-1485,0.0432,36.7,0.04,26.,131.8,-0.27,-0.07
123778,7257521,12.280572,-31.09168,7.5,-1485,0.0432,36.7,0.04,26.,131.8,-0.27,-0.07
123778,7257522,12.280572,-31.09168,7.5,-1485,0.0432,36.7,0.04,26.,131.8,-0.27,-0.07
123778,7257582,12.282042,-31.090332,7.,-1485,0.0431,36.7,0.04,26.,131.9,-0.27,-0.07
123778,7258053,12.294377,-31.079418,7.6,-1474,0.0453,36.7,0.04,26.,132.20000000000002,-0.26,-0.07
123778,7258363,12.302332,-31.071958,7.5,-1475,0.044500000000000005,36.7,0.04,26.,132.5,-0.26,-0.07
123778,7259345,12.326323,-31.046203,7.9,-1481,0.044000000000000004,36.7,0.04,26.,134.8,-0.24,-0.08
123778,7259664,12.334017,-31.037567,7.5,-1464,0.050100000000000006,36.7,0.05,26.,136.5,-0.24,-0.08
123778,7260623,12.357862,-31.01398,7.5,-1470,0.047400000000000005,36.7,0.05,26.,143.4,-0.22,-0.1
123778,7265145,12.32585,-31.03944,7.2,-1483,0.0455,36.7,0.04,26.,135.,-0.24,-0.08
123778,7295412,11.755943,-31.538157,7.9,-1414,0.045000000000000005,36.7,0.03,26.3,132.8,-0.01,-0.03
123778,7295722,11.746043,-31.543655,7.7,-1398,0.046900000000000004,36.7,0.03,26.3,132.6,-0.01,-0.03
123778,7295723,11.746043,-31.543655,7.7,-1398,0.046900000000000004,36.7,0.03,26.3,132.6,-0.01,-0.03
123778,7295843,11.74214,-31.545675,7.8,-1398,0.046900000000000004,36.7,0.03,26.3,132.6,-0.01,-0.03
123778,7295863,11.741502,-31.546008,7.7,-1398,0.046900000000000004,36.7,0.03,26.3,132.5,-0.01,-0.03
123778,7295892,11.740573,-31.54649,7.7,-1398,0.046900000000000004,36.7,0.03,26.3,132.5,-0.01,-0.03
123778,7295913,11.739903,-31.54684,7.7,-1398,0.046900000000000004,36.7,0.03,26.3,132.5,-0.01,-0.03
123778,7295914,11.739903,-31.54684,7.7,-1398,0.046900000000000004,36.7,0.03,26.3,132.5,-0.01,-0.03
123778,7295933,11.73927,-31.547168,7.7,-1398,0.046900000000000004,36.7,0.03,26.3,132.5,-0.01,-0.03
123778,7296043,11.735702,-31.549002,7.8,-1398,0.046900000000000004,36.7,0.03,26.3,132.4,-0.01,-0.03
123778,7296053,11.735373,-31.549165,7.8,-1398,0.046900000000000004,36.7,0.03,26.3,132.4,-0.01,-0.03
123778,7296093,11.73409,-31.54985,7.8,-1398,0.046900000000000004,36.7,0.03,26.3,132.4,-0.01,-0.03
123778,7296172,11.731517,-31.551168,7.9,-1398,0.046900000000000004,36.7,0.03,26.3,132.4,-0.01,-0.03
123778,7296222,11.729888,-31.552017,7.9,-1398,0.046900000000000004,36.7,0.03,26.3,132.3,-0.01,-0.03
123778,7296291,11.727588,-31.553242,8.,-1398,0.046900000000000004,36.7,0.03,26.3,132.3,-0.01,-0.03
123778,7296292,11.727588,-31.553242,8.,-1398,0.046900000000000004,36.7,0.03,26.3,132.3,-0.01,-0.03
123778,7296342,11.725963,-31.554082,7.9,-1398,0.046900000000000004,36.7,0.03,26.3,132.3,-0.01,-0.03
123778,7296393,11.724242,-31.554968,8.,-1398,0.046900000000000004,36.7,0.03,26.3,132.20000000000002,-0.01,-0.03
123778,7297734,11.681213,-31.578167,7.9,-1399,0.046900000000000004,36.7,0.03,26.3,131.70000000000002,-0.02,-0.03
123778,7299023,11.644732,-31.605723,7.6,-1397,0.046900000000000004,36.7,0.04,26.3,130.3,-0.02,-0.04
123778,7300233,11.611972,-31.63375,7.6,-1398,0.0489,36.7,0.04,26.3,129.4,-0.02,-0.04
123778,7300772,11.597238,-31.64646,7.7,-1398,0.0485,36.7,0.04,26.3,129.3,-0.02,-0.04
123778,7301733,11.570815,-31.66958,7.9,-1399,0.046200000000000005,36.7,0.04,26.3,129.70000000000002,-0.02,-0.04
123778,7301790,11.569133,-31.67098,7.8,-1399,0.0463,36.7,0.04,26.3,129.70000000000002,-0.02,-0.04
123778,7301791,11.569133,-31.67098,7.8,-1399,0.0463,36.7,0.04,26.3,129.70000000000002,-0.02,-0.04
123778,7301822,11.568288,-31.671713,7.7,-1399,0.046400000000000004,36.7,0.04,26.3,129.70000000000002,-0.02,-0.04
123778,7301890,11.566375,-31.67335,7.8,-1399,0.0466,36.7,0.04,26.3,129.70000000000002,-0.02,-0.04
123778,7301891,11.566375,-31.67335,7.8,-1399,0.0466,36.7,0.04,26.3,129.70000000000002,-0.02,-0.04
123778,7302103,11.560453,-31.678388,8.,-1399,0.047,36.7,0.04,26.3,129.70000000000002,-0.02,-0.03
123778,7302943,11.537048,-31.698987,7.9,-1397,0.046,36.7,0.04,26.3,129.8,-0.02,-0.03
123778,7304032,11.50657,-31.725478,8.,-1393,0.0463,36.7,0.04,26.400000000000002,129.70000000000002,-0.03,-0.02
123778,7304532,11.492185,-31.737515,8.2,-1396,0.046200000000000005,36.7,0.04,26.400000000000002,129.1,-0.03,-0.02
123778,7305224,11.472708,-31.754727,8.1,-1379,0.046,36.7,0.04,26.400000000000002,128.,-0.03,-0.01
123778,7305532,11.463797,-31.762318,8.,-1382,0.046,36.7,0.04,26.400000000000002,127.4,-0.04,-0.01
123778,7306365,11.44002,-31.783027,8.2,-1389,0.045200000000000004,36.7,0.04,26.3,126.5,-0.04,0.01
123778,7306605,11.43308,-31.789183,8.3,-1391,0.0458,36.7,0.04,26.3,126.60000000000001,-0.04,0.01
123778,7308023,11.391735,-31.825008,8.1,-1370,0.0444,36.7,0.05,26.3,126.10000000000001,-0.04,0.03
123778,7309512,11.34946,-31.861653,8.,-1344,0.052500000000000005,36.7,0.05,26.3,124.9,-0.04,0.04
123778,7333524,11.303007,-31.831275,7.4,-1304,0.0531,36.6,0.05,26.3,125.7,-0.09,0.05
123778,7333933,11.311573,-31.819818,7.6,-1302,0.0528,36.6,0.05,26.3,125.80000000000001,-0.09,0.05
123778,7334684,11.327478,-31.799883,7.1,-1295,0.0522,36.6,0.05,26.3,125.9,-0.09,0.04
123778,7335043,11.33624,-31.792023,6.8,-1331,0.053000000000000005,36.6,0.05,26.3,125.9,-0.09,0.04
123778,7335815,11.354963,-31.775963,6.8,-1317,0.0507,36.6,0.05,26.3,125.9,-0.09,0.03
123778,7336134,11.36269,-31.769482,6.8,-1312,0.051800000000000006,36.6,0.05,26.3,126.,-0.09,0.03
123778,7337122,11.386702,-31.749385,6.5,-1362,0.0522,36.6,0.05,26.3,126.4,-0.08,0.02
123778,7338424,11.418283,-31.723065,6.7,-1371,0.0514,36.6,0.04,26.3,127.,-0.08,0.01
123778,7339638,11.446907,-31.698695,6.5,-1364,0.0492,36.6,0.04,26.3,127.80000000000001,-0.07,0.
123778,7339644,11.446907,-31.698695,6.5,-1364,0.0492,36.6,0.04,26.3,127.80000000000001,-0.07,0.
123778,7339659,11.447393,-31.698295,6.4,-1364,0.0492,36.6,0.04,26.3,127.80000000000001,-0.07,0.
123778,7339698,11.448322,-31.697527,6.4,-1364,0.049300000000000004,36.6,0.04,26.3,127.80000000000001,-0.07,0.
123778,7339699,11.448322,-31.697527,6.4,-1364,0.049300000000000004,36.6,0.04,26.3,127.80000000000001,-0.07,0.
123778,7339727,11.44902,-31.696982,6.4,-1364,0.049300000000000004,36.6,0.04,26.3,127.9,-0.07,0.
123778,7339728,11.44902,-31.696982,6.4,-1364,0.049300000000000004,36.6,0.04,26.3,127.9,-0.07,0.
123778,7339758,11.449747,-31.696377,6.5,-1364,0.0494,36.6,0.04,26.3,127.9,-0.07,0.
123778,7339759,11.449747,-31.696377,6.5,-1364,0.0494,36.6,0.04,26.3,127.9,-0.07,0.
123778,7339807,11.450873,-31.695415,6.5,-1364,0.0495,36.6,0.04,26.3,128.,-0.07,-0.01
123778,7339879,11.4525,-31.693992,6.5,-1365,0.049600000000000005,36.6,0.04,26.3,128.,-0.07,-0.01
123778,7339927,11.453608,-31.693008,6.4,-1365,0.0497,36.6,0.04,26.3,128.1,-0.07,-0.01
123778,7339928,11.453608,-31.693008,6.4,-1365,0.0497,36.6,0.04,26.3,128.1,-0.07,-0.01
123778,7339937,11.453865,-31.692795,6.4,-1365,0.0497,36.6,0.04,26.3,128.1,-0.07,-0.01
123778,7339939,11.453865,-31.692795,6.4,-1365,0.0497,36.6,0.04,26.3,128.1,-0.07,-0.01
123778,7339978,11.454775,-31.692035,6.4,-1365,0.049800000000000004,36.6,0.04,26.3,128.1,-0.07,-0.01
123778,7339987,11.455027,-31.69181,6.5,-1365,0.049800000000000004,36.6,0.04,26.3,128.1,-0.07,-0.01
123778,7339989,11.455027,-31.69181,6.5,-1365,0.049800000000000004,36.6,0.04,26.3,128.1,-0.07,-0.01
123778,7340037,11.456167,-31.690897,6.5,-1365,0.0499,36.6,0.04,26.3,128.20000000000002,-0.07,-0.01
123778,7340047,11.456455,-31.690662,6.6,-1365,0.0499,36.6,0.04,26.3,128.20000000000002,-0.07,-0.01
123778,7340049,11.456455,-31.690662,6.6,-1365,0.0499,36.6,0.04,26.3,128.20000000000002,-0.07,-0.01
123778,7340089,11.45741,-31.689875,6.6,-1365,0.05,36.6,0.04,26.3,128.20000000000002,-0.07,-0.01
123778,7340097,11.457603,-31.68972,6.6,-1365,0.05,36.6,0.04,26.3,128.20000000000002,-0.07,-0.01
123778,7340169,11.459298,-31.688278,6.6,-1365,0.049,36.7,0.04,26.3,128.3,-0.07,-0.01
123778,7341004,11.478303,-31.672443,6.1,-1371,0.0482,36.7,0.04,26.3,129.,-0.06,-0.01
123778,7342105,11.502993,-31.65187,6.2,-1380,0.0477,36.7,0.04,26.3,130.1,-0.06,-0.02
123778,7343644,11.538418,-31.624132,6.1,-1371,0.0471,36.7,0.04,26.3,130.70000000000002,-0.05,-0.03
123778,7344052,11.548252,-31.617327,6.2,-1373,0.048600000000000004,36.7,0.04,26.3,130.5,-0.05,-0.03
123778,7344744,11.564748,-31.606525,6.,-1380,0.0482,36.7,0.04,26.3,129.9,-0.05,-0.03
123778,7345214,11.576195,-31.59919,6.4,-1388,0.0477,36.7,0.04,26.3,129.4,-0.05,-0.04
123778,7345781,11.59062,-31.590082,6.4,-1394,0.0482,36.7,0.04,26.3,129.20000000000002,-0.05,-0.04
123778,7348385,11.61266,-31.577487,2.1,-1389,0.0466,36.7,0.03,26.3,129.8,-0.05,-0.03
123778,7378606,11.038455,-32.028302,2.6,-1376,0.0413,36.7,0.05,26.3,128.4,-0.23,0.06
123778,7379756,11.021665,-32.045745,4.5,-1367,0.0468,36.7,0.05,26.3,127.9,-0.23,0.06
123778,7380861,11.008738,-32.065165,3.6,-1359,0.043000000000000003,36.7,0.05,26.3,127.4,-0.24,0.06
123778,7381451,11.007945,-32.074147,2.1,-1357,0.041,36.7,0.05,26.3,127.2,-0.24,0.05
123778,7382103,11.002505,-32.083673,9.2,-1399,0.0466,36.7,0.05,26.3,127.,-0.24,0.05
123778,7383423,10.964482,-32.12541,9.5,-1409,0.047400000000000005,36.7,0.05,26.3,126.60000000000001,-0.24,0.07
123778,7384112,10.944167,-32.147525,9.3,-1403,0.046700000000000005,36.7,0.05,26.3,126.2,-0.24,0.07
123778,7384191,10.941855,-32.150062,9.2,-1402,0.047,36.7,0.05,26.3,126.10000000000001,-0.24,0.07
123778,7384241,10.940375,-32.151688,9.2,-1402,0.0472,36.7,0.05,26.3,126.10000000000001,-0.24,0.07
123778,7384242,10.940375,-32.151688,9.2,-1402,0.0472,36.7,0.05,26.3,126.10000000000001,-0.24,0.07
123778,7384251,10.940103,-32.151965,9.2,-1402,0.0472,36.7,0.05,26.3,126.10000000000001,-0.24,0.08
123778,7384263,10.939747,-32.15234,9.2,-1402,0.0472,36.7,0.05,26.3,126.10000000000001,-0.24,0.08
123778,7384301,10.938627,-32.153595,9.2,-1402,0.0473,36.7,0.05,26.3,126.,-0.24,0.08
123778,7384302,10.938627,-32.153595,9.2,-1402,0.0473,36.7,0.05,26.3,126.,-0.24,0.08
123778,7384361,10.936885,-32.155462,9.1,-1401,0.047400000000000005,36.7,0.05,26.3,126.,-0.24,0.08
123778,7384391,10.93606,-32.15642,9.,-1401,0.0475,36.7,0.05,26.3,126.,-0.24,0.08
123778,7384392,10.93606,-32.15642,9.,-1401,0.0475,36.7,0.05,26.3,126.,-0.24,0.08
123778,7384451,10.934348,-32.158282,9.1,-1401,0.0476,36.7,0.05,26.3,125.9,-0.24,0.08
123778,7384632,10.929132,-32.163868,9.,-1400,0.0477,36.7,0.05,26.3,125.80000000000001,-0.24,0.08
123778,7384672,10.928002,-32.165127,9.1,-1400,0.0478,36.7,0.05,26.3,125.80000000000001,-0.24,0.08
123778,7384673,10.928002,-32.165127,9.1,-1400,0.0478,36.7,0.05,26.3,125.80000000000001,-0.24,0.08
123778,7384731,10.926283,-32.167062,9.3,-1432,0.043000000000000003,36.7,0.05,26.3,125.80000000000001,-0.24,0.08
123778,7384732,10.926283,-32.167062,9.3,-1432,0.043000000000000003,36.7,0.05,26.3,125.80000000000001,-0.24,0.08
123778,7385151,10.913963,-32.180682,9.4,-1477,0.0429,36.7,0.05,26.200000000000003,125.7,-0.24,0.09
123778,7386333,10.874657,-32.213963,9.3,-1456,-99999,36.7,0.05,26.200000000000003,126.4,-0.24,0.1
123778,7387134,10.848372,-32.236095,9.2,-1440,-99999,36.7,0.05,26.200000000000003,125.4,-0.24,0.11
123778,7387553,10.835298,-32.247063,8.3,-1432,-99999,36.7,0.05,26.200000000000003,124.10000000000001,-0.24,0.11
123778,7388453,10.82318,-32.281293,8.8,-1500,0.0483,36.7,0.05,26.200000000000003,120.60000000000001,-0.24,0.11
123778,7388863,10.818357,-32.297828,9.,-1496,0.049,36.7,0.05,26.200000000000003,118.80000000000001,-0.24,0.12
123778,7389615,10.809242,-32.328088,9.,-1490,0.0488,36.7,0.05,26.200000000000003,114.4,-0.24,0.12
123778,7389724,10.80793,-32.332472,9.1,-1489,0.0487,36.7,0.05,26.200000000000003,113.60000000000001,-0.24,0.12
123778,7391514,10.787077,-32.405227,8.8,-1491,0.052000000000000005,36.7,0.05,26.200000000000003,103.4,-0.23,0.11
123778,7392144,10.779757,-32.429833,8.8,-1497,0.0522,36.7,0.05,26.3,102.30000000000001,-0.23,0.1
123778,7393614,10.76265,-32.48771,8.8,-1488,0.0517,36.7,0.05,26.3,96.5,-0.23,0.09
123778,7395176,10.744597,-32.549655,8.6,-1497,0.0458,36.7,0.05,26.400000000000002,93.10000000000001,-0.23,0.07
123778,7417832,10.640722,-32.856917,7.2,-1425,0.051300000000000005,36.6,0.06,26.5,108.10000000000001,-0.24,0.02
123778,7418292,10.64183,-32.841032,7.4,-1408,0.0514,36.6,0.05,26.5,108.10000000000001,-0.24,0.03
123778,7419334,10.644207,-32.805693,7.2,-1458,0.052000000000000005,36.6,0.05,26.5,108.10000000000001,-0.23,0.03
123778,7420214,10.646835,-32.775765,7.3,-1421,0.0516,36.6,0.05,26.5,105.,-0.23,0.03
123778,7420594,10.648543,-32.762915,7.2,-1406,0.0516,36.6,0.05,26.5,103.30000000000001,-0.23,0.03
123778,7421495,10.652927,-32.732228,7.3,-1458,0.051000000000000004,36.6,0.05,26.5,99.4,-0.22,0.03
123778,7421853,10.65535,-32.720203,7.3,-1439,0.0511,36.6,0.05,26.5,97.80000000000001,-0.22,0.03
123778,7422432,10.658785,-32.69998,7.4,-1406,0.051000000000000004,36.6,0.05,26.5,97.5,-0.22,0.04
123778,7422454,10.658905,-32.699223,7.4,-1405,0.051000000000000004,36.6,0.05,26.5,97.5,-0.22,0.04
123778,7422612,10.65982,-32.693825,7.3,-1397,0.0511,36.6,0.05,26.5,97.4,-0.22,0.04
123778,7422613,10.65982,-32.693825,7.3,-1397,0.0511,36.6,0.05,26.5,97.4,-0.22,0.04
123778,7422644,10.660022,-32.692768,7.2,-1395,0.0511,36.6,0.05,26.5,97.4,-0.22,0.04
123778,7422653,10.660063,-32.692467,7.2,-1394,0.0511,36.6,0.05,26.5,97.4,-0.22,0.04
123778,7422694,10.660277,-32.691095,7.2,-1392,0.0511,36.6,0.05,26.5,97.4,-0.22,0.04
123778,7422855,10.661237,-32.685757,7.1,-1384,0.0512,36.6,0.05,26.5,97.4,-0.22,0.04
123778,7423944,10.667255,-32.649655,7.1,-1497,0.046900000000000004,36.6,0.05,26.5,97.,-0.22,0.05
123778,7425435,10.678722,-32.601778,6.9,-1493,0.0443,36.6,0.05,26.400000000000002,95.,-0.22,0.06
123778,7426534,10.687412,-32.566775,6.9,-1498,0.0417,36.6,0.05,26.400000000000002,92.7,-0.22,0.07
123778,7427874,10.697192,-32.524232,6.7,-1497,0.042100000000000005,36.6,0.05,26.3,94.9,-0.22,0.09
123778,7428094,10.698708,-32.517447,6.8,-1497,0.042,36.6,0.05,26.3,95.30000000000001,-0.22,0.09
123778,7428142,10.699033,-32.515883,6.8,-1497,0.042,36.6,0.05,26.3,95.30000000000001,-0.22,0.09
123778,7428143,10.699033,-32.515883,6.8,-1497,0.042,36.6,0.05,26.3,95.30000000000001,-0.22,0.09
123778,7428153,10.699102,-32.515572,6.7,-1497,0.042,36.6,0.05,26.3,95.4,-0.22,0.09
123778,7428154,10.699102,-32.515572,6.7,-1497,0.042,36.6,0.05,26.3,95.4,-0.22,0.09
123778,7428192,10.69938,-32.514323,6.8,-1497,0.042,36.6,0.05,26.3,95.4,-0.22,0.09
123778,7428224,10.699553,-32.513372,6.9,-1497,0.042,36.6,0.05,26.3,95.5,-0.22,0.09
123778,7428244,10.699672,-32.512708,6.8,-1497,0.042,36.6,0.05,26.3,95.5,-0.22,0.09
123778,7428253,10.69973,-32.512423,6.8,-1497,0.042,36.6,0.05,26.3,95.5,-0.22,0.09
123778,7428263,10.699785,-32.51214,6.8,-1497,0.042,36.6,0.05,26.3,95.5,-0.22,0.09
123778,7428304,10.700072,-32.510832,6.8,-1497,0.042,36.6,0.05,26.3,95.60000000000001,-0.22,0.09
123778,7428364,10.700513,-32.508988,6.8,-1497,0.042,36.6,0.05,26.3,95.7,-0.22,0.09
123778,7428414,10.700795,-32.507433,6.7,-1497,0.042,36.6,0.05,26.3,95.80000000000001,-0.22,0.09
123778,7428443,10.701013,-32.506535,6.8,-1497,0.042,36.6,0.05,26.3,95.80000000000001,-0.22,0.09
123778,7428454,10.701107,-32.506195,6.8,-1497,0.042,36.6,0.05,26.3,95.80000000000001,-0.22,0.09
123778,7428494,10.701392,-32.504912,6.8,-1497,0.042,36.7,0.05,26.3,95.9,-0.22,0.09
123778,7428503,10.701445,-32.50466,6.8,-1497,0.042,36.7,0.05,26.3,95.9,-0.22,0.09
123778,7429104,10.705675,-32.48624,6.8,-1499,0.044700000000000004,36.7,0.05,26.3,96.60000000000001,-0.22,0.1
123778,7429604,10.709348,-32.470878,6.7,-1498,0.0472,36.7,0.05,26.3,98.30000000000001,-0.22,0.1
123778,7430315,10.714503,-32.448923,6.8,-1498,0.0468,36.7,0.05,26.3,102.4,-0.22,0.11
123778,7430734,10.717508,-32.43598,6.8,-1497,0.0453,36.7,0.05,26.3,105.,-0.22,0.11
123778,7431714,10.725048,-32.405838,6.8,-1501,0.0485,36.7,0.05,26.200000000000003,111.30000000000001,-0.22,0.12
123778,7431773,10.725532,-32.403977,6.7,-1501,0.048400000000000006,36.7,0.05,26.200000000000003,111.7,-0.22,0.12
123778,7437055,10.722522,-32.41631,8.2,-1502,0.049,36.7,0.05,26.3,109.5,-0.22,0.12
123778,7464173,10.573825,-32.990503,6.7,-1414,0.054700000000000006,36.6,0.05,26.400000000000002,110.10000000000001,-0.28,0.01
123778,7465704,10.567797,-33.021202,2.3,-1398,0.0555,36.6,0.05,26.400000000000002,110.30000000000001,-0.29,0.01
123778,7466610,10.566035,-33.043305,7.3,-1400,0.055600000000000004,36.6,0.06,26.400000000000002,110.5,-0.29,0.
123778,7466963,10.563867,-33.051345,1.8,-1400,0.0555,36.6,0.06,26.400000000000002,111.,-0.29,0.
123778,7467244,10.56268,-33.060445,8.7,-1401,0.055400000000000005,36.6,0.06,26.400000000000002,111.5,-0.29,0.
123778,7467669,10.561438,-33.070627,4.1,-1402,0.0553,36.6,0.06,26.400000000000002,112.10000000000001,-0.29,0.
123778,7468217,10.561732,-33.07963,2.3,-1403,0.055200000000000006,36.6,0.06,26.400000000000002,112.60000000000001,-0.29,0.
123778,7469043,10.569883,-33.098907,7.3,-1304,0.0543,36.6,0.06,26.400000000000002,113.,-0.29,-0.01
123778,7469489,10.56987,-33.107513,1.8,-1316,0.054200000000000005,36.6,0.06,26.5,113.4,-0.29,-0.01
123778,7470222,10.567477,-33.117982,2.2,-1332,0.054200000000000005,36.6,0.06,26.5,114.10000000000001,-0.29,-0.01
123778,7470753,10.573338,-33.136743,8.2,-1353,0.053700000000000005,36.6,0.06,26.5,115.10000000000001,-0.29,-0.02
123778,7471444,10.581472,-33.162332,8.4,-1389,0.053000000000000005,36.6,0.06,26.5,117.2,-0.3,-0.03
123778,7471994,10.588625,-33.182385,8.1,-1389,0.053200000000000004,36.6,0.06,26.5,119.2,-0.3,-0.03
123778,7472598,10.59641,-33.204602,8.3,-1384,0.054200000000000005,36.6,0.06,26.5,121.4,-0.3,-0.04
123778,7472648,10.597017,-33.206445,8.3,-1384,0.0543,36.6,0.06,26.5,121.4,-0.3,-0.04
123778,7472649,10.597017,-33.206445,8.3,-1384,0.0543,36.6,0.06,26.5,121.4,-0.3,-0.04
123778,7472653,10.597017,-33.206445,8.3,-1384,0.0543,36.6,0.06,26.5,121.4,-0.3,-0.04
123778,7472690,10.597533,-33.207938,8.2,-1384,0.0543,36.6,0.06,26.5,121.5,-0.3,-0.04
123778,7472740,10.598203,-33.209765,8.1,-1384,0.0517,36.6,0.06,26.5,121.5,-0.3,-0.04
123778,7472750,10.598318,-33.21009,8.1,-1384,0.0517,36.6,0.06,26.5,121.5,-0.3,-0.04
123778,7472810,10.599022,-33.212305,8.2,-1384,0.051800000000000006,36.6,0.06,26.5,121.60000000000001,-0.3,-0.04
123778,7472820,10.599143,-33.212673,8.2,-1384,0.0519,36.6,0.06,26.5,121.60000000000001,-0.3,-0.04
123778,7472829,10.599258,-33.213003,8.2,-1384,0.0519,36.6,0.06,26.5,121.60000000000001,-0.3,-0.04
123778,7472850,10.59952,-33.213758,8.2,-1384,0.0519,36.6,0.06,26.5,121.60000000000001,-0.3,-0.04
123778,7472860,10.599647,-33.214157,8.1,-1384,0.052000000000000005,36.6,0.06,26.5,121.60000000000001,-0.3,-0.04
123778,7472889,10.599972,-33.215192,8.3,-1384,0.052000000000000005,36.6,0.06,26.5,121.60000000000001,-0.3,-0.04
123778,7472900,10.600118,-33.215592,8.3,-1384,0.0521,36.6,0.06,26.5,121.60000000000001,-0.3,-0.04
123778,7472910,10.600252,-33.215958,8.3,-1384,0.0521,36.6,0.06,26.5,121.60000000000001,-0.3,-0.04
123778,7472929,10.600518,-33.216698,8.4,-1384,0.0521,36.6,0.06,26.5,121.60000000000001,-0.3,-0.04
123778,7473000,10.601382,-33.21926,8.1,-1385,0.0523,36.6,0.06,26.5,121.7,-0.3,-0.04
123778,7473010,10.6015,-33.219623,8.2,-1385,0.0523,36.6,0.06,26.5,121.7,-0.3,-0.04
123778,7473030,10.601735,-33.220357,8.2,-1385,0.0523,36.6,0.06,26.5,121.7,-0.3,-0.04
123778,7473100,10.60265,-33.222927,8.2,-1385,0.052500000000000005,36.6,0.06,26.5,121.80000000000001,-0.3,-0.05
123778,7473134,10.602997,-33.223998,8.2,-1386,0.052500000000000005,36.6,0.06,26.5,121.80000000000001,-0.3,-0.05
123778,7473190,10.603705,-33.22622,8.3,-1386,0.052700000000000004,36.6,0.06,26.5,121.80000000000001,-0.3,-0.05
123778,7473973,10.613313,-33.25457,8.2,-1313,0.051000000000000004,36.5,0.06,26.5,122.5,-0.3,-0.06
123778,7474445,10.614552,-33.26999,8.5,-1330,0.0514,36.5,0.06,26.5,122.80000000000001,-0.31,-0.07
123778,7475343,10.58486,-33.29055,8.6,-1326,0.0531,36.5,0.06,26.5,122.10000000000001,-0.31,-0.07
123778,7475673,10.5742,-33.29811,8.6,-1331,0.0534,36.5,0.06,26.5,121.9,-0.31,-0.07
123778,7476773,10.538285,-33.323495,8.7,-1316,0.0543,36.5,0.06,26.5,121.9,-0.31,-0.08
123778,7478014,10.497783,-33.35183,8.6,-1317,0.0579,36.5,0.06,26.5,121.7,-0.31,-0.09
123778,7478455,10.483035,-33.36244,8.8,-1306,0.0568,36.5,0.06,26.5,121.30000000000001,-0.31,-0.09
123778,7480694,10.406467,-33.415988,9.,-1312,0.0585,36.5,0.06,26.5,123.5,-0.31,-0.09
123778,7483985,10.29711,-33.49342,8.6,-1396,0.0585,36.5,0.06,26.5,127.30000000000001,-0.29,-0.1
123778,7503924,9.85657,-33.799738,1.,-1220,0.061200000000000004,36.5,0.04,26.5,120.60000000000001,-0.25,-0.22
123778,7505044,9.85292,-33.802512,0.8,-1223,0.0611,36.5,0.04,26.5,120.5,-0.25,-0.22
123778,7506403,9.848282,-33.805722,1.1,-1227,0.061000000000000006,36.5,0.04,26.5,120.4,-0.25,-0.22
123778,7507484,9.844123,-33.80832,0.8,-1229,0.0609,36.5,0.04,26.5,120.30000000000001,-0.25,-0.22
123778,7508203,9.841493,-33.80953,0.8,-1231,0.0608,36.5,0.04,26.5,120.30000000000001,-0.25,-0.22
123778,7509683,9.835957,-33.812645,0.9,-1234,0.0606,36.5,0.04,26.5,120.4,-0.25,-0.22
123778,7510754,9.831973,-33.814607,1.1,-1157,0.061500000000000006,36.5,0.03,26.5,120.5,-0.25,-0.22
123778,7510827,9.831657,-33.814765,0.9,-1158,0.061500000000000006,36.5,0.03,26.5,120.5,-0.25,-0.22
123778,7510828,9.831657,-33.814765,0.9,-1158,0.061500000000000006,36.5,0.03,26.5,120.5,-0.25,-0.22
123778,7510831,9.831642,-33.814772,0.9,-1158,0.061500000000000006,36.5,0.03,26.5,120.5,-0.25,-0.22
123778,7510832,9.831642,-33.814772,0.9,-1158,0.061500000000000006,36.5,0.03,26.5,120.5,-0.25,-0.22
123778,7510834,9.831628,-33.814777,0.9,-1158,0.061500000000000006,36.5,0.03,26.5,120.5,-0.25,-0.22
123778,7510835,9.831628,-33.814777,0.9,-1158,0.061500000000000006,36.5,0.03,26.5,120.5,-0.25,-0.22
123778,7510838,9.831617,-33.814783,0.9,-1158,0.061500000000000006,36.5,0.03,26.5,120.5,-0.25,-0.22
123778,7510839,9.831617,-33.814783,0.9,-1158,0.061500000000000006,36.5,0.03,26.5,120.5,-0.25,-0.22
123778,7510862,9.83152,-33.814825,1.,-1158,0.061500000000000006,36.5,0.03,26.5,120.5,-0.25,-0.22
123778,7510892,9.831395,-33.814875,1.1,-1158,0.061500000000000006,36.5,0.03,26.5,120.5,-0.25,-0.22
123778,7510933,9.83121,-33.814953,1.,-1158,0.061500000000000006,36.5,0.03,26.5,120.60000000000001,-0.25,-0.22
123778,7511010,9.830852,-33.81513,1.,-1158,0.061500000000000006,36.5,0.03,26.5,120.60000000000001,-0.25,-0.22
123778,7511011,9.830852,-33.81513,1.,-1158,0.061500000000000006,36.5,0.03,26.5,120.60000000000001,-0.25,-0.22
123778,7511039,9.83074,-33.815165,1.2,-1158,0.061500000000000006,36.5,0.03,26.5,120.60000000000001,-0.25,-0.22
123778,7511040,9.83074,-33.815165,1.2,-1158,0.061500000000000006,36.5,0.03,26.5,120.60000000000001,-0.25,-0.22
123778,7511049,9.830692,-33.815188,1.,-1158,0.061500000000000006,36.5,0.03,26.5,120.60000000000001,-0.25,-0.22
123778,7511052,9.830687,-33.81519,1.,-1158,0.061500000000000006,36.5,0.03,26.5,120.60000000000001,-0.25,-0.22
123778,7511061,9.830652,-33.815198,1.1,-1158,0.061500000000000006,36.5,0.03,26.5,120.60000000000001,-0.25,-0.22
123778,7511070,9.830613,-33.815212,1.1,-1158,0.061500000000000006,36.5,0.03,26.5,120.60000000000001,-0.25,-0.22
123778,7511071,9.830613,-33.815212,1.1,-1158,0.061500000000000006,36.5,0.03,26.5,120.60000000000001,-0.25,-0.22
123778,7511103,9.830475,-33.815278,1.,-1158,0.061500000000000006,36.5,0.03,26.5,120.60000000000001,-0.25,-0.22
123778,7511152,9.830263,-33.815387,1.,-1158,0.061500000000000006,36.5,0.03,26.5,120.60000000000001,-0.25,-0.22
123778,7511153,9.830263,-33.815387,1.,-1158,0.061500000000000006,36.5,0.03,26.5,120.60000000000001,-0.25,-0.22
123778,7511172,9.830185,-33.815405,1.,-1158,0.061500000000000006,36.5,0.03,26.5,120.60000000000001,-0.25,-0.22
123778,7512055,9.826618,-33.816983,1.1,-1159,0.0614,36.5,0.03,26.5,120.7,-0.25,-0.22
123778,7513394,9.821372,-33.819605,1.,-1160,0.0613,36.5,0.03,26.5,120.9,-0.25,-0.22
123778,7513962,9.81912,-33.820827,1.,-1160,0.061200000000000004,36.5,0.03,26.5,121.,-0.25,-0.22
123778,7514534,9.816847,-33.82236,1.,-1161,0.061200000000000004,36.5,0.03,26.5,121.,-0.25,-0.22
123778,7515094,9.81455,-33.82386,1.,-1162,0.0611,36.5,0.03,26.5,121.10000000000001,-0.25,-0.22
123778,7515923,9.811497,-33.826025,0.8,-1163,0.0611,36.5,0.03,26.5,121.2,-0.25,-0.22
123778,7516511,9.809763,-33.827423,1.,-1164,0.061000000000000006,36.5,0.03,26.5,121.30000000000001,-0.25,-0.22
123778,7516512,9.809763,-33.827423,1.,-1164,0.061000000000000006,36.5,0.03,26.5,121.30000000000001,-0.25,-0.22
123778,7516571,9.809552,-33.82758,1.,-1164,0.061000000000000006,36.5,0.03,26.5,121.30000000000001,-0.25,-0.22
123778,7516631,9.809355,-33.827743,0.9,-1164,0.061000000000000006,36.5,0.03,26.5,121.30000000000001,-0.25,-0.22
123778,7516660,9.809258,-33.827827,1.,-1164,0.061000000000000006,36.5,0.03,26.5,121.30000000000001,-0.25,-0.22
123778,7516661,9.809258,-33.827827,1.,-1164,0.061000000000000006,36.5,0.03,26.5,121.30000000000001,-0.25,-0.22
123778,7516821,9.808672,-33.828248,1.,-1164,0.061000000000000006,36.5,0.03,26.5,121.30000000000001,-0.25,-0.22
123778,7516822,9.808672,-33.828248,1.,-1164,0.061000000000000006,36.5,0.03,26.5,121.30000000000001,-0.25,-0.22
123778,7516851,9.808552,-33.828323,1.,-1164,0.061000000000000006,36.5,0.03,26.5,121.30000000000001,-0.25,-0.22
123778,7517434,9.810842,-33.826073,5.,-1163,0.0611,36.5,0.03,26.5,121.2,-0.25,-0.22
123778,7520445,9.872203,-33.791855,4.8,-1211,0.061500000000000006,36.5,0.04,26.5,120.5,-0.25,-0.21
123778,7525954,9.945263,-33.719248,7.2,-1285,0.0579,36.5,0.04,26.5,118.7,-0.25,-0.19
123778,7549653,10.34124,-33.374838,3.,-1331,0.0531,36.5,0.06,26.5,123.10000000000001,-0.29,-0.06
123778,7550872,10.357933,-33.360708,7.2,-1357,0.0553,36.5,0.06,26.5,121.10000000000001,-0.29,-0.06
123778,7551409,10.363905,-33.356112,3.1,-1364,0.056100000000000004,36.5,0.06,26.5,120.80000000000001,-0.29,-0.06
123778,7552050,10.370678,-33.348345,6.8,-1376,0.0572,36.5,0.06,26.5,120.7,-0.29,-0.06
123778,7552541,10.379605,-33.339255,2.8,-1388,0.0533,36.5,0.06,26.5,120.5,-0.29,-0.05
123778,7553437,10.391787,-33.327152,6.4,-1270,0.0546,36.5,0.06,26.5,120.4,-0.29,-0.05
123778,7553743,10.39667,-33.322453,2.1,-1278,0.0545,36.5,0.06,26.5,120.4,-0.3,-0.05
123778,7554451,10.411322,-33.31063,2.1,-1297,0.054,36.5,0.06,26.5,120.5,-0.3,-0.05
123778,7555094,10.425798,-33.300907,6.9,-1278,0.055,36.5,0.06,26.5,120.5,-0.3,-0.05
123778,7555128,10.426405,-33.301115,3.4,-1278,0.055,36.5,0.06,26.5,120.5,-0.3,-0.05
123778,7555129,10.426405,-33.301115,3.4,-1278,0.055,36.5,0.06,26.5,120.5,-0.3,-0.05
123778,7555143,10.426182,-33.30134,3.2,-1278,0.055,36.5,0.06,26.5,120.5,-0.3,-0.05
123778,7555146,10.426113,-33.301353,3.3,-1278,0.055,36.5,0.06,26.5,120.5,-0.3,-0.05
123778,7555150,10.42603,-33.301343,3.2,-1278,0.055,36.5,0.06,26.5,120.5,-0.3,-0.05
123778,7555166,10.425798,-33.30114,3.,-1278,0.055,36.5,0.06,26.5,120.5,-0.3,-0.05
123778,7555226,10.426208,-33.300483,3.9,-1278,0.055,36.5,0.06,26.5,120.5,-0.3,-0.05
123778,7555273,10.427377,-33.299758,6.5,-1277,0.055,36.5,0.06,26.5,120.5,-0.3,-0.05
123778,7555289,10.427767,-33.29967,5.3,-1277,0.055,36.5,0.06,26.5,120.5,-0.3,-0.05
123778,7555290,10.427767,-33.29967,5.3,-1277,0.055,36.5,0.06,26.5,120.5,-0.3,-0.05
123778,7555296,10.427872,-33.299743,4.4,-1277,0.055,36.5,0.06,26.5,120.5,-0.3,-0.05
123778,7555318,10.427765,-33.300178,3.,-1277,0.055,36.5,0.06,26.5,120.5,-0.3,-0.05
123778,7555322,10.427683,-33.300205,3.1,-1277,0.055,36.5,0.06,26.5,120.5,-0.3,-0.05
123778,7555323,10.427683,-33.300205,3.1,-1277,0.055,36.5,0.06,26.5,120.5,-0.3,-0.05
123778,7555356,10.427323,-33.299862,2.4,-1277,0.055,36.5,0.06,26.5,120.5,-0.3,-0.05
123778,7555366,10.427395,-33.299738,2.3,-1277,0.055,36.5,0.06,26.5,120.5,-0.3,-0.05
123778,7555367,10.427395,-33.299738,2.3,-1277,0.055,36.5,0.06,26.5,120.5,-0.3,-0.05
123778,7555379,10.427562,-33.299642,3.,-1277,0.055,36.5,0.06,26.5,120.5,-0.3,-0.05
123778,7555385,10.427668,-33.299583,3.6,-1277,0.055,36.5,0.06,26.5,120.5,-0.3,-0.05
123778,7555395,10.42786,-33.299445,4.5,-1277,0.055,36.5,0.06,26.5,120.5,-0.3,-0.05
123778,7555412,10.428197,-33.299155,5.5,-1277,0.055,36.5,0.06,26.5,120.5,-0.3,-0.05
123778,7555422,10.428437,-33.298948,5.9,-1277,0.055,36.5,0.06,26.5,120.5,-0.3,-0.05
123778,7555423,10.428437,-33.298948,5.9,-1277,0.055,36.5,0.06,26.5,120.5,-0.3,-0.05
123778,7555425,10.428482,-33.298912,5.9,-1277,0.055,36.5,0.06,26.5,120.5,-0.3,-0.05
123778,7555440,10.428858,-33.29866,6.4,-1277,0.055,36.5,0.06,26.5,120.5,-0.3,-0.05
123778,7555472,10.429722,-33.298097,6.9,-1276,0.055,36.5,0.06,26.5,120.5,-0.3,-0.05
123778,7555565,10.432207,-33.296488,7.,-1275,0.055,36.5,0.06,26.5,120.5,-0.3,-0.05
123778,7555592,10.432943,-33.296022,6.8,-1275,0.0551,36.5,0.06,26.5,120.5,-0.3,-0.04
123778,7555613,10.4335,-33.295658,6.8,-1275,0.0551,36.5,0.06,26.5,120.4,-0.3,-0.04
123778,7555614,10.4335,-33.295658,6.8,-1275,0.0551,36.5,0.06,26.5,120.4,-0.3,-0.04
123778,7555632,10.434017,-33.29534,6.9,-1274,0.0551,36.5,0.06,26.5,120.4,-0.3,-0.04
123778,7555650,10.434458,-33.295003,6.5,-1274,0.0551,36.5,0.06,26.5,120.4,-0.3,-0.04
123778,7555652,10.434507,-33.294977,6.3,-1274,0.0551,36.5,0.06,26.5,120.4,-0.3,-0.04
123778,7555674,10.4349,-33.29509,3.5,-1274,0.0551,36.5,0.06,26.5,120.4,-0.3,-0.04
123778,7555726,10.434327,-33.295138,2.2,-1274,0.0551,36.5,0.06,26.5,120.4,-0.3,-0.04
123778,7555734,10.434355,-33.295067,1.9,-1274,0.0551,36.5,0.06,26.5,120.4,-0.3,-0.04
123778,7555739,10.434387,-33.295023,1.8,-1274,0.0551,36.5,0.06,26.5,120.4,-0.3,-0.04
123778,7555747,10.434437,-33.294973,1.8,-1274,0.0551,36.5,0.06,26.5,120.4,-0.3,-0.04
123778,7555759,10.434553,-33.294845,2.9,-1274,0.0551,36.5,0.06,26.5,120.4,-0.3,-0.04
123778,7555776,10.434815,-33.294575,4.4,-1274,0.0551,36.5,0.06,26.5,120.4,-0.3,-0.04
123778,7555803,10.435383,-33.294173,5.7,-1274,0.0551,36.5,0.06,26.5,120.4,-0.3,-0.04
123778,7555806,10.43546,-33.294133,5.8,-1274,0.0551,36.5,0.06,26.5,120.4,-0.3,-0.04
123778,7556227,10.43875,-33.291388,5.9,-1272,0.0558,36.5,0.06,26.5,120.4,-0.3,-0.04
123778,7557162,10.45284,-33.278563,6.8,-1267,0.0553,36.5,0.06,26.5,120.2,-0.3,-0.04
123778,7557513,10.457518,-33.274475,2.6,-1265,0.055200000000000006,36.5,0.06,26.5,120.10000000000001,-0.3,-0.04
123778,7558167,10.464738,-33.265957,3.1,-1263,0.056100000000000004,36.5,0.06,26.5,120.10000000000001,-0.29,-0.04
123778,7558715,10.471727,-33.257572,6.9,-1261,0.056,36.6,0.06,26.5,120.10000000000001,-0.29,-0.04
123778,7559521,10.480803,-33.248288,3.4,-1285,0.0557,36.6,0.06,26.5,120.,-0.29,-0.04
123778,7559981,10.48451,-33.245107,5.4,-1285,0.0558,36.6,0.06,26.5,120.,-0.29,-0.04
123778,7560895,10.511558,-33.263002,8.,-1287,0.056,36.6,0.06,26.5,118.4,-0.29,-0.04
123778,7561041,10.516597,-33.266418,7.8,-1286,0.056,36.6,0.06,26.5,118.2,-0.29,-0.04
123778,7561334,10.524673,-33.271867,7.7,-1288,0.056,36.6,0.06,26.5,117.80000000000001,-0.29,-0.05
123778,7562024,10.545467,-33.28579,7.7,-1300,0.0516,36.6,0.06,26.5,117.2,-0.29,-0.05
123778,7562495,10.55946,-33.295332,7.7,-1316,0.0545,36.6,0.06,26.5,117.2,-0.29,-0.05
123778,7563374,10.585743,-33.31345,7.9,-1363,0.0511,36.6,0.06,26.5,118.7,-0.29,-0.06
123778,7563824,10.599507,-33.322538,7.8,-1380,0.050800000000000005,36.6,0.06,26.5,119.30000000000001,-0.29,-0.06
123778,7564663,10.618563,-33.343373,8.1,-1395,0.05,36.6,0.06,26.5,120.10000000000001,-0.29,-0.07
123778,7566033,10.632303,-33.39392,8.3,-1392,0.051500000000000004,36.6,0.06,26.5,119.9,-0.29,-0.08
123778,7567175,10.643602,-33.43639,8.3,-1393,0.0512,36.6,0.06,26.5,119.60000000000001,-0.28,-0.09
123778,7588083,10.670342,-34.064958,7.8,-1496,-99999,36.6,0.06,26.400000000000002,130.1,-0.17,-0.22
123778,7590774,10.659045,-33.970335,7.6,-1482,-99999,36.6,0.06,26.400000000000002,126.4,-0.17,-0.2
123778,7591674,10.655087,-33.938303,7.8,-1469,0.042300000000000004,36.6,0.06,26.400000000000002,125.80000000000001,-0.17,-0.18
123778,7593123,10.648857,-33.886247,7.6,-1485,0.0502,36.6,0.06,26.400000000000002,124.60000000000001,-0.18,-0.17
123778,7593935,10.645523,-33.856943,7.8,-1467,0.051300000000000005,36.5,0.06,26.400000000000002,123.80000000000001,-0.18,-0.16
123778,7595583,10.638248,-33.796813,7.6,-1474,0.057100000000000005,36.5,0.06,26.5,121.80000000000001,-0.19,-0.14
123778,7596484,10.634418,-33.764648,7.6,-1453,0.0522,36.5,0.06,26.5,120.80000000000001,-0.2,-0.13
123778,7597664,10.629095,-33.721792,7.9,-1448,0.0523,36.5,0.06,26.5,121.,-0.21,-0.12
123778,7598195,10.626882,-33.702648,7.6,-1437,0.0517,36.5,0.06,26.5,121.10000000000001,-0.22,-0.11
123778,7599041,10.623148,-33.671627,7.8,-1419,0.056600000000000004,36.5,0.06,26.400000000000002,120.60000000000001,-0.23,-0.1
123778,7599042,10.623148,-33.671627,7.8,-1419,0.056600000000000004,36.5,0.06,26.400000000000002,120.60000000000001,-0.23,-0.1
123778,7599051,10.623117,-33.671297,7.8,-1419,0.056600000000000004,36.5,0.06,26.400000000000002,120.60000000000001,-0.23,-0.1
123778,7599074,10.62305,-33.670533,7.8,-1418,0.0567,36.5,0.06,26.400000000000002,120.5,-0.23,-0.1
123778,7599091,10.622987,-33.669835,7.8,-1418,0.0568,36.5,0.06,26.400000000000002,120.4,-0.23,-0.1
123778,7599111,10.622897,-33.669115,7.7,-1418,0.0568,36.5,0.06,26.400000000000002,120.4,-0.23,-0.1
123778,7599170,10.622653,-33.666977,7.6,-1416,0.057100000000000005,36.5,0.06,26.400000000000002,120.2,-0.23,-0.1
123778,7599171,10.622653,-33.666977,7.6,-1416,0.057100000000000005,36.5,0.06,26.400000000000002,120.2,-0.23,-0.1
123778,7599200,10.622563,-33.665895,7.7,-1412,0.0526,36.5,0.06,26.400000000000002,120.10000000000001,-0.23,-0.1
123778,7599201,10.622563,-33.665895,7.7,-1412,0.0526,36.5,0.06,26.400000000000002,120.10000000000001,-0.23,-0.1
123778,7599241,10.622352,-33.66441,7.8,-1411,0.0528,36.5,0.06,26.400000000000002,120.,-0.23,-0.1
123778,7599250,10.622308,-33.664082,7.8,-1411,0.0528,36.5,0.06,26.400000000000002,119.9,-0.23,-0.1
123778,7599251,10.622308,-33.664082,7.8,-1411,0.0528,36.5,0.06,26.400000000000002,119.9,-0.23,-0.1
123778,7599261,10.622255,-33.663685,7.7,-1411,0.0528,36.5,0.06,26.400000000000002,119.9,-0.23,-0.1
123778,7599262,10.622255,-33.663685,7.7,-1411,0.0528,36.5,0.06,26.400000000000002,119.9,-0.23,-0.1
123778,7599382,10.621717,-33.659362,7.6,-1409,0.053200000000000004,36.5,0.06,26.400000000000002,119.5,-0.23,-0.1
123778,7599412,10.621613,-33.658318,7.4,-1408,0.053200000000000004,36.5,0.06,26.400000000000002,119.4,-0.23,-0.1
123778,7599431,10.621522,-33.657648,7.6,-1408,0.0533,36.5,0.06,26.400000000000002,119.4,-0.23,-0.1
123778,7599434,10.621522,-33.657648,7.6,-1408,0.0533,36.5,0.06,26.400000000000002,119.4,-0.23,-0.1
123778,7599443,10.621463,-33.657255,7.6,-1408,0.0533,36.5,0.06,26.400000000000002,119.4,-0.23,-0.1
123778,7599472,10.621308,-33.656177,7.7,-1407,0.0534,36.5,0.06,26.400000000000002,119.30000000000001,-0.23,-0.1
123778,7599491,10.621223,-33.655493,7.7,-1407,0.053500000000000006,36.5,0.06,26.400000000000002,119.2,-0.23,-0.1
123778,7599502,10.621175,-33.655098,7.6,-1406,0.053500000000000006,36.5,0.06,26.400000000000002,119.2,-0.23,-0.1
123778,7601794,10.611052,-33.571658,7.8,-1384,0.0538,36.5,0.06,26.400000000000002,114.4,-0.26,-0.07
123778,7605011,10.591573,-33.451795,7.9,-1393,0.052000000000000005,36.6,0.06,26.5,115.30000000000001,-0.28,-0.06
123778,7605060,10.59115,-33.449945,8.1,-1393,0.0521,36.6,0.06,26.5,115.30000000000001,-0.28,-0.06
123778,7605061,10.59115,-33.449945,8.1,-1393,0.0521,36.6,0.06,26.5,115.30000000000001,-0.28,-0.06
123778,7605070,10.591055,-33.449573,8.1,-1393,0.0521,36.6,0.06,26.5,115.30000000000001,-0.28,-0.06
123778,7605071,10.591055,-33.449573,8.1,-1393,0.0521,36.6,0.06,26.5,115.30000000000001,-0.28,-0.06
123778,7605161,10.590327,-33.446207,8.2,-1393,0.0522,36.6,0.06,26.5,115.30000000000001,-0.28,-0.06
123778,7605162,10.590327,-33.446207,8.2,-1393,0.0522,36.6,0.06,26.5,115.30000000000001,-0.28,-0.06
123778,7605191,10.59007,-33.445088,8.1,-1393,0.0522,36.6,0.06,26.5,115.30000000000001,-0.28,-0.06
123778,7609064,10.581617,-33.379863,7.5,-1360,0.0514,36.6,0.06,26.5,117.,-0.28,-0.06
123778,7635457,10.822368,-33.944058,5.1,-1493,0.0522,36.6,0.06,26.400000000000002,125.5,-0.14,-0.19
123778,7636399,10.829855,-33.963775,3.8,-1492,0.050800000000000005,36.6,0.06,26.400000000000002,125.80000000000001,-0.14,-0.19
123778,7637756,10.837563,-33.992793,7.7,-1399,0.0504,36.6,0.06,26.400000000000002,126.2,-0.14,-0.2
123778,7637792,10.837132,-33.992948,1.9,-1399,0.0504,36.6,0.06,26.400000000000002,126.2,-0.14,-0.2
123778,7637799,10.837167,-33.992833,2.1,-1399,0.0504,36.6,0.06,26.400000000000002,126.2,-0.14,-0.2
123778,7637823,10.837528,-33.992758,2.7,-1399,0.0504,36.6,0.06,26.400000000000002,126.2,-0.14,-0.2
123778,7637907,10.838082,-33.994728,5.9,-1398,0.050300000000000004,36.6,0.06,26.400000000000002,126.2,-0.14,-0.2
123778,7637983,10.838442,-33.997488,8.2,-1395,0.050100000000000006,36.6,0.06,26.400000000000002,126.2,-0.14,-0.2
123778,7638124,10.83877,-33.999642,3.2,-1394,0.05,36.6,0.06,26.400000000000002,126.30000000000001,-0.14,-0.2
123778,7638814,10.840288,-34.021945,8.3,-1465,0.047,36.6,0.06,26.400000000000002,127.,-0.14,-0.2
123778,7639408,10.839222,-34.037488,2.6,-1447,0.046,36.6,0.06,26.400000000000002,127.5,-0.14,-0.21
123778,7640042,10.834097,-34.052033,8.,-1430,0.038900000000000004,36.6,0.06,26.400000000000002,128.,-0.14,-0.21
123778,7640604,10.828918,-34.059347,2.3,-1492,0.0381,36.6,0.06,26.400000000000002,128.3,-0.14,-0.21
123778,7641233,10.819633,-34.067727,7.4,-1491,0.0381,36.6,0.06,26.400000000000002,128.6,-0.14,-0.21
123778,7641851,10.810155,-34.07389,5.3,-1491,0.0381,36.6,0.06,26.400000000000002,128.9,-0.14,-0.21
123778,7642578,10.79504,-34.080875,7.3,-1491,0.0381,36.6,0.06,26.400000000000002,129.20000000000002,-0.14,-0.21
123778,7643208,10.781605,-34.08422,4.4,-1495,0.050300000000000004,36.6,0.06,26.400000000000002,129.70000000000002,-0.15,-0.21
123778,7643482,10.776017,-34.0858,6.2,-1495,0.0504,36.6,0.06,26.400000000000002,129.8,-0.15,-0.21
123778,7643483,10.776017,-34.0858,6.2,-1495,0.0504,36.6,0.06,26.400000000000002,129.8,-0.15,-0.21
123778,7643498,10.775662,-34.085825,5.7,-1495,0.0504,36.6,0.06,26.400000000000002,129.8,-0.15,-0.21
123778,7643499,10.77561,-34.08583,5.8,-1495,0.0504,36.6,0.06,26.400000000000002,129.8,-0.15,-0.21
123778,7643500,10.77561,-34.08583,5.8,-1495,0.0504,36.6,0.06,26.400000000000002,129.8,-0.15,-0.21
123778,7643513,10.775247,-34.08589,5.8,-1495,0.0504,36.6,0.06,26.400000000000002,129.9,-0.15,-0.21
123778,7643515,10.775165,-34.085908,5.9,-1495,0.0504,36.6,0.06,26.400000000000002,129.9,-0.15,-0.21
123778,7643516,10.775165,-34.085908,5.9,-1495,0.0504,36.6,0.06,26.400000000000002,129.9,-0.15,-0.21
123778,7643612,10.772087,-34.086388,7.1,-1495,0.0504,36.6,0.06,26.400000000000002,129.9,-0.15,-0.21
123778,7643646,10.770985,-34.086553,6.9,-1495,0.0504,36.6,0.06,26.400000000000002,130.,-0.15,-0.21
123778,7643699,10.770632,-34.086065,3.1,-1495,0.0504,36.6,0.06,26.400000000000002,130.,-0.15,-0.21
123778,7643705,10.770767,-34.086092,3.,-1495,0.0504,36.6,0.06,26.400000000000002,130.,-0.15,-0.21
123778,7643706,10.770767,-34.086092,3.,-1495,0.0504,36.6,0.06,26.400000000000002,130.,-0.15,-0.21
123778,7643713,10.770888,-34.086192,3.1,-1495,0.0504,36.6,0.06,26.400000000000002,130.,-0.15,-0.21
123778,7643729,10.770937,-34.086428,2.5,-1495,0.0504,36.6,0.06,26.400000000000002,130.,-0.15,-0.21
123778,7643733,10.770925,-34.086465,2.3,-1495,0.0504,36.6,0.06,26.400000000000002,130.,-0.15,-0.21
123778,7643746,10.77082,-34.086572,1.9,-1495,0.0504,36.6,0.06,26.400000000000002,130.,-0.15,-0.21
123778,7643756,10.770737,-34.086597,1.6,-1495,0.0504,36.6,0.06,26.400000000000002,130.,-0.15,-0.21
123778,7643757,10.770737,-34.086597,1.6,-1495,0.0504,36.6,0.06,26.400000000000002,130.,-0.15,-0.21
123778,7643766,10.77066,-34.0866,1.5,-1495,0.0504,36.6,0.06,26.400000000000002,130.,-0.15,-0.21
123778,7643767,10.77066,-34.0866,1.5,-1495,0.0504,36.6,0.06,26.400000000000002,130.,-0.15,-0.21
123778,7643775,10.770608,-34.086595,1.6,-1495,0.0504,36.6,0.06,26.400000000000002,130.,-0.15,-0.21
123778,7643782,10.770517,-34.08657,2.2,-1495,0.0504,36.6,0.06,26.400000000000002,130.,-0.15,-0.21
123778,7643797,10.770288,-34.086597,3.3,-1495,0.0504,36.6,0.06,26.400000000000002,130.,-0.15,-0.21
123778,7643798,10.770288,-34.086597,3.3,-1495,0.0504,36.6,0.06,26.400000000000002,130.,-0.15,-0.21
123778,7643816,10.769878,-34.086785,4.9,-1495,0.0504,36.6,0.06,26.400000000000002,130.,-0.15,-0.21
123778,7643820,10.76978,-34.086818,5.1,-1495,0.0504,36.6,0.06,26.400000000000002,130.,-0.15,-0.21
123778,7643826,10.769598,-34.086847,5.2,-1495,0.0504,36.6,0.06,26.400000000000002,130.,-0.15,-0.21
123778,7643834,10.769435,-34.086807,4.9,-1495,0.0504,36.6,0.06,26.400000000000002,130.,-0.15,-0.21
123778,7643835,10.769395,-34.086783,4.7,-1495,0.0504,36.6,0.06,26.400000000000002,130.,-0.15,-0.21
123778,7643836,10.769395,-34.086783,4.7,-1495,0.0504,36.6,0.06,26.400000000000002,130.,-0.15,-0.21
123778,7643843,10.7693,-34.086665,4.1,-1495,0.0504,36.6,0.06,26.400000000000002,130.,-0.15,-0.21
123778,7643850,10.769282,-34.0865,3.5,-1495,0.0504,36.6,0.06,26.400000000000002,130.,-0.15,-0.21
123778,7643852,10.769292,-34.086458,3.4,-1495,0.0504,36.6,0.06,26.400000000000002,130.,-0.15,-0.21
123778,7643853,10.769292,-34.086458,3.4,-1495,0.0504,36.6,0.06,26.400000000000002,130.,-0.15,-0.21
123778,7643856,10.769317,-34.086402,3.3,-1495,0.0504,36.6,0.06,26.400000000000002,130.,-0.15,-0.21
123778,7643866,10.769493,-34.086257,3.2,-1495,0.0504,36.6,0.06,26.400000000000002,130.,-0.15,-0.21
123778,7643867,10.769493,-34.086257,3.2,-1495,0.0504,36.6,0.06,26.400000000000002,130.,-0.15,-0.21
123778,7643894,10.769927,-34.086463,2.9,-1495,0.0504,36.6,0.06,26.400000000000002,130.,-0.15,-0.21
123778,7643900,10.76995,-34.086567,2.7,-1495,0.0504,36.6,0.06,26.400000000000002,130.,-0.15,-0.21
123778,7643949,10.769165,-34.086982,5.2,-1495,0.0504,36.6,0.06,26.400000000000002,130.,-0.15,-0.21
123778,7643997,10.767632,-34.087202,7.2,-1495,0.0505,36.6,0.06,26.400000000000002,130.1,-0.15,-0.21
123778,7644030,10.766685,-34.087152,5.7,-1495,0.0505,36.6,0.06,26.400000000000002,130.1,-0.15,-0.21
123778,7644120,10.765272,-34.087443,3.4,-1495,0.0505,36.6,0.06,26.400000000000002,130.1,-0.15,-0.21
123778,7644121,10.765272,-34.087443,3.4,-1495,0.0505,36.6,0.06,26.400000000000002,130.1,-0.15,-0.21
123778,7644137,10.765088,-34.087378,2.5,-1495,0.0505,36.6,0.06,26.400000000000002,130.20000000000002,-0.15,-0.21
123778,7644224,10.763135,-34.087615,6.2,-1495,0.0505,36.6,0.06,26.400000000000002,130.20000000000002,-0.15,-0.21
123778,7644320,10.760998,-34.08778,5.3,-1495,0.0505,36.6,0.06,26.400000000000002,130.3,-0.15,-0.21
123778,7645043,10.742503,-34.096322,7.6,-1491,0.050300000000000004,36.6,0.07,26.400000000000002,130.70000000000002,-0.15,-0.21
123778,7645724,10.724403,-34.11235,7.9,-1494,0.0505,36.6,0.07,26.400000000000002,131.,-0.15,-0.21
123778,7646334,10.707473,-34.127142,7.9,-1495,0.0522,36.6,0.07,26.400000000000002,131.,-0.16,-0.21
123778,7646882,10.702248,-34.144133,8.6,-1496,0.0522,36.6,0.06,26.400000000000002,130.9,-0.16,-0.21
123778,7647564,10.706593,-34.170923,8.4,-1482,0.050300000000000004,36.7,0.06,26.400000000000002,130.6,-0.15,-0.21
123778,7647903,10.708795,-34.18399,8.2,-1484,-99999,36.6,0.06,26.400000000000002,130.5,-0.15,-0.2
123778,7649017,10.716395,-34.226638,8.2,-1490,0.054,36.6,0.06,26.3,130.5,-0.15,-0.18
123778,7649363,10.718672,-34.239763,8.3,-1493,0.053500000000000006,36.6,0.06,26.3,130.5,-0.15,-0.17
123778,7650353,10.725202,-34.278147,8.3,-1447,0.053700000000000005,36.6,0.06,26.3,132.20000000000002,-0.15,-0.16
123778,7650665,10.727148,-34.290318,8.5,-1456,0.053200000000000004,36.6,0.06,26.3,132.70000000000002,-0.15,-0.15
123778,7651682,10.734232,-34.329913,8.2,-1490,0.053500000000000006,36.6,0.06,26.3,133.70000000000002,-0.15,-0.14
123778,7655904,10.762568,-34.494562,8.3,-1486,0.0507,36.6,0.06,26.400000000000002,132.,-0.16,-0.17
123778,7673803,10.847248,-34.974188,0.3,-1385,-99999,36.800000000000004,0.04,26.3,145.9,-0.13,0.
123778,7674704,10.848083,-34.974253,0.4,-1385,-99999,36.800000000000004,0.04,26.3,145.9,-0.13,0.
123778,7675794,10.849337,-34.97398,0.3,-1385,-99999,36.800000000000004,0.04,26.3,145.8,-0.13,0.
123778,7676933,10.850883,-34.973377,0.5,-1385,-99999,36.800000000000004,0.05,26.3,145.8,-0.13,-0.01
123778,7678194,10.852997,-34.972583,0.5,-1385,-99999,36.800000000000004,0.05,26.3,145.8,-0.13,-0.01
123778,7680604,10.858455,-34.971495,0.5,-1385,-99999,36.800000000000004,0.05,26.3,145.6,-0.13,-0.01
123778,7681783,10.860805,-34.972008,0.5,-1386,-99999,36.800000000000004,0.05,26.3,145.5,-0.13,-0.01
123778,7681902,10.861095,-34.97199,0.5,-1386,-99999,36.800000000000004,0.05,26.3,145.5,-0.13,-0.01
123778,7681933,10.861165,-34.97199,0.5,-1386,-99999,36.800000000000004,0.05,26.3,145.5,-0.13,-0.01
123778,7681934,10.861165,-34.97199,0.5,-1386,-99999,36.800000000000004,0.05,26.3,145.5,-0.13,-0.01
123778,7682605,10.862527,-34.972093,0.5,-1386,-99999,36.800000000000004,0.05,26.3,145.4,-0.13,-0.01
123778,7683163,10.86364,-34.972145,0.4,-1386,-99999,36.800000000000004,0.05,26.3,145.4,-0.13,-0.01
123778,7683713,10.864923,-34.971825,0.5,-1386,-99999,36.800000000000004,0.05,26.3,145.3,-0.13,-0.01
123778,7684984,10.868353,-34.97018,0.5,-1386,-99999,36.800000000000004,0.05,26.3,145.20000000000002,-0.13,-0.01
123778,7685993,10.87121,-34.968715,0.8,-1386,-99999,36.800000000000004,0.05,26.3,145.20000000000002,-0.13,-0.02
123778,7687114,10.874292,-34.966982,0.4,-1386,-99999,36.800000000000004,0.05,26.3,145.1,-0.13,-0.02
123778,7687413,10.874797,-34.96671,0.5,-1386,-99999,36.800000000000004,0.05,26.3,145.1,-0.13,-0.02
123778,7687423,10.874822,-34.966703,0.5,-1386,-99999,36.800000000000004,0.05,26.3,145.1,-0.13,-0.02
123778,7687433,10.874843,-34.966693,0.5,-1386,-99999,36.800000000000004,0.05,26.3,145.1,-0.13,-0.02
123778,7687473,10.874932,-34.966657,0.6,-1386,-99999,36.800000000000004,0.05,26.3,145.1,-0.13,-0.02
123778,7687474,10.874932,-34.966657,0.6,-1386,-99999,36.800000000000004,0.05,26.3,145.1,-0.13,-0.02
123778,7687483,10.874955,-34.966647,0.5,-1386,-99999,36.800000000000004,0.05,26.3,145.1,-0.13,-0.02
123778,7687484,10.874955,-34.966647,0.5,-1386,-99999,36.800000000000004,0.05,26.3,145.1,-0.13,-0.02
123778,7687493,10.874977,-34.966638,0.5,-1386,-99999,36.800000000000004,0.05,26.3,145.1,-0.13,-0.02
123778,7687504,10.875002,-34.966628,0.5,-1386,0.0539,36.800000000000004,0.05,26.3,145.1,-0.13,-0.02
123778,7687512,10.875018,-34.966622,0.5,-1386,0.0539,36.800000000000004,0.05,26.3,145.1,-0.13,-0.02
123778,7687533,10.875062,-34.966598,0.5,-1386,0.0539,36.800000000000004,0.05,26.3,145.1,-0.13,-0.02
123778,7687534,10.875062,-34.966598,0.5,-1386,0.0539,36.800000000000004,0.05,26.3,145.1,-0.13,-0.02
123778,7687543,10.87508,-34.966585,0.5,-1386,0.0539,36.800000000000004,0.05,26.3,145.1,-0.13,-0.02
123778,7687544,10.87508,-34.966585,0.5,-1386,0.0539,36.800000000000004,0.05,26.3,145.1,-0.13,-0.02
123778,7687553,10.875098,-34.966577,0.5,-1386,0.0539,36.800000000000004,0.05,26.3,145.1,-0.13,-0.02
123778,7687563,10.87512,-34.966563,0.4,-1386,0.0539,36.800000000000004,0.05,26.3,145.1,-0.13,-0.02
123778,7687564,10.87512,-34.966563,0.4,-1386,0.0539,36.800000000000004,0.05,26.3,145.1,-0.13,-0.02
123778,7687582,10.875153,-34.966545,0.5,-1386,0.0539,36.800000000000004,0.05,26.3,145.1,-0.13,-0.02
123778,7687583,10.875153,-34.966545,0.5,-1386,0.0539,36.800000000000004,0.05,26.3,145.1,-0.13,-0.02
123778,7687662,10.875277,-34.966445,0.4,-1386,0.0539,36.800000000000004,0.05,26.3,145.1,-0.13,-0.02
123778,7687672,10.875288,-34.966433,0.3,-1386,0.0539,36.800000000000004,0.05,26.3,145.1,-0.13,-0.02
123778,7687722,10.875335,-34.96636,0.4,-1386,0.0539,36.800000000000004,0.05,26.3,145.1,-0.13,-0.02
123778,7687762,10.875368,-34.966297,0.5,-1386,0.0539,36.800000000000004,0.05,26.3,145.1,-0.13,-0.02
123778,7687763,10.875368,-34.966297,0.5,-1386,0.0539,36.800000000000004,0.05,26.3,145.1,-0.13,-0.02
123778,7687842,10.875462,-34.966175,0.5,-1386,0.0539,36.800000000000004,0.05,26.3,145.1,-0.13,-0.02
123778,7687843,10.875462,-34.966175,0.5,-1386,0.0539,36.800000000000004,0.05,26.3,145.1,-0.13,-0.02
123778,7687943,10.875605,-34.96604,0.4,-1386,0.0539,36.800000000000004,0.05,26.3,145.20000000000002,-0.13,-0.02
123778,7688002,10.87572,-34.96596,0.4,-1386,0.0539,36.800000000000004,0.05,26.3,145.20000000000002,-0.13,-0.02
123778,7692375,10.874047,-34.931975,5.3,-1377,-99999,36.7,0.05,26.3,142.6,-0.14,-0.03
123778,7697929,10.879252,-34.800218,8.2,-1466,0.0572,36.7,0.05,26.3,127.4,-0.18,-0.08
123778,7719607,10.811473,-34.247708,8.6,-1490,0.0509,36.6,0.07,26.3,132.4,-0.15,-0.16
123778,7720771,10.807897,-34.220968,1.3,-1491,0.0522,36.6,0.07,26.3,131.9,-0.15,-0.17
123778,7721956,10.805457,-34.198762,7.7,-1493,0.050800000000000005,36.6,0.07,26.3,131.70000000000002,-0.15,-0.18
123778,7722466,10.80046,-34.186605,2.5,-1493,0.050800000000000005,36.6,0.07,26.3,131.6,-0.15,-0.18
123778,7723204,10.791953,-34.16977,7.9,-1494,0.050800000000000005,36.6,0.07,26.3,131.4,-0.15,-0.19
123778,7724907,10.77271,-34.131675,4.1,-1493,0.0502,36.6,0.07,26.3,131.3,-0.15,-0.19
123778,7726049,10.768057,-34.097328,7.6,-1495,0.0504,36.6,0.07,26.400000000000002,131.4,-0.15,-0.19
123778,7726050,10.768057,-34.097328,7.6,-1495,0.0504,36.6,0.07,26.400000000000002,131.4,-0.15,-0.19
123778,7726082,10.76809,-34.096025,8.5,-1495,0.0504,36.6,0.07,26.400000000000002,131.4,-0.15,-0.19
123778,7726111,10.768132,-34.095,8.1,-1495,0.0504,36.6,0.07,26.400000000000002,131.4,-0.15,-0.19
123778,7726112,10.768137,-34.094862,7.8,-1495,0.0504,36.6,0.07,26.400000000000002,131.4,-0.15,-0.19
123778,7726113,10.768137,-34.094862,7.8,-1495,0.0504,36.6,0.07,26.400000000000002,131.4,-0.15,-0.19
123778,7726130,10.76825,-34.094408,6.1,-1495,0.0504,36.6,0.07,26.400000000000002,131.4,-0.15,-0.19
123778,7726151,10.768557,-34.094202,3.,-1495,0.0504,36.6,0.07,26.400000000000002,131.3,-0.15,-0.19
123778,7726152,10.768557,-34.094202,3.,-1495,0.0504,36.6,0.07,26.400000000000002,131.3,-0.15,-0.19
123778,7726175,10.768722,-34.094235,1.4,-1495,0.0504,36.6,0.07,26.400000000000002,131.3,-0.15,-0.19
123778,7726177,10.768722,-34.094235,1.4,-1495,0.0504,36.6,0.07,26.400000000000002,131.3,-0.15,-0.19
123778,7726185,10.768745,-34.094273,1.,-1495,0.0504,36.6,0.07,26.400000000000002,131.3,-0.15,-0.19
123778,7726186,10.768745,-34.094273,1.,-1495,0.0504,36.6,0.07,26.400000000000002,131.3,-0.15,-0.19
123778,7726188,10.768742,-34.094288,0.7,-1495,0.0504,36.6,0.07,26.400000000000002,131.3,-0.15,-0.19
123778,7726191,10.768733,-34.094305,0.9,-1495,0.0504,36.6,0.07,26.400000000000002,131.3,-0.15,-0.19
123778,7726192,10.768733,-34.094305,0.9,-1495,0.0504,36.6,0.07,26.400000000000002,131.3,-0.15,-0.19
123778,7726211,10.768527,-34.09433,2.2,-1495,0.0504,36.6,0.07,26.400000000000002,131.3,-0.15,-0.19
123778,7726212,10.768527,-34.09433,2.2,-1495,0.0504,36.6,0.07,26.400000000000002,131.3,-0.15,-0.19
123778,7726215,10.768468,-34.094293,2.6,-1495,0.0504,36.6,0.07,26.400000000000002,131.4,-0.15,-0.19
123778,7726217,10.768468,-34.094293,2.6,-1495,0.0504,36.6,0.07,26.400000000000002,131.4,-0.15,-0.19
123778,7726218,10.76842,-34.094262,2.9,-1495,0.0504,36.6,0.07,26.400000000000002,131.4,-0.15,-0.19
123778,7726219,10.76842,-34.094262,2.9,-1495,0.0504,36.6,0.07,26.400000000000002,131.4,-0.15,-0.19
123778,7726221,10.768373,-34.094218,3.3,-1495,0.0504,36.6,0.07,26.400000000000002,131.4,-0.15,-0.19
123778,7726222,10.768373,-34.094218,3.3,-1495,0.0504,36.6,0.07,26.400000000000002,131.4,-0.15,-0.19
123778,7726233,10.768227,-34.094033,4.3,-1495,0.0504,36.6,0.07,26.400000000000002,131.4,-0.15,-0.19
123778,7726234,10.76819,-34.093962,4.6,-1495,0.0504,36.6,0.07,26.400000000000002,131.4,-0.15,-0.19
123778,7726235,10.76819,-34.093962,4.6,-1495,0.0504,36.6,0.07,26.400000000000002,131.4,-0.15,-0.19
123778,7726237,10.768158,-34.093885,4.8,-1495,0.0504,36.6,0.07,26.400000000000002,131.4,-0.15,-0.19
123778,7726246,10.768107,-34.093655,5.5,-1495,0.0504,36.6,0.07,26.400000000000002,131.4,-0.15,-0.19
123778,7726252,10.768085,-34.093465,5.9,-1495,0.0504,36.6,0.07,26.400000000000002,131.4,-0.15,-0.19
123778,7726258,10.768065,-34.093263,6.4,-1495,0.0504,36.6,0.07,26.400000000000002,131.4,-0.15,-0.19
123778,7726259,10.768065,-34.093263,6.4,-1495,0.0504,36.6,0.07,26.400000000000002,131.4,-0.15,-0.19
123778,7726262,10.76806,-34.093123,6.7,-1495,0.0504,36.6,0.07,26.400000000000002,131.4,-0.15,-0.19
123778,7726281,10.768033,-34.092387,7.7,-1495,0.0504,36.6,0.07,26.400000000000002,131.4,-0.15,-0.19
123778,7726292,10.768013,-34.092,7.9,-1495,0.0504,36.6,0.07,26.400000000000002,131.4,-0.15,-0.19
123778,7726307,10.76798,-34.091455,7.7,-1495,0.0504,36.6,0.07,26.400000000000002,131.4,-0.15,-0.19
123778,7726318,10.767937,-34.091097,7.1,-1495,0.0504,36.6,0.07,26.400000000000002,131.4,-0.15,-0.19
123778,7726322,10.767915,-34.090975,6.9,-1495,0.0504,36.6,0.07,26.400000000000002,131.4,-0.15,-0.19
123778,7726323,10.767915,-34.090975,6.9,-1495,0.0504,36.6,0.07,26.400000000000002,131.4,-0.15,-0.19
123778,7726382,10.7683,-34.090135,1.4,-1495,0.0504,36.6,0.07,26.400000000000002,131.4,-0.15,-0.19
123778,7726385,10.768293,-34.090167,1.3,-1495,0.0504,36.6,0.07,26.400000000000002,131.4,-0.15,-0.19
123778,7726432,10.767833,-34.089883,3.9,-1495,0.0504,36.6,0.07,26.400000000000002,131.4,-0.15,-0.19
123778,7726436,10.767802,-34.089793,4.2,-1495,0.0505,36.6,0.07,26.400000000000002,131.4,-0.15,-0.19
123778,7726468,10.767558,-34.089083,5.,-1495,0.0505,36.6,0.07,26.400000000000002,131.4,-0.15,-0.19
123778,7726573,10.766977,-34.086438,7.1,-1495,0.0505,36.6,0.07,26.400000000000002,131.4,-0.15,-0.19
123778,7726690,10.766625,-34.084963,6.5,-1495,0.0505,36.6,0.07,26.400000000000002,131.4,-0.15,-0.19
123778,7727034,10.760585,-34.075888,5.5,-1491,0.0509,36.6,0.07,26.400000000000002,131.5,-0.15,-0.19
123778,7727414,10.75514,-34.072217,6.8,-1491,0.051000000000000004,36.6,0.07,26.400000000000002,131.5,-0.15,-0.19
123778,7728143,10.741113,-34.061363,5.3,-1497,0.0507,36.6,0.07,26.400000000000002,131.6,-0.15,-0.18
123778,7728665,10.735645,-34.050512,8.2,-1498,0.050800000000000005,36.6,0.07,26.400000000000002,131.5,-0.15,-0.18
123778,7729462,10.728725,-34.029273,7.5,-1498,0.0511,36.6,0.07,26.400000000000002,131.20000000000002,-0.15,-0.17
123778,7730063,10.71964,-34.01286,6.3,-1498,0.0511,36.6,0.07,26.400000000000002,130.9,-0.15,-0.17
123778,7730724,10.701633,-34.008765,8.,-1497,-99999,36.6,0.07,26.400000000000002,130.8,-0.15,-0.17
123778,7731864,10.660005,-34.003335,8.1,-1456,-99999,36.6,0.08,26.400000000000002,130.70000000000002,-0.17,-0.17
123778,7732090,10.652003,-34.002225,8.1,-1456,-99999,36.6,0.08,26.400000000000002,130.70000000000002,-0.17,-0.17
123778,7732161,10.649322,-34.001845,8.2,-1456,-99999,36.6,0.08,26.400000000000002,130.70000000000002,-0.17,-0.17
123778,7732174,10.648948,-34.001807,8.2,-1456,-99999,36.6,0.08,26.400000000000002,130.70000000000002,-0.17,-0.17
123778,7732191,10.648182,-34.001737,8.3,-1456,-99999,36.6,0.08,26.400000000000002,130.70000000000002,-0.17,-0.17
123778,7732271,10.645245,-34.001265,8.1,-1456,-99999,36.6,0.08,26.400000000000002,130.70000000000002,-0.17,-0.17
123778,7732272,10.645245,-34.001265,8.1,-1456,-99999,36.6,0.08,26.400000000000002,130.70000000000002,-0.17,-0.17
123778,7732291,10.644492,-34.001165,8.2,-1456,-99999,36.6,0.08,26.400000000000002,130.70000000000002,-0.17,-0.17
123778,7732292,10.644492,-34.001165,8.2,-1456,-99999,36.6,0.08,26.400000000000002,130.70000000000002,-0.17,-0.17
123778,7732331,10.642952,-34.000938,8.4,-1456,-99999,36.6,0.08,26.400000000000002,130.70000000000002,-0.17,-0.17
123778,7732332,10.642952,-34.000938,8.4,-1456,-99999,36.6,0.08,26.400000000000002,130.70000000000002,-0.17,-0.17
123778,7732392,10.64059,-34.000605,8.6,-1456,-99999,36.6,0.08,26.400000000000002,130.70000000000002,-0.17,-0.17
123778,7732462,10.637805,-34.000212,8.4,-1456,-99999,36.6,0.08,26.400000000000002,130.70000000000002,-0.17,-0.17
123778,7733234,10.610858,-34.005983,8.1,-1461,0.038,36.6,0.08,26.400000000000002,131.1,-0.19,-0.18
123778,7733743,10.592833,-34.010448,8.,-1464,0.038,36.6,0.08,26.400000000000002,131.3,-0.19,-0.18
123778,7734535,10.564652,-34.018187,7.9,-1434,0.0472,36.6,0.08,26.400000000000002,131.5,-0.21,-0.19
123778,7734943,10.550372,-34.022225,8.,-1436,0.048100000000000004,36.6,0.08,26.400000000000002,131.6,-0.21,-0.2
123778,7739155,10.403332,-34.062678,7.6,-1387,0.053000000000000005,36.6,0.07,26.400000000000002,129.70000000000002,-0.25,-0.24
123778,7760674,9.711983,-34.235973,1.2,-1244,0.058,36.7,0.02,26.5,124.80000000000001,-0.2,-0.23
123778,7761765,9.709912,-34.229837,1.1,-1244,0.0579,36.7,0.02,26.5,124.60000000000001,-0.2,-0.23
123778,7762594,9.708527,-34.225763,1.1,-1244,0.0579,36.7,0.02,26.400000000000002,124.4,-0.2,-0.24
123778,7763814,9.706165,-34.219747,1.1,-1244,-99999,36.6,0.02,26.400000000000002,124.10000000000001,-0.2,-0.24
123778,7766233,9.700123,-34.20915,1.,-1244,-99999,36.6,0.02,26.400000000000002,123.7,-0.21,-0.24
123778,7767513,9.696527,-34.203527,1.,-1244,-99999,36.6,0.02,26.400000000000002,123.5,-0.21,-0.24
123778,7768141,9.69484,-34.200837,1.1,-1244,-99999,36.6,0.02,26.400000000000002,123.4,-0.21,-0.24
123778,7768915,9.69277,-34.197393,1.2,-1244,-99999,36.6,0.02,26.400000000000002,123.2,-0.21,-0.24
123778,7769463,9.691067,-34.195192,1.1,-1244,-99999,36.6,0.02,26.400000000000002,123.10000000000001,-0.21,-0.24
123778,7770173,9.688423,-34.192447,1.2,-1244,-99999,36.6,0.02,26.400000000000002,123.,-0.21,-0.24
123778,7770175,9.688423,-34.192447,1.2,-1244,-99999,36.6,0.02,26.400000000000002,123.,-0.21,-0.24
123778,7770183,9.688383,-34.192415,1.2,-1244,-99999,36.6,0.02,26.400000000000002,123.,-0.21,-0.24
123778,7770213,9.688252,-34.192315,1.2,-1245,-99999,36.6,0.02,26.400000000000002,123.,-0.21,-0.24
123778,7770214,9.688252,-34.192315,1.2,-1245,-99999,36.6,0.02,26.400000000000002,123.,-0.21,-0.24
123778,7770233,9.688162,-34.192245,1.2,-1245,-99999,36.6,0.02,26.400000000000002,123.,-0.21,-0.24
123778,7770263,9.688033,-34.192152,1.2,-1245,-99999,36.6,0.02,26.400000000000002,123.,-0.21,-0.24
123778,7770264,9.688033,-34.192152,1.2,-1245,-99999,36.6,0.02,26.400000000000002,123.,-0.21,-0.24
123778,7770273,9.687997,-34.192122,1.2,-1245,-99999,36.6,0.02,26.400000000000002,123.,-0.21,-0.24
123778,7770274,9.687997,-34.192122,1.2,-1245,-99999,36.6,0.02,26.400000000000002,123.,-0.21,-0.24
123778,7770283,9.687952,-34.192088,1.1,-1245,-99999,36.6,0.02,26.400000000000002,123.,-0.21,-0.24
123778,7770313,9.687827,-34.192002,1.2,-1245,-99999,36.6,0.02,26.400000000000002,123.,-0.21,-0.24
123778,7770334,9.687738,-34.191928,1.2,-1245,-99999,36.6,0.02,26.400000000000002,123.,-0.21,-0.24
123778,7770410,9.687392,-34.19164,1.4,-1245,-99999,36.6,0.02,26.400000000000002,123.,-0.21,-0.24
123778,7770433,9.68728,-34.191548,1.4,-1245,-99999,36.6,0.02,26.400000000000002,123.,-0.21,-0.24
123778,7770434,9.68728,-34.191548,1.4,-1245,-99999,36.6,0.02,26.400000000000002,123.,-0.21,-0.24
123778,7770443,9.687238,-34.19152,1.3,-1245,-99999,36.6,0.02,26.400000000000002,123.,-0.21,-0.24
123778,7770446,9.687227,-34.191512,1.3,-1245,-99999,36.6,0.02,26.400000000000002,123.,-0.21,-0.24
123778,7770450,9.68721,-34.191502,1.2,-1245,-99999,36.6,0.02,26.400000000000002,123.,-0.21,-0.24
123778,7770463,9.687153,-34.191462,1.3,-1245,-99999,36.6,0.02,26.400000000000002,123.,-0.21,-0.24
123778,7770467,9.687135,-34.191447,1.3,-1245,-99999,36.6,0.02,26.400000000000002,123.,-0.21,-0.24
123778,7770474,9.687108,-34.191427,1.3,-1245,-99999,36.6,0.02,26.400000000000002,123.,-0.21,-0.24
123778,7770512,9.686948,-34.191287,1.2,-1245,-99999,36.6,0.02,26.400000000000002,123.,-0.21,-0.24
123778,7770523,9.686907,-34.19125,1.2,-1245,-99999,36.6,0.02,26.400000000000002,123.,-0.21,-0.24
123778,7770583,9.686682,-34.19103,1.2,-1245,-99999,36.6,0.02,26.400000000000002,123.,-0.21,-0.24
123778,7770644,9.686467,-34.19084,1.1,-1245,-99999,36.6,0.02,26.400000000000002,123.,-0.21,-0.24
123778,7771365,9.684157,-34.188392,1.1,-1245,-99999,36.6,0.02,26.400000000000002,122.80000000000001,-0.21,-0.24
123778,7772863,9.677747,-34.183707,1.,-1245,-99999,36.6,0.02,26.400000000000002,122.7,-0.21,-0.24
123778,7775759,9.668978,-34.17259,1.1,-1246,-99999,36.6,0.02,26.400000000000002,122.2,-0.21,-0.24
123778,7775901,9.668757,-34.172082,0.9,-1246,-99999,36.6,0.02,26.400000000000002,122.10000000000001,-0.21,-0.24
123778,7775902,9.668757,-34.172082,0.9,-1246,-99999,36.6,0.02,26.400000000000002,122.10000000000001,-0.21,-0.24
123778,7775921,9.66872,-34.172,1.,-1246,-99999,36.6,0.02,26.400000000000002,122.10000000000001,-0.21,-0.24
123778,7775941,9.668688,-34.17192,1.,-1246,-99999,36.6,0.02,26.400000000000002,122.10000000000001,-0.21,-0.24
123778,7775961,9.66865,-34.171835,0.9,-1246,-99999,36.6,0.02,26.400000000000002,122.10000000000001,-0.21,-0.24
123778,7775962,9.66865,-34.171835,0.9,-1246,-99999,36.6,0.02,26.400000000000002,122.10000000000001,-0.21,-0.24
123778,7776021,9.668568,-34.171582,1.,-1246,-99999,36.6,0.02,26.400000000000002,122.10000000000001,-0.21,-0.24
123778,7776022,9.668568,-34.171582,1.,-1246,-99999,36.6,0.02,26.400000000000002,122.10000000000001,-0.21,-0.24
123778,7776051,9.668533,-34.171455,0.8,-1246,-99999,36.6,0.02,26.400000000000002,122.10000000000001,-0.21,-0.24
123778,7776061,9.668522,-34.17142,0.8,-1246,-99999,36.6,0.02,26.400000000000002,122.10000000000001,-0.21,-0.24
123778,7776071,9.668508,-34.171382,0.9,-1246,-99999,36.6,0.02,26.400000000000002,122.10000000000001,-0.21,-0.24
123778,7776181,9.66837,-34.170947,0.8,-1246,-99999,36.6,0.02,26.400000000000002,122.10000000000001,-0.21,-0.24
123778,7776241,9.66828,-34.170717,0.9,-1247,-99999,36.6,0.02,26.400000000000002,122.,-0.21,-0.24
123778,7776251,9.668263,-34.170675,1.,-1247,-99999,36.6,0.02,26.400000000000002,122.,-0.21,-0.24
123778,7776320,9.668133,-34.17038,0.9,-1247,-99999,36.6,0.02,26.400000000000002,122.,-0.21,-0.24
123778,7776358,9.66804,-34.170228,1.2,-1247,-99999,36.6,0.02,26.400000000000002,122.,-0.21,-0.24
123778,7776371,9.668012,-34.170167,1.1,-1247,-99999,36.6,0.02,26.400000000000002,122.,-0.21,-0.24
123778,7776380,9.66799,-34.170118,1.1,-1247,-99999,36.6,0.02,26.400000000000002,122.,-0.21,-0.24
123778,7776381,9.66799,-34.170118,1.1,-1247,-99999,36.6,0.02,26.400000000000002,122.,-0.21,-0.24
123778,7781006,9.733347,-34.230077,2.8,-1246,0.0584,36.6,0.02,26.400000000000002,122.4,-0.21,-0.25
123778,7806467,10.158493,-34.08273,7.6,-1258,0.056100000000000004,36.6,0.05,26.400000000000002,129.1,-0.27,-0.27
123778,7807555,10.165358,-34.076788,6.7,-1255,0.056100000000000004,36.6,0.05,26.400000000000002,129.20000000000002,-0.27,-0.27
123778,7808054,10.174698,-34.085452,6.6,-1246,-99999,36.6,0.06,26.400000000000002,129.6,-0.27,-0.27
123778,7808673,10.180785,-34.0875,7.5,-1240,-99999,36.6,0.06,26.400000000000002,129.8,-0.27,-0.27
123778,7809224,10.192013,-34.088965,6.3,-1228,-99999,36.6,0.06,26.400000000000002,130.1,-0.27,-0.27
123778,7810048,10.202343,-34.090317,3.8,-1218,-99999,36.6,0.06,26.400000000000002,130.4,-0.27,-0.27
123778,7810506,10.212045,-34.090365,3.1,-1208,-99999,36.6,0.06,26.400000000000002,130.6,-0.27,-0.27
123778,7811726,10.235373,-34.088842,7.4,-1183,-99999,36.6,0.06,26.400000000000002,131.20000000000002,-0.27,-0.27
123778,7812420,10.24766,-34.088433,0.5,-1170,-99999,36.6,0.06,26.400000000000002,131.20000000000002,-0.27,-0.27
123778,7813807,10.26815,-34.084843,5.9,-1258,0.053700000000000005,36.6,0.06,26.400000000000002,131.,-0.27,-0.26
123778,7814293,10.27647,-34.083243,3.4,-1382,0.0538,36.6,0.06,26.400000000000002,130.9,-0.27,-0.26
123778,7814511,10.279742,-34.081463,7.2,-1378,0.0538,36.6,0.06,26.400000000000002,130.9,-0.27,-0.26
123778,7814518,10.279982,-34.081337,7.3,-1378,0.0538,36.6,0.07,26.400000000000002,130.9,-0.27,-0.26
123778,7814522,10.280075,-34.081293,7.3,-1378,0.0538,36.6,0.07,26.400000000000002,130.9,-0.27,-0.26
123778,7814552,10.281047,-34.08089,7.1,-1377,0.0538,36.6,0.07,26.400000000000002,130.9,-0.27,-0.26
123778,7814567,10.281467,-34.080902,5.6,-1376,0.0538,36.6,0.07,26.400000000000002,130.9,-0.27,-0.26
123778,7814569,10.281467,-34.080902,5.6,-1376,0.0538,36.6,0.07,26.400000000000002,130.9,-0.27,-0.26
123778,7814600,10.281342,-34.081512,3.4,-1377,0.0538,36.6,0.07,26.400000000000002,130.9,-0.27,-0.26
123778,7814601,10.281342,-34.081512,3.4,-1377,0.0538,36.6,0.07,26.400000000000002,130.9,-0.27,-0.26
123778,7814607,10.281203,-34.081523,3.1,-1377,0.0538,36.6,0.07,26.400000000000002,130.9,-0.27,-0.26
123778,7814608,10.281203,-34.081523,3.1,-1377,0.0538,36.6,0.07,26.400000000000002,130.9,-0.27,-0.26
123778,7814615,10.281068,-34.08147,2.9,-1377,0.0538,36.6,0.07,26.400000000000002,130.9,-0.27,-0.26
123778,7814616,10.281068,-34.08147,2.9,-1377,0.0538,36.6,0.07,26.400000000000002,130.9,-0.27,-0.26
123778,7814617,10.28104,-34.081447,3.,-1377,0.0538,36.6,0.07,26.400000000000002,130.9,-0.27,-0.26
123778,7814618,10.28104,-34.081447,3.,-1377,0.0538,36.6,0.07,26.400000000000002,130.9,-0.27,-0.26
123778,7814631,10.280983,-34.08127,2.,-1377,0.0538,36.6,0.07,26.400000000000002,130.9,-0.27,-0.26
123778,7814635,10.280997,-34.081223,2.,-1377,0.0538,36.6,0.07,26.400000000000002,130.9,-0.27,-0.26
123778,7814637,10.281015,-34.081198,1.6,-1377,0.0538,36.6,0.07,26.400000000000002,130.9,-0.27,-0.26
123778,7814638,10.281015,-34.081198,1.6,-1377,0.0538,36.6,0.07,26.400000000000002,130.9,-0.27,-0.26
123778,7814645,10.281067,-34.08115,1.7,-1377,0.0538,36.6,0.07,26.400000000000002,130.9,-0.27,-0.26
123778,7814679,10.281328,-34.080925,2.6,-1377,0.0538,36.6,0.07,26.400000000000002,130.9,-0.27,-0.26
123778,7814684,10.2814,-34.080852,3.1,-1376,0.0538,36.6,0.07,26.400000000000002,130.9,-0.27,-0.26
123778,7814685,10.2814,-34.080852,3.1,-1376,0.0538,36.6,0.07,26.400000000000002,130.9,-0.27,-0.26
123778,7814718,10.28189,-34.08058,3.4,-1376,0.0538,36.6,0.07,26.400000000000002,130.9,-0.27,-0.26
123778,7814721,10.281933,-34.080567,3.3,-1376,0.0538,36.6,0.07,26.400000000000002,130.9,-0.27,-0.26
123778,7814728,10.282057,-34.080515,3.6,-1376,0.0538,36.6,0.07,26.400000000000002,130.9,-0.27,-0.26
123778,7814729,10.282057,-34.080515,3.6,-1376,0.0538,36.6,0.07,26.400000000000002,130.9,-0.27,-0.26
123778,7814736,10.282172,-34.080447,3.9,-1376,0.0538,36.6,0.07,26.400000000000002,130.9,-0.27,-0.26
123778,7814748,10.282432,-34.080305,4.7,-1375,0.0538,36.6,0.07,26.400000000000002,130.9,-0.27,-0.26
123778,7814762,10.28278,-34.08014,5.7,-1375,0.0538,36.6,0.07,26.400000000000002,130.9,-0.27,-0.26
123778,7814763,10.28278,-34.08014,5.7,-1375,0.0538,36.6,0.07,26.400000000000002,130.9,-0.27,-0.26
123778,7814801,10.28389,-34.07958,6.9,-1374,0.0538,36.6,0.07,26.400000000000002,130.8,-0.27,-0.26
123778,7814824,10.28451,-34.0792,7.,-1373,0.0538,36.6,0.07,26.400000000000002,130.8,-0.27,-0.26
123778,7814827,10.284632,-34.079142,7.1,-1373,0.0538,36.6,0.07,26.400000000000002,130.8,-0.27,-0.26
123778,7814828,10.284632,-34.079142,7.1,-1373,0.0538,36.6,0.07,26.400000000000002,130.8,-0.27,-0.26
123778,7814906,10.28677,-34.078297,4.7,-1371,0.053700000000000005,36.6,0.07,26.400000000000002,130.8,-0.27,-0.26
123778,7814908,10.286802,-34.078387,4.4,-1371,0.053700000000000005,36.6,0.07,26.400000000000002,130.8,-0.27,-0.26
123778,7814909,10.286802,-34.078387,4.4,-1371,0.053700000000000005,36.6,0.07,26.400000000000002,130.8,-0.27,-0.26
123778,7814915,10.286807,-34.07853,3.7,-1371,0.053700000000000005,36.6,0.07,26.400000000000002,130.8,-0.27,-0.26
123778,7814941,10.286368,-34.078837,3.4,-1372,0.053700000000000005,36.6,0.07,26.400000000000002,130.8,-0.27,-0.26
123778,7814942,10.286368,-34.078837,3.4,-1372,0.053700000000000005,36.6,0.07,26.400000000000002,130.8,-0.27,-0.26
123778,7814950,10.286235,-34.078767,3.1,-1372,0.053700000000000005,36.6,0.07,26.400000000000002,130.8,-0.27,-0.26
123778,7814973,10.286213,-34.078455,2.2,-1371,0.053700000000000005,36.6,0.07,26.400000000000002,130.8,-0.27,-0.26
123778,7814992,10.286432,-34.078248,3.5,-1371,0.053700000000000005,36.6,0.07,26.400000000000002,130.8,-0.27,-0.26
123778,7814994,10.286493,-34.078188,3.8,-1371,0.053700000000000005,36.6,0.07,26.400000000000002,130.8,-0.27,-0.26
123778,7814995,10.286493,-34.078188,3.8,-1371,0.053700000000000005,36.6,0.07,26.400000000000002,130.8,-0.27,-0.26
123778,7815001,10.28662,-34.078082,4.4,-1371,0.053700000000000005,36.6,0.07,26.400000000000002,130.8,-0.27,-0.26
123778,7815002,10.28662,-34.078082,4.4,-1371,0.053700000000000005,36.6,0.07,26.400000000000002,130.8,-0.27,-0.26
123778,7815005,10.286687,-34.078043,4.6,-1371,0.053700000000000005,36.6,0.07,26.400000000000002,130.8,-0.27,-0.26
123778,7815092,10.289005,-34.076613,6.4,-1368,0.053700000000000005,36.6,0.07,26.400000000000002,130.8,-0.27,-0.26
123778,7815179,10.289045,-34.076873,2.2,-1368,0.053700000000000005,36.6,0.07,26.400000000000002,130.8,-0.27,-0.26
123778,7815513,10.2946,-34.073043,7.3,-1361,0.0558,36.6,0.07,26.400000000000002,130.70000000000002,-0.27,-0.25
123778,7816363,10.30494,-34.064722,7.5,-1346,0.055400000000000005,36.6,0.07,26.400000000000002,130.5,-0.27,-0.25
123778,7816753,10.309362,-34.06076,5.7,-1340,0.055200000000000006,36.6,0.07,26.400000000000002,130.4,-0.27,-0.25
123778,7817784,10.315903,-34.055307,0.5,-1330,0.054900000000000004,36.6,0.07,26.400000000000002,130.3,-0.27,-0.24
123778,7818091,10.320463,-34.054933,5.5,-1326,0.054900000000000004,36.6,0.07,26.400000000000002,130.20000000000002,-0.27,-0.24
123778,7819030,10.337918,-34.052642,1.7,-1398,0.0555,36.6,0.07,26.400000000000002,130.20000000000002,-0.27,-0.24
123778,7820250,10.357857,-34.04537,6.2,-1392,0.0567,36.6,0.07,26.400000000000002,130.20000000000002,-0.27,-0.24
123778,7820397,10.359208,-34.045487,3.2,-1391,0.0568,36.6,0.07,26.400000000000002,130.20000000000002,-0.27,-0.24
123778,7820553,10.361313,-34.044167,6.2,-1390,0.057,36.6,0.07,26.400000000000002,130.20000000000002,-0.27,-0.24
123778,7821586,10.38012,-34.036988,2.7,-1382,0.0553,36.6,0.07,26.400000000000002,130.1,-0.27,-0.23
123778,7822468,10.39468,-34.030027,4.2,-1374,0.0546,36.6,0.08,26.400000000000002,130.1,-0.27,-0.23
123778,7827864,10.44167,-34.174018,9.,-1389,0.057,36.6,0.07,26.3,130.9,-0.23,-0.27
123778,7844435,10.52877,-34.858157,9.,-1237,0.06280000000000001,36.7,0.05,26.3,127.9,-0.25,0.05
123778,7846914,10.542928,-34.947692,1.5,-1239,0.0596,36.7,0.05,26.3,148.20000000000002,-0.24,0.06
123778,7848134,10.547968,-34.95001,1.,-1239,0.059500000000000004,36.7,0.05,26.3,148.6,-0.24,0.06
123778,7849433,10.552435,-34.952092,0.7,-1240,0.0594,36.7,0.05,26.3,149.,-0.24,0.06
123778,7850665,10.556053,-34.953943,0.9,-1241,0.059300000000000005,36.7,0.05,26.3,149.3,-0.24,0.06
123778,7851894,10.560418,-34.955413,0.8,-1241,0.059300000000000005,36.7,0.06,26.3,149.5,-0.25,0.06
123778,7853052,10.56487,-34.956528,0.8,-1242,0.059300000000000005,36.7,0.06,26.3,149.4,-0.25,0.06
123778,7854492,10.570343,-34.957502,1.,-1243,0.059300000000000005,36.7,0.06,26.3,149.20000000000002,-0.25,0.05
123778,7854562,10.5706,-34.957573,0.9,-1243,0.059300000000000005,36.7,0.06,26.3,149.20000000000002,-0.25,0.05
123778,7857164,10.580285,-34.958628,0.7,-1243,0.0601,36.7,0.06,26.3,148.6,-0.25,0.05
123778,7858393,10.584695,-34.958768,0.8,-1235,0.059500000000000004,36.7,0.06,26.3,148.20000000000002,-0.25,0.05
123778,7858492,10.585078,-34.958857,0.9,-1235,0.059500000000000004,36.7,0.06,26.3,148.20000000000002,-0.25,0.05
123778,7858513,10.585153,-34.958878,0.8,-1235,0.059500000000000004,36.7,0.06,26.3,148.20000000000002,-0.25,0.05
123778,7858542,10.585273,-34.958897,0.9,-1235,0.059500000000000004,36.7,0.06,26.3,148.20000000000002,-0.25,0.05
123778,7858552,10.585313,-34.958905,0.8,-1235,0.059500000000000004,36.7,0.06,26.3,148.20000000000002,-0.25,0.05
123778,7858562,10.58536,-34.958915,1.,-1235,0.059500000000000004,36.7,0.06,26.3,148.20000000000002,-0.25,0.05
123778,7858662,10.585758,-34.958987,0.9,-1235,0.059500000000000004,36.7,0.06,26.3,148.20000000000002,-0.25,0.05
123778,7858672,10.585795,-34.958995,0.8,-1235,0.059500000000000004,36.7,0.06,26.3,148.20000000000002,-0.25,0.05
123778,7858703,10.585913,-34.959013,0.9,-1235,0.059500000000000004,36.7,0.06,26.3,148.20000000000002,-0.25,0.05
123778,7858704,10.585913,-34.959013,0.9,-1235,0.059500000000000004,36.7,0.06,26.3,148.20000000000002,-0.25,0.05
123778,7858732,10.58601,-34.959032,0.8,-1236,0.059500000000000004,36.7,0.06,26.3,148.20000000000002,-0.25,0.05
123778,7858743,10.586052,-34.959037,0.8,-1236,0.059500000000000004,36.7,0.06,26.3,148.1,-0.25,0.05
123778,7858782,10.586182,-34.959058,0.6,-1236,0.059500000000000004,36.7,0.06,26.3,148.1,-0.25,0.05
123778,7858842,10.586387,-34.959092,0.8,-1236,0.059500000000000004,36.7,0.06,26.3,148.1,-0.25,0.05
123778,7858922,10.586672,-34.959137,0.8,-1236,0.059500000000000004,36.7,0.06,26.3,148.1,-0.25,0.05
123778,7858923,10.586672,-34.959137,0.8,-1236,0.059500000000000004,36.7,0.06,26.3,148.1,-0.25,0.05
123778,7859004,10.586952,-34.959188,0.7,-1236,0.059500000000000004,36.7,0.06,26.3,148.1,-0.25,0.05
123778,7864350,10.606813,-34.96302,0.9,-1238,0.0596,36.7,0.06,26.3,146.70000000000002,-0.25,0.04
123778,7864351,10.606813,-34.96302,0.9,-1238,0.0596,36.7,0.06,26.3,146.70000000000002,-0.25,0.04
123778,7864371,10.60688,-34.963035,0.7,-1238,0.0596,36.7,0.06,26.3,146.70000000000002,-0.25,0.04
123778,7864380,10.606912,-34.963047,0.7,-1238,0.0596,36.7,0.06,26.3,146.70000000000002,-0.25,0.04
123778,7864381,10.606912,-34.963047,0.7,-1238,0.0596,36.7,0.06,26.3,146.70000000000002,-0.25,0.04
123778,7864474,10.607233,-34.9631,0.8,-1238,0.0596,36.7,0.06,26.3,146.70000000000002,-0.25,0.04
123778,7864581,10.607673,-34.963173,0.9,-1238,0.0596,36.7,0.06,26.3,146.70000000000002,-0.25,0.04
123778,7864600,10.60775,-34.963187,0.9,-1239,0.0596,36.7,0.06,26.3,146.70000000000002,-0.25,0.04
123778,7864632,10.607875,-34.963203,0.9,-1239,0.0596,36.7,0.06,26.3,146.70000000000002,-0.25,0.04
123778,7864681,10.608082,-34.963225,0.8,-1239,0.0596,36.7,0.06,26.3,146.70000000000002,-0.25,0.04
123778,7869885,10.55387,-34.907195,2.2,-1240,0.0594,36.7,0.05,26.3,136.5,-0.25,0.05
123778,7889593,10.564115,-34.451788,3.4,-1274,0.056900000000000006,36.6,0.06,26.400000000000002,125.9,-0.25,-0.23
123778,7890674,10.566272,-34.430332,6.3,-1278,0.0558,36.6,0.06,26.400000000000002,127.60000000000001,-0.24,-0.24
123778,7891813,10.570923,-34.41014,1.9,-1290,0.056900000000000006,36.6,0.07,26.400000000000002,129.20000000000002,-0.24,-0.24
123778,7893224,10.577122,-34.372453,8.,-1335,0.056400000000000006,36.6,0.07,26.400000000000002,129.9,-0.22,-0.24
123778,7893637,10.57839,-34.36344,5.4,-1348,0.056600000000000004,36.6,0.07,26.400000000000002,130.,-0.22,-0.24
123778,7894361,10.579608,-34.345915,3.7,-1373,0.057100000000000005,36.6,0.07,26.3,130.1,-0.21,-0.24
123778,7894877,10.579423,-34.335062,2.,-1389,0.0575,36.6,0.07,26.3,130.1,-0.21,-0.24
123778,7895513,10.578913,-34.32061,2.8,-1400,0.056900000000000006,36.5,0.07,26.3,130.20000000000002,-0.21,-0.24
123778,7896083,10.576452,-34.306285,8.,-1400,0.0565,36.5,0.07,26.3,130.3,-0.2,-0.24
123778,7896747,10.57472,-34.290738,2.1,-1399,0.0551,36.5,0.07,26.3,130.4,-0.2,-0.24
123778,7897159,10.574608,-34.284578,3.7,-1399,0.0551,36.5,0.07,26.3,130.5,-0.2,-0.24
123778,7897180,10.574592,-34.28427,3.,-1399,0.0551,36.5,0.07,26.3,130.5,-0.2,-0.24
123778,7897221,10.574428,-34.283687,4.1,-1399,0.0551,36.5,0.07,26.3,130.5,-0.2,-0.24
123778,7897225,10.574423,-34.283588,4.4,-1399,0.0551,36.5,0.07,26.3,130.5,-0.2,-0.24
123778,7897226,10.574423,-34.283588,4.4,-1399,0.0551,36.5,0.07,26.3,130.5,-0.2,-0.24
123778,7897272,10.57427,-34.282122,7.1,-1399,0.0551,36.5,0.07,26.3,130.5,-0.2,-0.24
123778,7897297,10.574345,-34.281388,6.3,-1399,0.0551,36.5,0.07,26.3,130.5,-0.2,-0.24
123778,7897301,10.574468,-34.281287,5.5,-1399,0.0551,36.5,0.07,26.3,130.5,-0.2,-0.24
123778,7897951,10.574657,-34.269028,2.4,-1398,0.0551,36.5,0.08,26.3,130.6,-0.2,-0.23
123778,7898720,10.572765,-34.24977,7.3,-1424,0.0582,36.6,0.08,26.3,130.8,-0.19,-0.23
123778,7899455,10.571918,-34.233107,4.4,-1423,0.0563,36.6,0.08,26.3,130.9,-0.19,-0.23
123778,7899847,10.571492,-34.224888,6.5,-1422,0.055400000000000005,36.6,0.08,26.3,131.,-0.19,-0.23
123778,7900653,10.572548,-34.206543,8.2,-1421,0.0577,36.6,0.08,26.3,131.3,-0.2,-0.23
123778,7901064,10.573942,-34.19745,7.9,-1420,0.056900000000000006,36.6,0.08,26.3,131.4,-0.2,-0.23
123778,7901926,10.576855,-34.177252,6.3,-1419,0.054900000000000004,36.6,0.08,26.3,131.70000000000002,-0.2,-0.22
123778,7902886,10.578933,-34.155497,4.5,-1435,0.0562,36.6,0.08,26.3,132.,-0.2,-0.22
123778,7902928,10.578823,-34.15451,6.,-1434,0.0562,36.6,0.08,26.3,132.,-0.2,-0.22
123778,7902935,10.57883,-34.154283,6.4,-1434,0.0562,36.6,0.08,26.3,132.,-0.2,-0.22
123778,7902973,10.578873,-34.152917,7.4,-1434,0.0562,36.6,0.08,26.3,132.,-0.2,-0.22
123778,7902988,10.578827,-34.152413,7.7,-1434,0.0562,36.6,0.08,26.3,132.,-0.2,-0.22
123778,7902994,10.578828,-34.15215,7.9,-1434,0.0562,36.6,0.08,26.3,132.,-0.2,-0.22
123778,7903002,10.578843,-34.151878,8.1,-1434,0.0562,36.6,0.08,26.3,132.,-0.2,-0.22
123778,7903047,10.578948,-34.150095,8.2,-1434,0.0563,36.6,0.08,26.3,132.,-0.2,-0.22
123778,7903062,10.579198,-34.149678,6.6,-1433,0.0563,36.6,0.08,26.3,132.,-0.2,-0.22
123778,7903063,10.579198,-34.149678,6.6,-1433,0.0563,36.6,0.08,26.3,132.,-0.2,-0.22
123778,7903074,10.579497,-34.149643,4.2,-1433,0.0563,36.6,0.08,26.3,132.,-0.2,-0.22
123778,7903084,10.579628,-34.149755,2.8,-1433,0.056400000000000006,36.6,0.08,26.3,132.,-0.2,-0.22
123778,7903086,10.579628,-34.149755,2.8,-1433,0.056400000000000006,36.6,0.08,26.3,132.,-0.2,-0.22
123778,7903119,10.579473,-34.149892,1.1,-1433,0.0563,36.6,0.08,26.3,132.,-0.2,-0.22
123778,7903125,10.579442,-34.149818,1.5,-1433,0.0563,36.6,0.08,26.3,132.,-0.2,-0.22
123778,7903131,10.57943,-34.14975,1.8,-1433,0.0563,36.6,0.08,26.3,132.,-0.2,-0.22
123778,7903145,10.579408,-34.149567,2.5,-1433,0.0563,36.6,0.08,26.3,132.,-0.2,-0.22
123778,7903147,10.579408,-34.149567,2.5,-1433,0.0563,36.6,0.08,26.3,132.,-0.2,-0.22
123778,7903187,10.579342,-34.148852,4.5,-1433,0.0563,36.6,0.08,26.3,132.,-0.2,-0.22
123778,7903188,10.579342,-34.148852,4.5,-1433,0.0563,36.6,0.08,26.3,132.,-0.2,-0.22
123778,7903191,10.579335,-34.14872,4.9,-1433,0.0563,36.6,0.08,26.3,132.,-0.2,-0.22
123778,7903193,10.579335,-34.14872,4.9,-1433,0.0563,36.6,0.08,26.3,132.,-0.2,-0.22
123778,7903196,10.57933,-34.148607,5.3,-1433,0.0563,36.6,0.08,26.3,132.,-0.2,-0.22
123778,7903214,10.579333,-34.148023,6.7,-1433,0.0563,36.6,0.08,26.3,132.,-0.2,-0.22
123778,7903215,10.579333,-34.148023,6.7,-1433,0.0563,36.6,0.08,26.3,132.,-0.2,-0.22
123778,7903233,10.579388,-34.147262,8.,-1433,0.0563,36.6,0.08,26.3,132.,-0.2,-0.22
123778,7903308,10.579372,-34.144352,8.2,-1432,0.0563,36.6,0.08,26.3,132.1,-0.2,-0.22
123778,7903312,10.579412,-34.144215,7.7,-1432,0.0563,36.6,0.08,26.3,132.1,-0.2,-0.22
123778,7903316,10.579477,-34.1441,7.3,-1432,0.056400000000000006,36.6,0.08,26.3,132.1,-0.2,-0.22
123778,7903326,10.5797,-34.143933,5.8,-1432,0.056400000000000006,36.6,0.08,26.3,132.1,-0.2,-0.22
123778,7903423,10.57982,-34.143208,5.9,-1432,0.056400000000000006,36.6,0.08,26.3,132.1,-0.2,-0.22
123778,7903481,10.580377,-34.14176,3.9,-1432,0.0565,36.6,0.08,26.3,132.1,-0.2,-0.22
123778,7903483,10.580377,-34.14176,3.9,-1432,0.0565,36.6,0.08,26.3,132.1,-0.2,-0.22
123778,7903503,10.580497,-34.141987,1.6,-1432,0.0565,36.6,0.08,26.3,132.1,-0.2,-0.22
123778,7903507,10.58048,-34.142008,1.3,-1432,0.0565,36.6,0.08,26.3,132.1,-0.2,-0.22
123778,7903656,10.580575,-34.137365,7.2,-1431,0.0565,36.6,0.08,26.3,132.20000000000002,-0.2,-0.22
123778,7904777,10.578848,-34.101833,8.3,-1425,0.0516,36.6,0.08,26.400000000000002,132.5,-0.2,-0.21
123778,7911274,10.493437,-33.881442,8.6,-1413,0.054700000000000006,36.6,0.08,26.400000000000002,133.,-0.22,-0.11
123778,7928863,9.981643,-33.954957,7.7,-1254,0.058,36.5,0.05,26.400000000000002,122.80000000000001,-0.29,-0.24
123778,7930623,9.925062,-33.981337,7.4,-1268,0.0596,36.5,0.04,26.400000000000002,121.2,-0.29,-0.26
123778,7931343,9.902513,-33.99197,7.5,-1245,0.0584,36.5,0.04,26.400000000000002,121.80000000000001,-0.29,-0.26
123778,7932414,9.894788,-33.99259,1.4,-1246,0.0585,36.5,0.04,26.400000000000002,122.,-0.29,-0.27
123778,7933732,9.897938,-33.984942,1.1,-1245,0.058100000000000006,36.5,0.04,26.400000000000002,121.80000000000001,-0.29,-0.26
123778,7934994,9.899018,-33.977112,1.3,-1244,0.0577,36.5,0.04,26.400000000000002,121.7,-0.29,-0.26
123778,7936115,9.900755,-33.970257,1.1,-1243,0.057300000000000004,36.5,0.04,26.400000000000002,121.5,-0.29,-0.26
123778,7937453,9.902182,-33.962488,1.1,-1242,0.0568,36.5,0.04,26.400000000000002,121.4,-0.29,-0.25
123778,7938843,9.904127,-33.95521,1.1,-1242,0.0592,36.5,0.04,26.400000000000002,121.2,-0.29,-0.25
123778,7940132,9.906148,-33.947763,1.3,-1241,0.0589,36.5,0.04,26.400000000000002,121.10000000000001,-0.29,-0.25
123778,7941102,9.908335,-33.942382,1.3,-1241,0.0587,36.5,0.04,26.400000000000002,120.9,-0.29,-0.25
123778,7941162,9.90847,-33.942058,1.3,-1241,0.0587,36.5,0.04,26.400000000000002,120.9,-0.29,-0.25
123778,7941183,9.908515,-33.941948,1.3,-1241,0.0587,36.5,0.04,26.400000000000002,120.9,-0.29,-0.25
123778,7941242,9.908645,-33.94162,1.3,-1241,0.0587,36.5,0.04,26.400000000000002,120.9,-0.29,-0.25
123778,7941261,9.90869,-33.941513,1.3,-1241,0.0587,36.5,0.04,26.400000000000002,120.9,-0.29,-0.25
123778,7941321,9.90885,-33.941187,1.3,-1241,0.0587,36.5,0.04,26.400000000000002,120.9,-0.29,-0.25
123778,7941322,9.90885,-33.941187,1.3,-1241,0.0587,36.5,0.04,26.400000000000002,120.9,-0.29,-0.25
123778,7941331,9.908877,-33.941132,1.3,-1241,0.0587,36.5,0.04,26.400000000000002,120.9,-0.29,-0.25
123778,7941372,9.908995,-33.94091,1.3,-1241,0.0587,36.5,0.04,26.400000000000002,120.9,-0.29,-0.25
123778,7941373,9.908995,-33.94091,1.3,-1241,0.0587,36.5,0.04,26.400000000000002,120.9,-0.29,-0.25
123778,7941381,9.909017,-33.940862,1.3,-1241,0.0587,36.5,0.04,26.400000000000002,120.9,-0.29,-0.25
123778,7941382,9.909017,-33.940862,1.3,-1241,0.0587,36.5,0.04,26.400000000000002,120.9,-0.29,-0.25
123778,7941554,9.909472,-33.939952,1.2,-1241,0.058600000000000006,36.5,0.04,26.400000000000002,120.9,-0.29,-0.25
123778,7942635,9.912487,-33.934323,1.3,-1241,0.0584,36.5,0.04,26.400000000000002,120.7,-0.29,-0.24