TrackNumber,Time(seconds),Latitude,Longitude,SOG,oceanic depth,Chlorophyll Concentration,Salinity,Water Surface Elevation,Sea Temperature,Thermocline Depth,Eastward Water Velocity,Northward Water Velocity
107321,0,43.75643,-10.03467,9.1,-866,0.3501,35.6,-0.56,18.8,10.4,-0.04,0.02
107321,1080,43.712253,-10.024758,9.6,-762,0.4047,35.6,-0.56,18.7,10.4,0.05,0.01
107321,6357,43.505213,-10.010862,9.,-748,0.3687,35.6,-0.54,18.2,22.6,0.21,-0.1
107321,7437,43.46629,-10.012728,9.1,-720,0.39440000000000003,35.6,-0.54,17.900000000000002,27.3,0.12,-0.08
107321,8338,43.431015,-10.018427,9.5,-709,0.4122,35.6,-0.54,17.7,27.900000000000002,0.04,-0.06
107321,9420,43.382723,-10.027995,9.2,-713,0.4398,35.6,-0.54,17.6,20.700000000000003,-0.03,0.
107321,10502,43.337057,-10.0441,9.2,-682,0.4671,35.6,-0.55,17.6,18.7,-0.09,0.05
107321,11579,43.290598,-10.05926,9.1,-706,0.4263,35.6,-0.56,17.7,12.200000000000001,-0.12,0.11
107321,12659,43.244148,-10.065792,8.9,-744,0.41290000000000004,35.6,-0.56,17.8,10.,-0.09,0.16
107321,13739,43.196367,-10.066972,9.6,-712,0.41250000000000003,35.7,-0.5700000000000001,17.8,10.,-0.03,0.2
107321,14641,43.165407,-10.067883,8.5,-757,0.4388,35.7,-0.5700000000000001,17.7,10.,0.02,0.22
107321,15722,43.119062,-10.069002,9.5,-749,0.45420000000000005,35.7,-0.5700000000000001,17.5,10.,0.09,0.25
107321,16802,43.074267,-10.067128,8.9,-789,0.45580000000000004,35.7,-0.5700000000000001,17.5,10.4,0.15,0.28
107321,17882,43.029168,-10.06321,8.9,-762,0.4899,35.7,-0.5700000000000001,17.5,11.3,0.22,0.3
107321,18962,42.982975,-10.06042,9.2,-773,0.5473,35.7,-0.56,17.6,13.8,0.32,0.32
107321,20042,42.934045,-10.060968,10.5,-748,0.5725,35.7,-0.54,17.6,14.600000000000001,0.39,0.33
107321,21121,42.890342,-10.030045,10.4,-709,0.5643,35.7,-0.52,17.7,15.,0.43,0.33
107321,22200,42.861627,-9.97726,9.9,-666,0.5638000000000001,35.6,-0.5,17.7,16.3,0.43,0.29
107321,23101,42.84422,-9.940093,9.7,-649,0.5652,35.6,-0.48,17.6,16.1,0.41000000000000003,0.24
107321,24181,42.814873,-9.887588,9.8,-612,0.5946,35.6,-0.47000000000000003,17.6,15.5,0.37,0.16
107321,25262,42.785132,-9.83667,8.8,-577,0.6822,35.6,-0.45,17.5,14.4,0.31,0.07
107321,26343,42.75359,-9.78817,9.5,-495,0.7669,35.6,-0.44,17.3,16.400000000000002,0.23,-0.01
107321,27420,42.726367,-9.735115,8.9,-430,0.8585,35.6,-0.44,17.3,18.400000000000002,0.14,-0.06
107321,28500,42.699228,-9.687218,8.,-392,0.9138000000000001,35.6,-0.44,17.3,19.6,0.08,-0.09
107321,29579,42.671752,-9.639778,9.5,-250,1.2664,35.6,-0.44,17.2,17.5,0.03,-0.14
107321,30659,42.643268,-9.591392,9.5,-355,1.3757000000000001,35.6,-0.45,17.2,16.7,0.01,-0.17
107321,31740,42.614942,-9.544655,8.2,-217,1.9868000000000001,35.6,-0.45,17.2,21.400000000000002,0.02,-0.15
107321,32820,42.587713,-9.49704,8.9,-61,2.5663,35.6,-0.46,17.1,20.5,0.04,-0.09
107321,33751,42.559823,-9.44613,7.9,-226,2.2565,35.6,-0.47000000000000003,17.1,14.9,0.05,0.01
107321,34752,42.538132,-9.396778,7.8,-75,1.8559,35.6,-0.47000000000000003,17.3,13.700000000000001,0.05,0.11
107321,35692,42.515258,-9.350732,9.3,-81,1.4585000000000001,35.6,-0.47000000000000003,17.5,13.4,0.05,0.17
107321,36599,42.499952,-9.323542,9.2,-63,1.2716,35.6,-0.47000000000000003,17.6,13.4,0.05,0.19
107321,37523,42.465322,-9.267067,9.4,-86,1.115,35.6,-0.46,17.900000000000002,13.9,0.05,0.17
107321,38578,42.439817,-9.227367,8.9,-30,1.0916000000000001,35.6,-0.46,18.,16.3,0.04,0.12
107321,39492,42.412518,-9.179133,9.3,-58,1.094,35.6,-0.45,18.2,18.2,0.03,0.05
107321,40393,42.390802,-9.137042,9.2,-29,1.7062000000000002,35.6,-0.45,18.400000000000002,18.400000000000002,0.04,-0.01
107321,41342,42.367987,-9.091915,9.6,-30,1.1674,35.6,-0.45,18.400000000000002,17.7,0.04,-0.02
107321,42282,42.34583,-9.045395,8.8,-24,2.123,35.6,-0.45,18.3,16.,0.04,-0.03
107321,43221,42.32283,-8.999815,9.,-22,3.4327,35.6,-0.45,18.,13.3,0.05,-0.02
107321,44142,42.29784,-8.957095,9.8,-19,2.3705000000000003,35.7,-0.45,17.6,10.8,0.04,-0.02
107321,45057,42.273943,-8.919635,9.6,-16,3.0851,35.7,-0.45,17.7,10.8,0.02,0.04
107321,45961,42.239433,-8.886908,8.8,-8,7.9096,35.7,-0.45,18.1,10.200000000000001,0.01,0.11
107321,46966,42.231572,-8.834233,9.4,8,5.089700000000001,35.7,-0.45,18.2,10.200000000000001,0.01,0.13
107321,47875,42.234097,-8.780272,9.7,48,-99999,-99999.,-99999.,-99999.,-99999.,-99999.,-99999.
107321,48832,42.233368,-8.738318,3.4,12,-99999,-99999.,-99999.,-99999.,-99999.,-99999.,-99999.
107321,49911,42.233982,-8.735467,0.,12,-99999,-99999.,-99999.,-99999.,-99999.,-99999.,-99999.
107321,50812,42.233988,-8.735493,0.,12,-99999,-99999.,-99999.,-99999.,-99999.,-99999.,-99999.
107321,51892,42.233977,-8.735477,0.,12,-99999,-99999.,-99999.,-99999.,-99999.,-99999.,-99999.
107321,82314,42.233972,-8.735508,0.2,12,-99999,-99999.,-99999.,-99999.,-99999.,-99999.,-99999.
107321,83575,42.233985,-8.735495,0.,12,-99999,-99999.,-99999.,-99999.,-99999.,-99999.,-99999.
107321,84657,42.240715,-8.732722,3.2,10,-99999,-99999.,-99999.,-99999.,-99999.,-99999.,-99999.
107321,85735,42.239463,-8.729232,0.,11,-99999,-99999.,-99999.,-99999.,-99999.,-99999.,-99999.
107321,86817,42.239437,-8.729248,0.,11,-99999,-99999.,-99999.,-99999.,-99999.,-99999.,-99999.
107321,87894,42.239407,-8.729247,0.,11,-99999,-99999.,-99999.,-99999.,-99999.,-99999.,-99999.
107321,88975,42.239403,-8.729232,0.,11,-99999,-99999.,-99999.,-99999.,-99999.,-99999.,-99999.
107321,90053,42.239372,-8.729235,0.,11,-99999,-99999.,-99999.,-99999.,-99999.,-99999.,-99999.
107321,91138,42.239372,-8.729243,0.,11,-99999,-99999.,-99999.,-99999.,-99999.,-99999.,-99999.
107321,92217,42.239392,-8.729227,0.,11,-99999,-99999.,-99999.,-99999.,-99999.,-99999.,-99999.
107321,93472,42.23941,-8.729213,0.,11,-99999,-99999.,-99999.,-99999.,-99999.,-99999.,-99999.
107321,94549,42.239405,-8.729215,0.,11,-99999,-99999.,-99999.,-99999.,-99999.,-99999.,-99999.
107321,95628,42.239398,-8.729242,0.,11,-99999,-99999.,-99999.,-99999.,-99999.,-99999.,-99999.
107321,96708,42.239402,-8.729217,0.,11,-99999,-99999.,-99999.,-99999.,-99999.,-99999.,-99999.
107321,97614,42.239388,-8.729205,0.,11,-99999,-99999.,-99999.,-99999.,-99999.,-99999.,-99999.
107321,98516,42.23941,-8.729237,0.,11,-99999,-99999.,-99999.,-99999.,-99999.,-99999.,-99999.
107321,99591,42.239407,-8.729182,0.,11,-99999,-99999.,-99999.,-99999.,-99999.,-99999.,-99999.
107321,100493,42.23941,-8.729158,0.,11,-99999,-99999.,-99999.,-99999.,-99999.,-99999.,-99999.
107321,101577,42.239407,-8.729197,0.,11,-99999,-99999.,-99999.,-99999.,-99999.,-99999.,-99999.
107321,102481,42.239397,-8.72919,0.,11,-99999,-99999.,-99999.,-99999.,-99999.,-99999.,-99999.
107321,103735,42.239402,-8.729208,0.,11,-99999,-99999.,-99999.,-99999.,-99999.,-99999.,-99999.
107321,110106,42.239432,-8.729215,0.,11,-99999,-99999.,-99999.,-99999.,-99999.,-99999.,-99999.
107321,1659122,42.23896,-8.730073,0.,11,-99999,-99999.,-99999.,-99999.,-99999.,-99999.,-99999.
107321,1660023,42.238967,-8.730043,0.,11,-99999,-99999.,-99999.,-99999.,-99999.,-99999.,-99999.
107321,1660924,42.238958,-8.730042,0.,11,-99999,-99999.,-99999.,-99999.,-99999.,-99999.,-99999.
107321,1661825,42.238973,-8.73,0.,11,-99999,-99999.,-99999.,-99999.,-99999.,-99999.,-99999.
107321,2612720,42.238942,-8.730025,0.,11,-99999,-99999.,-99999.,-99999.,-99999.,-99999.,-99999.
107321,4162965,42.238983,-8.730003,0.,11,-99999,-99999.,-99999.,-99999.,-99999.,-99999.,-99999.
107321,4164047,42.23895,-8.730068,0.,11,-99999,-99999.,-99999.,-99999.,-99999.,-99999.,-99999.
107321,4165128,42.238962,-8.729987,0.,11,-99999,-99999.,-99999.,-99999.,-99999.,-99999.,-99999.
107321,4166388,42.238958,-8.730017,0.,11,-99999,-99999.,-99999.,-99999.,-99999.,-99999.,-99999.
107321,4167337,42.234445,-8.738877,5.7,11,-99999,-99999.,-99999.,-99999.,-99999.,-99999.,-99999.
107321,4168512,42.230767,-8.750402,0.,73,-99999,-99999.,-99999.,-99999.,-99999.,-99999.,-99999.
107321,4169449,42.230737,-8.750338,0.,73,-99999,-99999.,-99999.,-99999.,-99999.,-99999.,-99999.
107321,4170713,42.2307,-8.750357,0.,73,-99999,-99999.,-99999.,-99999.,-99999.,-99999.,-99999.
107321,4171970,42.230723,-8.750408,0.,73,-99999,-99999.,-99999.,-99999.,-99999.,-99999.,-99999.
107321,4173230,42.230722,-8.750358,0.,73,-99999,-99999.,-99999.,-99999.,-99999.,-99999.,-99999.
107321,4174131,42.230782,-8.750368,0.,73,-99999,-99999.,-99999.,-99999.,-99999.,-99999.,-99999.
107321,4175389,42.230752,-8.750368,0.,73,-99999,-99999.,-99999.,-99999.,-99999.,-99999.,-99999.
107321,4176650,42.230798,-8.750363,0.,73,-99999,-99999.,-99999.,-99999.,-99999.,-99999.,-99999.
107321,4177733,42.230763,-8.75034,0.,73,-99999,-99999.,-99999.,-99999.,-99999.,-99999.,-99999.
107321,4178990,42.230752,-8.750365,0.,73,-99999,-99999.,-99999.,-99999.,-99999.,-99999.,-99999.
107321,4180070,42.230797,-8.750325,0.,73,-99999,-99999.,-99999.,-99999.,-99999.,-99999.,-99999.
107321,4181326,42.230832,-8.750342,0.,73,-99999,-99999.,-99999.,-99999.,-99999.,-99999.,-99999.
107321,4182406,42.230817,-8.750337,0.,73,-99999,-99999.,-99999.,-99999.,-99999.,-99999.,-99999.
107321,4183307,42.230792,-8.750347,0.,73,-99999,-99999.,-99999.,-99999.,-99999.,-99999.,-99999.
107321,4184388,42.230777,-8.750342,0.,73,-99999,-99999.,-99999.,-99999.,-99999.,-99999.,-99999.
107321,4185470,42.230782,-8.750342,0.,73,-99999,-99999.,-99999.,-99999.,-99999.,-99999.,-99999.
107321,4186546,42.230798,-8.750375,0.,73,-99999,-99999.,-99999.,-99999.,-99999.,-99999.,-99999.
107321,4187623,42.230782,-8.75036,0.,73,-99999,-99999.,-99999.,-99999.,-99999.,-99999.,-99999.
107321,4188699,42.23077,-8.750372,0.,73,-99999,-99999.,-99999.,-99999.,-99999.,-99999.,-99999.
107321,4189607,42.230778,-8.750368,0.,73,-99999,-99999.,-99999.,-99999.,-99999.,-99999.,-99999.
107321,4190509,42.230765,-8.75036,0.,73,-99999,-99999.,-99999.,-99999.,-99999.,-99999.,-99999.
107321,4191585,42.230792,-8.750368,0.,73,-99999,-99999.,-99999.,-99999.,-99999.,-99999.,-99999.
107321,4192486,42.230793,-8.750355,0.,73,-99999,-99999.,-99999.,-99999.,-99999.,-99999.,-99999.
107321,4193563,42.230777,-8.750365,0.,73,-99999,-99999.,-99999.,-99999.,-99999.,-99999.,-99999.
107321,4194643,42.230775,-8.750357,0.,73,-99999,-99999.,-99999.,-99999.,-99999.,-99999.,-99999.
107321,4195723,42.230787,-8.750362,0.,73,-99999,-99999.,-99999.,-99999.,-99999.,-99999.,-99999.
107321,4196803,42.230785,-8.750372,0.,73,-99999,-99999.,-99999.,-99999.,-99999.,-99999.,-99999.
107321,4197883,42.230767,-8.75036,0.,73,-99999,-99999.,-99999.,-99999.,-99999.,-99999.,-99999.
107321,4198957,42.230785,-8.750382,0.,73,-99999,-99999.,-99999.,-99999.,-99999.,-99999.,-99999.
107321,4199859,42.230772,-8.750362,0.,73,-99999,-99999.,-99999.,-99999.,-99999.,-99999.,-99999.
107321,4200910,42.230762,-8.750392,0.,73,-99999,-99999.,-99999.,-99999.,-99999.,-99999.,-99999.
107321,4201835,42.230777,-8.750363,0.,73,-99999,-99999.,-99999.,-99999.,-99999.,-99999.,-99999.
107321,4202748,42.230753,-8.750387,0.,73,-99999,-99999.,-99999.,-99999.,-99999.,-99999.,-99999.
107321,4203711,42.23076,-8.750383,0.,73,-99999,-99999.,-99999.,-99999.,-99999.,-99999.,-99999.
107321,4204649,42.230757,-8.75031,0.,73,-99999,-99999.,-99999.,-99999.,-99999.,-99999.,-99999.
107321,4205553,42.230752,-8.750355,0.,73,-99999,-99999.,-99999.,-99999.,-99999.,-99999.,-99999.
107321,4206515,42.230765,-8.750362,0.,73,-99999,-99999.,-99999.,-99999.,-99999.,-99999.,-99999.
107321,4207543,42.230767,-8.750365,0.,73,-99999,-99999.,-99999.,-99999.,-99999.,-99999.,-99999.
107321,4208461,42.230775,-8.750378,0.,73,-99999,-99999.,-99999.,-99999.,-99999.,-99999.,-99999.
107321,4209389,42.230777,-8.750338,0.,73,-99999,-99999.,-99999.,-99999.,-99999.,-99999.,-99999.
107321,4209613,42.230778,-8.750348,0.,73,-99999,-99999.,-99999.,-99999.,-99999.,-99999.,-99999.
107321,4210297,42.230752,-8.750338,0.,73,-99999,-99999.,-99999.,-99999.,-99999.,-99999.,-99999.
107321,4210529,42.230753,-8.750378,0.,73,-99999,-99999.,-99999.,-99999.,-99999.,-99999.,-99999.
107321,4211375,42.230765,-8.750343,0.,73,-99999,-99999.,-99999.,-99999.,-99999.,-99999.,-99999.
107321,4211491,42.230777,-8.750362,0.,73,-99999,-99999.,-99999.,-99999.,-99999.,-99999.,-99999.
107321,4212452,42.230745,-8.750372,0.,73,-99999,-99999.,-99999.,-99999.,-99999.,-99999.,-99999.
107321,4213353,42.230772,-8.750415,0.,73,-99999,-99999.,-99999.,-99999.,-99999.,-99999.,-99999.
107321,4214434,42.230795,-8.750355,0.,73,-99999,-99999.,-99999.,-99999.,-99999.,-99999.,-99999.
107321,4215515,42.230785,-8.75035,0.,73,-99999,-99999.,-99999.,-99999.,-99999.,-99999.,-99999.
107321,4216510,42.230792,-8.75039,0.,73,-99999,-99999.,-99999.,-99999.,-99999.,-99999.,-99999.
107321,4217496,42.230783,-8.750387,0.,73,-99999,-99999.,-99999.,-99999.,-99999.,-99999.,-99999.
107321,4218572,42.230798,-8.750388,0.,73,-99999,-99999.,-99999.,-99999.,-99999.,-99999.,-99999.
107321,4219473,42.230755,-8.75039,0.,73,-99999,-99999.,-99999.,-99999.,-99999.,-99999.,-99999.
107321,4220732,42.230822,-8.75041,0.,73,-99999,-99999.,-99999.,-99999.,-99999.,-99999.,-99999.
107321,4221638,42.230777,-8.750403,0.,73,-99999,-99999.,-99999.,-99999.,-99999.,-99999.,-99999.
107321,4222714,42.230752,-8.750388,0.,73,-99999,-99999.,-99999.,-99999.,-99999.,-99999.,-99999.
107321,4223951,42.23075,-8.750347,0.,73,-99999,-99999.,-99999.,-99999.,-99999.,-99999.,-99999.
107321,4224875,42.230782,-8.750403,0.,73,-99999,-99999.,-99999.,-99999.,-99999.,-99999.,-99999.
107321,4225512,42.230772,-8.7504,0.,73,-99999,-99999.,-99999.,-99999.,-99999.,-99999.,-99999.
107321,4225953,42.230717,-8.750375,0.,73,-99999,-99999.,-99999.,-99999.,-99999.,-99999.,-99999.
107321,4226857,42.230775,-8.750403,0.,73,-99999,-99999.,-99999.,-99999.,-99999.,-99999.,-99999.
107321,4227933,42.230782,-8.750377,0.,73,-99999,-99999.,-99999.,-99999.,-99999.,-99999.,-99999.
107321,4228835,42.230738,-8.750358,0.,73,-99999,-99999.,-99999.,-99999.,-99999.,-99999.,-99999.
107321,4229808,42.230782,-8.750385,0.,73,-99999,-99999.,-99999.,-99999.,-99999.,-99999.,-99999.
107321,4230932,42.23077,-8.750368,0.,73,-99999,-99999.,-99999.,-99999.,-99999.,-99999.,-99999.
107321,4231148,42.230772,-8.750375,0.,73,-99999,-99999.,-99999.,-99999.,-99999.,-99999.,-99999.
107321,4232073,42.230772,-8.750378,0.,73,-99999,-99999.,-99999.,-99999.,-99999.,-99999.,-99999.
107321,4232270,42.230727,-8.750378,0.,73,-99999,-99999.,-99999.,-99999.,-99999.,-99999.,-99999.
107321,4233208,42.230765,-8.75033,0.,73,-99999,-99999.,-99999.,-99999.,-99999.,-99999.,-99999.
107321,4234056,42.23072,-8.750332,0.,73,-99999,-99999.,-99999.,-99999.,-99999.,-99999.,-99999.
107321,4234529,42.230772,-8.750332,0.,73,-99999,-99999.,-99999.,-99999.,-99999.,-99999.,-99999.
107321,4235136,42.230768,-8.75039,0.,73,-99999,-99999.,-99999.,-99999.,-99999.,-99999.,-99999.
107321,4235632,42.230782,-8.750358,0.,73,-99999,-99999.,-99999.,-99999.,-99999.,-99999.,-99999.
107321,4236216,42.230777,-8.750383,0.,73,-99999,-99999.,-99999.,-99999.,-99999.,-99999.,-99999.
107321,4236652,42.230753,-8.750348,0.,73,-99999,-99999.,-99999.,-99999.,-99999.,-99999.,-99999.
107321,4237298,42.230768,-8.75035,0.,73,-99999,-99999.,-99999.,-99999.,-99999.,-99999.,-99999.
107321,4238029,42.23073,-8.750358,0.,73,-99999,-99999.,-99999.,-99999.,-99999.,-99999.,-99999.
107321,4239091,42.230763,-8.75035,0.,73,-99999,-99999.,-99999.,-99999.,-99999.,-99999.,-99999.
107321,4239610,42.230798,-8.750355,0.,73,-99999,-99999.,-99999.,-99999.,-99999.,-99999.,-99999.
107321,4240570,42.230777,-8.750355,0.,73,-99999,-99999.,-99999.,-99999.,-99999.,-99999.,-99999.
107321,4241543,42.230737,-8.750353,0.,73,-99999,-99999.,-99999.,-99999.,-99999.,-99999.,-99999.
107321,4242450,42.230758,-8.750358,0.,73,-99999,-99999.,-99999.,-99999.,-99999.,-99999.,-99999.
107321,4243431,42.230757,-8.750347,0.,73,-99999,-99999.,-99999.,-99999.,-99999.,-99999.,-99999.
107321,4244371,42.230742,-8.750387,0.,73,-99999,-99999.,-99999.,-99999.,-99999.,-99999.,-99999.
107321,4245391,42.23071,-8.750355,0.,73,-99999,-99999.,-99999.,-99999.,-99999.,-99999.,-99999.
107321,4246389,42.23081,-8.750405,0.,73,-99999,-99999.,-99999.,-99999.,-99999.,-99999.,-99999.
107321,4247389,42.230773,-8.750353,0.,73,-99999,-99999.,-99999.,-99999.,-99999.,-99999.,-99999.
107321,4248430,42.23075,-8.750375,0.,73,-99999,-99999.,-99999.,-99999.,-99999.,-99999.,-99999.
107321,4249349,42.230757,-8.750388,0.,73,-99999,-99999.,-99999.,-99999.,-99999.,-99999.,-99999.
107321,4250309,42.230767,-8.750383,0.,73,-99999,-99999.,-99999.,-99999.,-99999.,-99999.,-99999.
107321,4251293,42.230768,-8.750382,0.,73,-99999,-99999.,-99999.,-99999.,-99999.,-99999.,-99999.
107321,4252270,42.230775,-8.750355,0.,73,-99999,-99999.,-99999.,-99999.,-99999.,-99999.,-99999.
107321,4253181,42.230762,-8.750385,0.,73,-99999,-99999.,-99999.,-99999.,-99999.,-99999.,-99999.
107321,4254133,42.230753,-8.750348,0.,73,-99999,-99999.,-99999.,-99999.,-99999.,-99999.,-99999.
107321,4255161,42.230753,-8.750312,0.,73,-99999,-99999.,-99999.,-99999.,-99999.,-99999.,-99999.
107321,4256169,42.230768,-8.750358,0.,73,-99999,-99999.,-99999.,-99999.,-99999.,-99999.,-99999.
107321,4257191,42.23081,-8.750315,0.,73,-99999,-99999.,-99999.,-99999.,-99999.,-99999.,-99999.
107321,4258183,42.230842,-8.750352,0.,73,-99999,-99999.,-99999.,-99999.,-99999.,-99999.,-99999.
107321,4259111,42.230747,-8.75038,0.,73,-99999,-99999.,-99999.,-99999.,-99999.,-99999.,-99999.
107321,4260352,42.230807,-8.750378,0.,73,-99999,-99999.,-99999.,-99999.,-99999.,-99999.,-99999.
107321,4261692,42.23075,-8.750383,0.,73,-99999,-99999.,-99999.,-99999.,-99999.,-99999.,-99999.
107321,4262612,42.230735,-8.750395,0.,73,-99999,-99999.,-99999.,-99999.,-99999.,-99999.,-99999.
107321,4263532,42.230757,-8.750357,0.,73,-99999,-99999.,-99999.,-99999.,-99999.,-99999.,-99999.
107321,4264468,42.230753,-8.750382,0.,73,-99999,-99999.,-99999.,-99999.,-99999.,-99999.,-99999.
107321,4265472,42.230747,-8.750345,0.,73,-99999,-99999.,-99999.,-99999.,-99999.,-99999.,-99999.
107321,4266441,42.230748,-8.750327,0.,73,-99999,-99999.,-99999.,-99999.,-99999.,-99999.,-99999.
107321,4267369,42.2308,-8.75035,0.,73,-99999,-99999.,-99999.,-99999.,-99999.,-99999.,-99999.
107321,4268330,42.230803,-8.75034,0.,73,-99999,-99999.,-99999.,-99999.,-99999.,-99999.,-99999.
107321,4269282,42.230795,-8.750357,0.,73,-99999,-99999.,-99999.,-99999.,-99999.,-99999.,-99999.
107321,4270259,42.230768,-8.750337,0.,73,-99999,-99999.,-99999.,-99999.,-99999.,-99999.,-99999.
107321,4271211,42.230803,-8.750353,0.,73,-99999,-99999.,-99999.,-99999.,-99999.,-99999.,-99999.
107321,4272152,42.23079,-8.750375,0.,73,-99999,-99999.,-99999.,-99999.,-99999.,-99999.,-99999.
107321,4273119,42.230767,-8.750357,0.,73,-99999,-99999.,-99999.,-99999.,-99999.,-99999.,-99999.
107321,4274021,42.230758,-8.750385,0.,73,-99999,-99999.,-99999.,-99999.,-99999.,-99999.,-99999.
107321,4275002,42.230802,-8.75033,0.,73,-99999,-99999.,-99999.,-99999.,-99999.,-99999.,-99999.
107321,4275959,42.230808,-8.750373,0.,73,-99999,-99999.,-99999.,-99999.,-99999.,-99999.,-99999.
107321,4276931,42.230778,-8.750358,0.,73,-99999,-99999.,-99999.,-99999.,-99999.,-99999.,-99999.
107321,4277880,42.230802,-8.750348,0.,73,-99999,-99999.,-99999.,-99999.,-99999.,-99999.,-99999.
107321,4278828,42.230788,-8.750348,0.,73,-99999,-99999.,-99999.,-99999.,-99999.,-99999.,-99999.
107321,4279780,42.230783,-8.75034,0.,73,-99999,-99999.,-99999.,-99999.,-99999.,-99999.,-99999.
107321,4280792,42.230795,-8.750378,0.,73,-99999,-99999.,-99999.,-99999.,-99999.,-99999.,-99999.
107321,4281750,42.230785,-8.750373,0.,73,-99999,-99999.,-99999.,-99999.,-99999.,-99999.,-99999.
107321,4282654,42.230793,-8.750352,0.,73,-99999,-99999.,-99999.,-99999.,-99999.,-99999.,-99999.
107321,4283662,42.230787,-8.750373,0.,73,-99999,-99999.,-99999.,-99999.,-99999.,-99999.,-99999.
107321,4284621,42.230795,-8.750388,0.,73,-99999,-99999.,-99999.,-99999.,-99999.,-99999.,-99999.
107321,4285534,42.23079,-8.750385,0.,73,-99999,-99999.,-99999.,-99999.,-99999.,-99999.,-99999.
107321,4286435,42.230778,-8.75039,0.,73,-99999,-99999.,-99999.,-99999.,-99999.,-99999.,-99999.
107321,4287371,42.230777,-8.750385,0.,73,-99999,-99999.,-99999.,-99999.,-99999.,-99999.,-99999.
107321,4288320,42.230753,-8.75041,0.,73,-99999,-99999.,-99999.,-99999.,-99999.,-99999.,-99999.
107321,4289281,42.230755,-8.750388,0.,73,-99999,-99999.,-99999.,-99999.,-99999.,-99999.,-99999.
107321,4290217,42.230752,-8.750347,0.,73,-99999,-99999.,-99999.,-99999.,-99999.,-99999.,-99999.
107321,4291213,42.230768,-8.750333,0.,73,-99999,-99999.,-99999.,-99999.,-99999.,-99999.,-99999.
107321,4292193,42.230768,-8.750362,0.,73,-99999,-99999.,-99999.,-99999.,-99999.,-99999.,-99999.
107321,4293161,42.230778,-8.750363,0.,73,-99999,-99999.,-99999.,-99999.,-99999.,-99999.,-99999.
107321,4294102,42.230763,-8.750352,0.,73,-99999,-99999.,-99999.,-99999.,-99999.,-99999.,-99999.
107321,4295050,42.230752,-8.750388,0.,73,-99999,-99999.,-99999.,-99999.,-99999.,-99999.,-99999.
107321,4296022,42.230752,-8.750373,0.,73,-99999,-99999.,-99999.,-99999.,-99999.,-99999.,-99999.
107321,4296991,42.230785,-8.750347,0.,73,-99999,-99999.,-99999.,-99999.,-99999.,-99999.,-99999.
107321,4297951,42.230757,-8.750358,0.,73,-99999,-99999.,-99999.,-99999.,-99999.,-99999.,-99999.
107321,4298899,42.230788,-8.750368,0.,73,-99999,-99999.,-99999.,-99999.,-99999.,-99999.,-99999.
107321,4299869,42.230818,-8.750387,0.,73,-99999,-99999.,-99999.,-99999.,-99999.,-99999.,-99999.
107321,4300830,42.230785,-8.750378,0.,73,-99999,-99999.,-99999.,-99999.,-99999.,-99999.,-99999.
107321,4301735,42.230817,-8.750338,0.,73,-99999,-99999.,-99999.,-99999.,-99999.,-99999.,-99999.
107321,4302710,42.230795,-8.750365,0.,73,-99999,-99999.,-99999.,-99999.,-99999.,-99999.,-99999.
107321,4303672,42.230785,-8.750363,0.,73,-99999,-99999.,-99999.,-99999.,-99999.,-99999.,-99999.
107321,4304616,42.230802,-8.750402,0.,73,-99999,-99999.,-99999.,-99999.,-99999.,-99999.,-99999.
107321,4305601,42.230747,-8.750423,0.,73,-99999,-99999.,-99999.,-99999.,-99999.,-99999.,-99999.
107321,4306560,42.230777,-8.750397,0.,73,-99999,-99999.,-99999.,-99999.,-99999.,-99999.,-99999.
107321,4307532,42.230778,-8.750395,0.,73,-99999,-99999.,-99999.,-99999.,-99999.,-99999.,-99999.
107321,4308500,42.230787,-8.750385,0.,73,-99999,-99999.,-99999.,-99999.,-99999.,-99999.,-99999.
107321,4309441,42.230782,-8.750393,0.,73,-99999,-99999.,-99999.,-99999.,-99999.,-99999.,-99999.
107321,4310389,42.230775,-8.75035,0.,73,-99999,-99999.,-99999.,-99999.,-99999.,-99999.,-99999.
107321,4311359,42.230713,-8.750347,0.,73,-99999,-99999.,-99999.,-99999.,-99999.,-99999.,-99999.
107321,4312311,42.230763,-8.75036,0.,73,-99999,-99999.,-99999.,-99999.,-99999.,-99999.,-99999.
107321,4313259,42.230825,-8.750383,0.,73,-99999,-99999.,-99999.,-99999.,-99999.,-99999.,-99999.
107321,4314212,42.230785,-8.75037,0.,73,-99999,-99999.,-99999.,-99999.,-99999.,-99999.,-99999.
107321,4315173,42.230803,-8.750367,0.,73,-99999,-99999.,-99999.,-99999.,-99999.,-99999.,-99999.
107321,4315528,42.230762,-8.750392,0.,73,-99999,-99999.,-99999.,-99999.,-99999.,-99999.,-99999.
107321,4316080,42.230757,-8.75037,0.,73,-99999,-99999.,-99999.,-99999.,-99999.,-99999.,-99999.
107321,4317012,42.230753,-8.750392,0.,73,-99999,-99999.,-99999.,-99999.,-99999.,-99999.,-99999.
107321,4317028,42.230763,-8.750382,0.,73,-99999,-99999.,-99999.,-99999.,-99999.,-99999.,-99999.
107321,4317968,42.230772,-8.750357,0.,73,-99999,-99999.,-99999.,-99999.,-99999.,-99999.,-99999.
107321,4318149,42.230757,-8.75039,0.,73,-99999,-99999.,-99999.,-99999.,-99999.,-99999.,-99999.
107321,4318920,42.230753,-8.750385,0.,73,-99999,-99999.,-99999.,-99999.,-99999.,-99999.,-99999.
107321,4319689,42.230742,-8.750338,0.,73,-99999,-99999.,-99999.,-99999.,-99999.,-99999.,-99999.
107321,4319853,42.230748,-8.750388,0.,73,-99999,-99999.,-99999.,-99999.,-99999.,-99999.,-99999.
107321,4320759,42.230747,-8.750375,0.,73,-99999,-99999.,-99999.,-99999.,-99999.,-99999.,-99999.
107321,4321072,42.230767,-8.750368,0.,73,-99999,-99999.,-99999.,-99999.,-99999.,-99999.,-99999.
107321,4321688,42.23075,-8.750385,0.,73,-99999,-99999.,-99999.,-99999.,-99999.,-99999.,-99999.
107321,4322033,42.230785,-8.750377,0.,73,-99999,-99999.,-99999.,-99999.,-99999.,-99999.,-99999.
107321,4322633,42.230737,-8.750368,0.,73,-99999,-99999.,-99999.,-99999.,-99999.,-99999.,-99999.
107321,4323310,42.230717,-8.750373,0.,73,-99999,-99999.,-99999.,-99999.,-99999.,-99999.,-99999.
107321,4323580,42.230765,-8.750372,0.,73,-99999,-99999.,-99999.,-99999.,-99999.,-99999.,-99999.
107321,4324471,42.230732,-8.750375,0.,73,-99999,-99999.,-99999.,-99999.,-99999.,-99999.,-99999.
107321,4324559,42.230753,-8.750343,0.,73,-99999,-99999.,-99999.,-99999.,-99999.,-99999.,-99999.
107321,4325520,42.230785,-8.750347,0.,73,-99999,-99999.,-99999.,-99999.,-99999.,-99999.,-99999.
107321,4325611,42.23078,-8.750355,0.,73,-99999,-99999.,-99999.,-99999.,-99999.,-99999.,-99999.
107321,4326479,42.23077,-8.750385,0.,73,-99999,-99999.,-99999.,-99999.,-99999.,-99999.,-99999.
107321,4327291,42.230757,-8.750393,0.,73,-99999,-99999.,-99999.,-99999.,-99999.,-99999.,-99999.
107321,4327420,42.230737,-8.750365,0.,73,-99999,-99999.,-99999.,-99999.,-99999.,-99999.,-99999.
107321,4328340,42.230787,-8.750323,0.,73,-99999,-99999.,-99999.,-99999.,-99999.,-99999.,-99999.
107321,4329289,42.23076,-8.750355,0.,73,-99999,-99999.,-99999.,-99999.,-99999.,-99999.,-99999.
107321,4330250,42.230748,-8.750367,0.,73,-99999,-99999.,-99999.,-99999.,-99999.,-99999.,-99999.
107321,4331190,42.230803,-8.75043,0.,73,-99999,-99999.,-99999.,-99999.,-99999.,-99999.,-99999.
107321,4332162,42.23075,-8.750343,0.,73,-99999,-99999.,-99999.,-99999.,-99999.,-99999.,-99999.
107321,4333122,42.230777,-8.750378,0.,73,-99999,-99999.,-99999.,-99999.,-99999.,-99999.,-99999.
107321,4334062,42.230735,-8.750387,0.,73,-99999,-99999.,-99999.,-99999.,-99999.,-99999.,-99999.
107321,4334980,42.230723,-8.750375,0.,73,-99999,-99999.,-99999.,-99999.,-99999.,-99999.,-99999.
107321,4335882,42.230758,-8.750383,0.,73,-99999,-99999.,-99999.,-99999.,-99999.,-99999.,-99999.
107321,4336810,42.230793,-8.75038,0.,73,-99999,-99999.,-99999.,-99999.,-99999.,-99999.,-99999.
107321,4337791,42.230767,-8.750337,0.,73,-99999,-99999.,-99999.,-99999.,-99999.,-99999.,-99999.
107321,4338762,42.230778,-8.750327,0.,73,-99999,-99999.,-99999.,-99999.,-99999.,-99999.,-99999.
107321,4339740,42.230755,-8.750363,0.,73,-99999,-99999.,-99999.,-99999.,-99999.,-99999.,-99999.
107321,4340690,42.230757,-8.750358,0.,73,-99999,-99999.,-99999.,-99999.,-99999.,-99999.,-99999.
107321,4341643,42.230792,-8.750337,0.,73,-99999,-99999.,-99999.,-99999.,-99999.,-99999.,-99999.
107321,4342548,42.230785,-8.75035,0.,73,-99999,-99999.,-99999.,-99999.,-99999.,-99999.,-99999.
107321,4343805,42.230742,-8.750397,0.,73,-99999,-99999.,-99999.,-99999.,-99999.,-99999.,-99999.
107321,4344708,42.230785,-8.750363,0.,73,-99999,-99999.,-99999.,-99999.,-99999.,-99999.,-99999.
107321,4345785,42.23075,-8.750392,0.,73,-99999,-99999.,-99999.,-99999.,-99999.,-99999.,-99999.
107321,4346870,42.230787,-8.750347,0.,73,-99999,-99999.,-99999.,-99999.,-99999.,-99999.,-99999.
107321,4347830,42.230767,-8.75037,0.,73,-99999,-99999.,-99999.,-99999.,-99999.,-99999.,-99999.
107321,4348790,42.230768,-8.750365,0.,73,-99999,-99999.,-99999.,-99999.,-99999.,-99999.,-99999.
107321,4349739,42.230767,-8.750368,0.,73,-99999,-99999.,-99999.,-99999.,-99999.,-99999.,-99999.
107321,4350680,42.230773,-8.750372,0.,73,-99999,-99999.,-99999.,-99999.,-99999.,-99999.,-99999.
107321,4351612,42.230752,-8.750347,0.,73,-99999,-99999.,-99999.,-99999.,-99999.,-99999.,-99999.
107321,4352558,42.23074,-8.750305,0.,73,-99999,-99999.,-99999.,-99999.,-99999.,-99999.,-99999.
107321,4353510,42.230828,-8.750315,0.,73,-99999,-99999.,-99999.,-99999.,-99999.,-99999.,-99999.
107321,4354463,42.230762,-8.750327,0.,73,-99999,-99999.,-99999.,-99999.,-99999.,-99999.,-99999.
107321,4355456,42.230783,-8.750355,0.,73,-99999,-99999.,-99999.,-99999.,-99999.,-99999.,-99999.
107321,4356453,42.230787,-8.750318,0.,73,-99999,-99999.,-99999.,-99999.,-99999.,-99999.,-99999.
107321,4357414,42.230817,-8.750348,0.,73,-99999,-99999.,-99999.,-99999.,-99999.,-99999.,-99999.
107321,4358390,42.230783,-8.750357,0.,73,-99999,-99999.,-99999.,-99999.,-99999.,-99999.,-99999.
107321,4359335,42.23077,-8.750357,0.,73,-99999,-99999.,-99999.,-99999.,-99999.,-99999.,-99999.
107321,4360320,42.230788,-8.750335,0.,73,-99999,-99999.,-99999.,-99999.,-99999.,-99999.,-99999.
107321,4361270,42.230823,-8.750353,0.,73,-99999,-99999.,-99999.,-99999.,-99999.,-99999.,-99999.
107321,4362213,42.230778,-8.750347,0.,73,-99999,-99999.,-99999.,-99999.,-99999.,-99999.,-99999.
107321,4363115,42.230783,-8.750385,0.,73,-99999,-99999.,-99999.,-99999.,-99999.,-99999.,-99999.
107321,4364091,42.230768,-8.750342,0.,73,-99999,-99999.,-99999.,-99999.,-99999.,-99999.,-99999.
107321,4365059,42.230808,-8.750337,0.,73,-99999,-99999.,-99999.,-99999.,-99999.,-99999.,-99999.
107321,4366013,42.230782,-8.750368,0.,73,-99999,-99999.,-99999.,-99999.,-99999.,-99999.,-99999.
107321,4366962,42.230803,-8.750385,0.,73,-99999,-99999.,-99999.,-99999.,-99999.,-99999.,-99999.
107321,4367902,42.230795,-8.750375,0.,73,-99999,-99999.,-99999.,-99999.,-99999.,-99999.,-99999.
107321,4368862,42.230798,-8.75037,0.,73,-99999,-99999.,-99999.,-99999.,-99999.,-99999.,-99999.
107321,4369842,42.230795,-8.750385,0.,73,-99999,-99999.,-99999.,-99999.,-99999.,-99999.,-99999.
107321,4370812,42.230777,-8.750378,0.,73,-99999,-99999.,-99999.,-99999.,-99999.,-99999.,-99999.
107321,4371748,42.230783,-8.750392,0.,73,-99999,-99999.,-99999.,-99999.,-99999.,-99999.,-99999.
107321,4372721,42.230757,-8.750363,0.,73,-99999,-99999.,-99999.,-99999.,-99999.,-99999.,-99999.
107321,4373699,42.23076,-8.750427,0.,73,-99999,-99999.,-99999.,-99999.,-99999.,-99999.,-99999.
107321,4374623,42.230757,-8.75039,0.,73,-99999,-99999.,-99999.,-99999.,-99999.,-99999.,-99999.
107321,4375526,42.230763,-8.750392,0.,73,-99999,-99999.,-99999.,-99999.,-99999.,-99999.,-99999.
107321,4376438,42.230763,-8.750392,0.,73,-99999,-99999.,-99999.,-99999.,-99999.,-99999.,-99999.
107321,4377407,42.23076,-8.750353,0.,73,-99999,-99999.,-99999.,-99999.,-99999.,-99999.,-99999.
107321,4378371,42.230772,-8.750382,0.,73,-99999,-99999.,-99999.,-99999.,-99999.,-99999.,-99999.
107321,4379331,42.23076,-8.750378,0.,73,-99999,-99999.,-99999.,-99999.,-99999.,-99999.,-99999.
107321,4380280,42.230777,-8.750403,0.,73,-99999,-99999.,-99999.,-99999.,-99999.,-99999.,-99999.
107321,4381239,42.230783,-8.750437,0.,73,-99999,-99999.,-99999.,-99999.,-99999.,-99999.,-99999.
107321,4382186,42.230782,-8.750382,0.,73,-99999,-99999.,-99999.,-99999.,-99999.,-99999.,-99999.
107321,4383111,42.230768,-8.750372,0.,73,-99999,-99999.,-99999.,-99999.,-99999.,-99999.,-99999.
107321,4384079,42.23077,-8.750395,0.,73,-99999,-99999.,-99999.,-99999.,-99999.,-99999.,-99999.
107321,4385032,42.230767,-8.75036,0.,73,-99999,-99999.,-99999.,-99999.,-99999.,-99999.,-99999.
107321,4385960,42.230797,-8.7504,0.,73,-99999,-99999.,-99999.,-99999.,-99999.,-99999.,-99999.
107321,4386941,42.230802,-8.750395,0.,73,-99999,-99999.,-99999.,-99999.,-99999.,-99999.,-99999.
107321,4387890,42.23081,-8.750332,0.,73,-99999,-99999.,-99999.,-99999.,-99999.,-99999.,-99999.
107321,4388792,42.230777,-8.75035,0.,73,-99999,-99999.,-99999.,-99999.,-99999.,-99999.,-99999.
107321,4389746,42.230778,-8.750358,0.,73,-99999,-99999.,-99999.,-99999.,-99999.,-99999.,-99999.
107321,4390669,42.230773,-8.750368,0.,73,-99999,-99999.,-99999.,-99999.,-99999.,-99999.,-99999.
107321,4391650,42.230775,-8.750417,0.,73,-99999,-99999.,-99999.,-99999.,-99999.,-99999.,-99999.
107321,4392581,42.230787,-8.750373,0.,73,-99999,-99999.,-99999.,-99999.,-99999.,-99999.,-99999.
107321,4393489,42.23076,-8.750373,0.,73,-99999,-99999.,-99999.,-99999.,-99999.,-99999.,-99999.
107321,4394470,42.230785,-8.750427,0.,73,-99999,-99999.,-99999.,-99999.,-99999.,-99999.,-99999.
107321,4395419,42.230825,-8.750427,0.,73,-99999,-99999.,-99999.,-99999.,-99999.,-99999.,-99999.
107321,4396388,42.23079,-8.750362,0.,73,-99999,-99999.,-99999.,-99999.,-99999.,-99999.,-99999.
107321,4397349,42.230752,-8.750378,0.,73,-99999,-99999.,-99999.,-99999.,-99999.,-99999.,-99999.
107321,4398289,42.230725,-8.750368,0.,73,-99999,-99999.,-99999.,-99999.,-99999.,-99999.,-99999.
107321,4399130,42.230742,-8.750392,0.,73,-99999,-99999.,-99999.,-99999.,-99999.,-99999.,-99999.
107321,4399210,42.230738,-8.75037,0.,73,-99999,-99999.,-99999.,-99999.,-99999.,-99999.,-99999.
107321,4400222,42.230787,-8.750357,0.,73,-99999,-99999.,-99999.,-99999.,-99999.,-99999.,-99999.
107321,4400790,42.230737,-8.750347,0.,73,-99999,-99999.,-99999.,-99999.,-99999.,-99999.,-99999.
107321,4401202,42.230778,-8.750352,0.,73,-99999,-99999.,-99999.,-99999.,-99999.,-99999.,-99999.
107321,4401951,42.230732,-8.750433,0.,73,-99999,-99999.,-99999.,-99999.,-99999.,-99999.,-99999.
107321,4402200,42.23077,-8.750357,0.,73,-99999,-99999.,-99999.,-99999.,-99999.,-99999.,-99999.
107321,4403160,42.230768,-8.750367,0.,73,-99999,-99999.,-99999.,-99999.,-99999.,-99999.,-99999.
107321,4403392,42.230742,-8.750373,0.,73,-99999,-99999.,-99999.,-99999.,-99999.,-99999.,-99999.
107321,4404169,42.23078,-8.750372,0.,73,-99999,-99999.,-99999.,-99999.,-99999.,-99999.,-99999.
107321,4405181,42.230782,-8.75036,0.,73,-99999,-99999.,-99999.,-99999.,-99999.,-99999.,-99999.
107321,4405910,42.230772,-8.750352,0.,73,-99999,-99999.,-99999.,-99999.,-99999.,-99999.,-99999.
107321,4406130,42.230742,-8.750347,0.,73,-99999,-99999.,-99999.,-99999.,-99999.,-99999.,-99999.
107321,4407159,42.230728,-8.750348,0.,73,-99999,-99999.,-99999.,-99999.,-99999.,-99999.,-99999.
107321,4407672,42.230813,-8.750357,0.,73,-99999,-99999.,-99999.,-99999.,-99999.,-99999.,-99999.
107321,4408171,42.23076,-8.750377,0.,73,-99999,-99999.,-99999.,-99999.,-99999.,-99999.,-99999.
107321,4409111,42.230742,-8.750383,0.,73,-99999,-99999.,-99999.,-99999.,-99999.,-99999.,-99999.
107321,4409271,42.23074,-8.75035,0.,73,-99999,-99999.,-99999.,-99999.,-99999.,-99999.,-99999.
107321,4410072,42.230748,-8.750375,0.,73,-99999,-99999.,-99999.,-99999.,-99999.,-99999.,-99999.
107321,4411023,42.230753,-8.750357,0.,73,-99999,-99999.,-99999.,-99999.,-99999.,-99999.,-99999.
107321,4411072,42.230772,-8.750353,0.,73,-99999,-99999.,-99999.,-99999.,-99999.,-99999.,-99999.
107321,4411991,42.230783,-8.750368,0.,73,-99999,-99999.,-99999.,-99999.,-99999.,-99999.,-99999.
107321,4412171,42.23082,-8.750335,0.,73,-99999,-99999.,-99999.,-99999.,-99999.,-99999.,-99999.
107321,4412959,42.230773,-8.750337,0.,73,-99999,-99999.,-99999.,-99999.,-99999.,-99999.,-99999.
107321,4413863,42.23075,-8.75037,0.,73,-99999,-99999.,-99999.,-99999.,-99999.,-99999.,-99999.
107321,4414831,42.230762,-8.750385,0.,73,-99999,-99999.,-99999.,-99999.,-99999.,-99999.,-99999.
107321,4415800,42.230782,-8.750368,0.,73,-99999,-99999.,-99999.,-99999.,-99999.,-99999.,-99999.
107321,4416771,42.230753,-8.750353,0.,73,-99999,-99999.,-99999.,-99999.,-99999.,-99999.,-99999.
107321,4417731,42.230788,-8.750388,0.,73,-99999,-99999.,-99999.,-99999.,-99999.,-99999.,-99999.
107321,4418703,42.23082,-8.750363,0.,73,-99999,-99999.,-99999.,-99999.,-99999.,-99999.,-99999.
107321,4419651,42.230755,-8.75036,0.,73,-99999,-99999.,-99999.,-99999.,-99999.,-99999.,-99999.
107321,4420571,42.230737,-8.75038,0.,73,-99999,-99999.,-99999.,-99999.,-99999.,-99999.,-99999.
107321,4421603,42.230742,-8.750375,0.,73,-99999,-99999.,-99999.,-99999.,-99999.,-99999.,-99999.
107321,4422540,42.230748,-8.750405,0.,73,-99999,-99999.,-99999.,-99999.,-99999.,-99999.,-99999.
107321,4423457,42.230748,-8.750397,0.,73,-99999,-99999.,-99999.,-99999.,-99999.,-99999.,-99999.
107321,4424471,42.230773,-8.750337,0.,73,-99999,-99999.,-99999.,-99999.,-99999.,-99999.,-99999.
107321,4425422,42.230795,-8.750373,0.,73,-99999,-99999.,-99999.,-99999.,-99999.,-99999.,-99999.
107321,4426338,42.230775,-8.75039,0.,73,-99999,-99999.,-99999.,-99999.,-99999.,-99999.,-99999.
107321,4427239,42.230783,-8.75042,0.,73,-99999,-99999.,-99999.,-99999.,-99999.,-99999.,-99999.
107321,4428191,42.230787,-8.750345,0.,73,-99999,-99999.,-99999.,-99999.,-99999.,-99999.,-99999.
107321,4429148,42.230772,-8.750365,0.,73,-99999,-99999.,-99999.,-99999.,-99999.,-99999.,-99999.
107321,4430120,42.23073,-8.750392,0.,73,-99999,-99999.,-99999.,-99999.,-99999.,-99999.,-99999.
107321,4431092,42.230747,-8.75039,0.,73,-99999,-99999.,-99999.,-99999.,-99999.,-99999.,-99999.
107321,4432041,42.23075,-8.750402,0.,73,-99999,-99999.,-99999.,-99999.,-99999.,-99999.,-99999.
107321,4432990,42.230757,-8.750373,0.,73,-99999,-99999.,-99999.,-99999.,-99999.,-99999.,-99999.
107321,4434438,42.230785,-8.750343,0.,73,-99999,-99999.,-99999.,-99999.,-99999.,-99999.,-99999.
107321,4435878,42.230778,-8.750347,0.,73,-99999,-99999.,-99999.,-99999.,-99999.,-99999.,-99999.
107321,4437139,42.23078,-8.75038,0.,73,-99999,-99999.,-99999.,-99999.,-99999.,-99999.,-99999.
107321,4438577,42.230765,-8.750315,0.,73,-99999,-99999.,-99999.,-99999.,-99999.,-99999.,-99999.
107321,4439660,42.23081,-8.750308,0.,73,-99999,-99999.,-99999.,-99999.,-99999.,-99999.,-99999.
107321,4440639,42.230825,-8.750342,0.,73,-99999,-99999.,-99999.,-99999.,-99999.,-99999.,-99999.
107321,4441588,42.230758,-8.750367,0.,73,-99999,-99999.,-99999.,-99999.,-99999.,-99999.,-99999.
107321,4442579,42.230767,-8.750362,0.,73,-99999,-99999.,-99999.,-99999.,-99999.,-99999.,-99999.
107321,4443568,42.23076,-8.750363,0.,73,-99999,-99999.,-99999.,-99999.,-99999.,-99999.,-99999.
107321,4444485,42.230767,-8.750373,0.,73,-99999,-99999.,-99999.,-99999.,-99999.,-99999.,-99999.
107321,4445500,42.230775,-8.75037,0.,73,-99999,-99999.,-99999.,-99999.,-99999.,-99999.,-99999.
107321,4446448,42.230765,-8.750363,0.,73,-99999,-99999.,-99999.,-99999.,-99999.,-99999.,-99999.
107321,4447389,42.23078,-8.750377,0.,73,-99999,-99999.,-99999.,-99999.,-99999.,-99999.,-99999.
107321,4448370,42.230785,-8.750388,0.,73,-99999,-99999.,-99999.,-99999.,-99999.,-99999.,-99999.
107321,4449331,42.230772,-8.750357,0.,73,-99999,-99999.,-99999.,-99999.,-99999.,-99999.,-99999.
107321,4450321,42.230758,-8.750342,0.,73,-99999,-99999.,-99999.,-99999.,-99999.,-99999.,-99999.
107321,4451288,42.230777,-8.750363,0.,73,-99999,-99999.,-99999.,-99999.,-99999.,-99999.,-99999.
107321,4452210,42.23076,-8.750365,0.,73,-99999,-99999.,-99999.,-99999.,-99999.,-99999.,-99999.
107321,4453462,42.230782,-8.750343,0.,73,-99999,-99999.,-99999.,-99999.,-99999.,-99999.,-99999.
107321,4454542,42.2308,-8.750383,0.,73,-99999,-99999.,-99999.,-99999.,-99999.,-99999.,-99999.
107321,4455799,42.230782,-8.750383,0.,73,-99999,-99999.,-99999.,-99999.,-99999.,-99999.,-99999.
107321,4456877,42.230795,-8.750395,0.,73,-99999,-99999.,-99999.,-99999.,-99999.,-99999.,-99999.
107321,4457958,42.230788,-8.750393,0.,73,-99999,-99999.,-99999.,-99999.,-99999.,-99999.,-99999.
107321,4458859,42.230783,-8.750392,0.,73,-99999,-99999.,-99999.,-99999.,-99999.,-99999.,-99999.
107321,4459935,42.230762,-8.750378,0.,73,-99999,-99999.,-99999.,-99999.,-99999.,-99999.,-99999.
107321,4460836,42.230737,-8.750422,0.,73,-99999,-99999.,-99999.,-99999.,-99999.,-99999.,-99999.
107321,4462097,42.230757,-8.750375,0.,73,-99999,-99999.,-99999.,-99999.,-99999.,-99999.,-99999.
107321,4463174,42.230773,-8.750392,0.,73,-99999,-99999.,-99999.,-99999.,-99999.,-99999.,-99999.
107321,4464257,42.230763,-8.750367,0.,73,-99999,-99999.,-99999.,-99999.,-99999.,-99999.,-99999.
107321,4465332,42.230777,-8.75042,0.,73,-99999,-99999.,-99999.,-99999.,-99999.,-99999.,-99999.
107321,4466233,42.23077,-8.750372,0.,73,-99999,-99999.,-99999.,-99999.,-99999.,-99999.,-99999.
107321,4467313,42.230762,-8.750375,0.,73,-99999,-99999.,-99999.,-99999.,-99999.,-99999.,-99999.
107321,4468390,42.230767,-8.750357,0.,73,-99999,-99999.,-99999.,-99999.,-99999.,-99999.,-99999.
107321,4468890,42.23077,-8.750402,0.,73,-99999,-99999.,-99999.,-99999.,-99999.,-99999.,-99999.
107321,4469474,42.230795,-8.750385,0.,73,-99999,-99999.,-99999.,-99999.,-99999.,-99999.,-99999.
107321,4470552,42.23077,-8.750352,0.,73,-99999,-99999.,-99999.,-99999.,-99999.,-99999.,-99999.
107321,4470572,42.230737,-8.750365,0.,73,-99999,-99999.,-99999.,-99999.,-99999.,-99999.,-99999.
107321,4471632,42.230803,-8.7504,0.,73,-99999,-99999.,-99999.,-99999.,-99999.,-99999.,-99999.
107321,4472893,42.230775,-8.75039,0.,73,-99999,-99999.,-99999.,-99999.,-99999.,-99999.,-99999.
107321,4473975,42.230787,-8.750352,0.,73,-99999,-99999.,-99999.,-99999.,-99999.,-99999.,-99999.
107321,4475052,42.230795,-8.750345,0.,73,-99999,-99999.,-99999.,-99999.,-99999.,-99999.,-99999.
107321,4476310,42.230795,-8.750358,0.,73,-99999,-99999.,-99999.,-99999.,-99999.,-99999.,-99999.
107321,4477213,42.230803,-8.750332,0.,73,-99999,-99999.,-99999.,-99999.,-99999.,-99999.,-99999.
107321,4478289,42.230805,-8.750442,0.,73,-99999,-99999.,-99999.,-99999.,-99999.,-99999.,-99999.
107321,4479193,42.230807,-8.750438,0.,73,-99999,-99999.,-99999.,-99999.,-99999.,-99999.,-99999.
107321,4480273,42.230772,-8.750373,0.,73,-99999,-99999.,-99999.,-99999.,-99999.,-99999.,-99999.
107321,4481174,42.230763,-8.75039,0.,73,-99999,-99999.,-99999.,-99999.,-99999.,-99999.,-99999.
107321,4482432,42.230735,-8.750367,0.,73,-99999,-99999.,-99999.,-99999.,-99999.,-99999.,-99999.
107321,4483510,42.230778,-8.750353,0.,73,-99999,-99999.,-99999.,-99999.,-99999.,-99999.,-99999.
107321,4484413,42.230742,-8.750368,0.,73,-99999,-99999.,-99999.,-99999.,-99999.,-99999.,-99999.
107321,4485671,42.230747,-8.750392,0.,73,-99999,-99999.,-99999.,-99999.,-99999.,-99999.,-99999.
107321,4486752,42.230707,-8.750397,0.,73,-99999,-99999.,-99999.,-99999.,-99999.,-99999.,-99999.
107321,4488011,42.230745,-8.75038,0.,73,-99999,-99999.,-99999.,-99999.,-99999.,-99999.,-99999.
107321,4488921,42.230758,-8.750373,0.,73,-99999,-99999.,-99999.,-99999.,-99999.,-99999.,-99999.
107321,4489988,42.230778,-8.750385,0.,73,-99999,-99999.,-99999.,-99999.,-99999.,-99999.,-99999.
107321,4491070,42.23078,-8.750382,0.,73,-99999,-99999.,-99999.,-99999.,-99999.,-99999.,-99999.
107321,4492331,42.230767,-8.75037,0.,73,-99999,-99999.,-99999.,-99999.,-99999.,-99999.,-99999.
107321,4493414,42.230788,-8.750358,0.,73,-99999,-99999.,-99999.,-99999.,-99999.,-99999.,-99999.
107321,4494315,42.230807,-8.750362,0.,73,-99999,-99999.,-99999.,-99999.,-99999.,-99999.,-99999.
107321,4495395,42.230683,-8.750373,0.,73,-99999,-99999.,-99999.,-99999.,-99999.,-99999.,-99999.
107321,4496471,42.230753,-8.750363,0.,73,-99999,-99999.,-99999.,-99999.,-99999.,-99999.,-99999.
107321,4497372,42.230758,-8.750342,0.,73,-99999,-99999.,-99999.,-99999.,-99999.,-99999.,-99999.
107321,4497488,42.230745,-8.750368,0.,73,-99999,-99999.,-99999.,-99999.,-99999.,-99999.,-99999.
107321,4498451,42.230785,-8.750365,0.,73,-99999,-99999.,-99999.,-99999.,-99999.,-99999.,-99999.
107321,4499535,42.23077,-8.750358,0.,73,-99999,-99999.,-99999.,-99999.,-99999.,-99999.,-99999.
107321,4500618,42.23075,-8.750345,0.,73,-99999,-99999.,-99999.,-99999.,-99999.,-99999.,-99999.
107321,4501692,42.23079,-8.750313,0.,73,-99999,-99999.,-99999.,-99999.,-99999.,-99999.,-99999.
107321,4502596,42.230788,-8.750335,0.,73,-99999,-99999.,-99999.,-99999.,-99999.,-99999.,-99999.
107321,4503501,42.230772,-8.750385,0.,73,-99999,-99999.,-99999.,-99999.,-99999.,-99999.,-99999.
107321,4504577,42.23081,-8.750362,0.,73,-99999,-99999.,-99999.,-99999.,-99999.,-99999.,-99999.
107321,4505481,42.230755,-8.750373,0.,73,-99999,-99999.,-99999.,-99999.,-99999.,-99999.,-99999.
107321,4506563,42.23076,-8.750357,0.,73,-99999,-99999.,-99999.,-99999.,-99999.,-99999.,-99999.
107321,4507640,42.230708,-8.750368,0.,73,-99999,-99999.,-99999.,-99999.,-99999.,-99999.,-99999.
107321,4508724,42.230753,-8.750385,0.,73,-99999,-99999.,-99999.,-99999.,-99999.,-99999.,-99999.
107321,4509805,42.230758,-8.750383,0.,73,-99999,-99999.,-99999.,-99999.,-99999.,-99999.,-99999.
107321,4510888,42.2308,-8.75033,0.,73,-99999,-99999.,-99999.,-99999.,-99999.,-99999.,-99999.
107321,4511965,42.230775,-8.750352,0.,73,-99999,-99999.,-99999.,-99999.,-99999.,-99999.,-99999.
107321,4512870,42.230807,-8.750365,0.,73,-99999,-99999.,-99999.,-99999.,-99999.,-99999.,-99999.
107321,4513947,42.230793,-8.750325,0.,73,-99999,-99999.,-99999.,-99999.,-99999.,-99999.,-99999.
107321,4515027,42.230748,-8.750328,0.,73,-99999,-99999.,-99999.,-99999.,-99999.,-99999.,-99999.
107321,4516464,42.230722,-8.750397,0.,73,-99999,-99999.,-99999.,-99999.,-99999.,-99999.,-99999.
107321,4517368,42.230723,-8.75039,0.,73,-99999,-99999.,-99999.,-99999.,-99999.,-99999.,-99999.
107321,4518269,42.230797,-8.750378,0.,73,-99999,-99999.,-99999.,-99999.,-99999.,-99999.,-99999.
107321,4519526,42.230782,-8.75037,0.,73,-99999,-99999.,-99999.,-99999.,-99999.,-99999.,-99999.
107321,4520611,42.230773,-8.750338,0.,73,-99999,-99999.,-99999.,-99999.,-99999.,-99999.,-99999.
107321,4521689,42.230727,-8.750373,0.,73,-99999,-99999.,-99999.,-99999.,-99999.,-99999.,-99999.
107321,4522769,42.230758,-8.75035,0.,73,-99999,-99999.,-99999.,-99999.,-99999.,-99999.,-99999.
107321,4524027,42.230763,-8.750347,0.,73,-99999,-99999.,-99999.,-99999.,-99999.,-99999.,-99999.
107321,4526677,42.230782,-8.750353,0.,73,-99999,-99999.,-99999.,-99999.,-99999.,-99999.,-99999.
107321,4527934,42.230823,-8.750328,0.,73,-99999,-99999.,-99999.,-99999.,-99999.,-99999.,-99999.
107321,4529011,42.230772,-8.750383,0.,73,-99999,-99999.,-99999.,-99999.,-99999.,-99999.,-99999.
107321,4529915,42.230803,-8.750362,0.,73,-99999,-99999.,-99999.,-99999.,-99999.,-99999.,-99999.
107321,4530995,42.230768,-8.750365,0.,73,-99999,-99999.,-99999.,-99999.,-99999.,-99999.,-99999.
107321,4532072,42.230763,-8.750392,0.,73,-99999,-99999.,-99999.,-99999.,-99999.,-99999.,-99999.
107321,4532974,42.23077,-8.750348,0.,73,-99999,-99999.,-99999.,-99999.,-99999.,-99999.,-99999.
107321,4534054,42.230793,-8.750385,0.,73,-99999,-99999.,-99999.,-99999.,-99999.,-99999.,-99999.
107321,4535310,42.230797,-8.750362,0.,73,-99999,-99999.,-99999.,-99999.,-99999.,-99999.,-99999.
107321,4536211,42.230768,-8.750338,0.,73,-99999,-99999.,-99999.,-99999.,-99999.,-99999.,-99999.
107321,4537290,42.230785,-8.75036,0.,73,-99999,-99999.,-99999.,-99999.,-99999.,-99999.,-99999.
107321,4538370,42.230797,-8.750358,0.,73,-99999,-99999.,-99999.,-99999.,-99999.,-99999.,-99999.
107321,4539451,42.230827,-8.750335,0.,73,-99999,-99999.,-99999.,-99999.,-99999.,-99999.,-99999.
107321,4540528,42.230797,-8.75035,0.,73,-99999,-99999.,-99999.,-99999.,-99999.,-99999.,-99999.
107321,4541429,42.230807,-8.75036,0.,73,-99999,-99999.,-99999.,-99999.,-99999.,-99999.,-99999.
107321,4542509,42.23076,-8.750368,0.,73,-99999,-99999.,-99999.,-99999.,-99999.,-99999.,-99999.
107321,4543589,42.230788,-8.750352,0.,73,-99999,-99999.,-99999.,-99999.,-99999.,-99999.,-99999.
107321,4544490,42.230758,-8.750368,0.,73,-99999,-99999.,-99999.,-99999.,-99999.,-99999.,-99999.
107321,4545566,42.230765,-8.750378,0.,73,-99999,-99999.,-99999.,-99999.,-99999.,-99999.,-99999.
107321,4546640,42.230742,-8.750382,0.,73,-99999,-99999.,-99999.,-99999.,-99999.,-99999.,-99999.
107321,4547548,42.230745,-8.750405,0.,73,-99999,-99999.,-99999.,-99999.,-99999.,-99999.,-99999.
107321,4548625,42.230732,-8.750413,0.,73,-99999,-99999.,-99999.,-99999.,-99999.,-99999.,-99999.
107321,4549699,42.230757,-8.75041,0.,73,-99999,-99999.,-99999.,-99999.,-99999.,-99999.,-99999.
107321,4550603,42.230797,-8.750377,0.,73,-99999,-99999.,-99999.,-99999.,-99999.,-99999.,-99999.
107321,4551683,42.230802,-8.75038,0.,73,-99999,-99999.,-99999.,-99999.,-99999.,-99999.,-99999.
107321,4552764,42.230768,-8.750372,0.,73,-99999,-99999.,-99999.,-99999.,-99999.,-99999.,-99999.
107321,4553840,42.230795,-8.75038,0.,73,-99999,-99999.,-99999.,-99999.,-99999.,-99999.,-99999.
107321,4554741,42.23076,-8.750377,0.,73,-99999,-99999.,-99999.,-99999.,-99999.,-99999.,-99999.
107321,4555819,42.230778,-8.750395,0.,73,-99999,-99999.,-99999.,-99999.,-99999.,-99999.,-99999.
107321,4556897,42.230752,-8.750395,0.,73,-99999,-99999.,-99999.,-99999.,-99999.,-99999.,-99999.
107321,4557801,42.230775,-8.750365,0.,73,-99999,-99999.,-99999.,-99999.,-99999.,-99999.,-99999.
107321,4558749,42.230842,-8.75034,0.,73,-99999,-99999.,-99999.,-99999.,-99999.,-99999.,-99999.
107321,4558881,42.23077,-8.750357,0.,73,-99999,-99999.,-99999.,-99999.,-99999.,-99999.,-99999.
107321,4559688,42.230795,-8.75039,0.,73,-99999,-99999.,-99999.,-99999.,-99999.,-99999.,-99999.
107321,4559784,42.230792,-8.750402,0.,73,-99999,-99999.,-99999.,-99999.,-99999.,-99999.,-99999.
107321,4560860,42.230798,-8.750393,0.,73,-99999,-99999.,-99999.,-99999.,-99999.,-99999.,-99999.
107321,4561072,42.23079,-8.750358,0.,73,-99999,-99999.,-99999.,-99999.,-99999.,-99999.,-99999.
107321,4561992,42.230795,-8.750363,0.,73,-99999,-99999.,-99999.,-99999.,-99999.,-99999.,-99999.
107321,4562117,42.230817,-8.750355,0.,73,-99999,-99999.,-99999.,-99999.,-99999.,-99999.,-99999.
107321,4563204,42.230797,-8.75033,0.,73,-99999,-99999.,-99999.,-99999.,-99999.,-99999.,-99999.
107321,4563332,42.23076,-8.750388,0.,73,-99999,-99999.,-99999.,-99999.,-99999.,-99999.,-99999.
107321,4564461,42.230803,-8.750433,0.,73,-99999,-99999.,-99999.,-99999.,-99999.,-99999.,-99999.
107321,4565069,42.23079,-8.750395,0.,73,-99999,-99999.,-99999.,-99999.,-99999.,-99999.,-99999.
107321,4565362,42.230785,-8.750413,0.,73,-99999,-99999.,-99999.,-99999.,-99999.,-99999.,-99999.
107321,4566621,42.230782,-8.750398,0.,73,-99999,-99999.,-99999.,-99999.,-99999.,-99999.,-99999.
107321,4567389,42.230803,-8.75039,0.,73,-99999,-99999.,-99999.,-99999.,-99999.,-99999.,-99999.
107321,4567701,42.230745,-8.750397,0.,73,-99999,-99999.,-99999.,-99999.,-99999.,-99999.,-99999.
107321,4568471,42.230747,-8.750388,0.,73,-99999,-99999.,-99999.,-99999.,-99999.,-99999.,-99999.
107321,4568603,42.230725,-8.750377,0.,73,-99999,-99999.,-99999.,-99999.,-99999.,-99999.,-99999.
107321,4569504,42.230742,-8.75039,0.,73,-99999,-99999.,-99999.,-99999.,-99999.,-99999.,-99999.
107321,4569709,42.230698,-8.750335,0.,73,-99999,-99999.,-99999.,-99999.,-99999.,-99999.,-99999.
107321,4570582,42.230748,-8.75038,0.,73,-99999,-99999.,-99999.,-99999.,-99999.,-99999.,-99999.
107321,4571659,42.230727,-8.750377,0.,73,-99999,-99999.,-99999.,-99999.,-99999.,-99999.,-99999.
107321,4572231,42.230767,-8.750362,0.,73,-99999,-99999.,-99999.,-99999.,-99999.,-99999.,-99999.
107321,4572742,42.230765,-8.750367,0.,73,-99999,-99999.,-99999.,-99999.,-99999.,-99999.,-99999.
107321,4573452,42.230765,-8.750395,0.,73,-99999,-99999.,-99999.,-99999.,-99999.,-99999.,-99999.
107321,4573824,42.230755,-8.750398,0.,73,-99999,-99999.,-99999.,-99999.,-99999.,-99999.,-99999.
107321,4574902,42.230763,-8.750375,0.,73,-99999,-99999.,-99999.,-99999.,-99999.,-99999.,-99999.
107321,4575432,42.230747,-8.750363,0.,73,-99999,-99999.,-99999.,-99999.,-99999.,-99999.,-99999.
107321,4575821,42.23075,-8.750383,0.,73,-99999,-99999.,-99999.,-99999.,-99999.,-99999.,-99999.
107321,4576729,42.230768,-8.750385,0.,73,-99999,-99999.,-99999.,-99999.,-99999.,-99999.,-99999.
107321,4577066,42.230755,-8.750403,0.,73,-99999,-99999.,-99999.,-99999.,-99999.,-99999.,-99999.
107321,4578142,42.230772,-8.750332,0.,73,-99999,-99999.,-99999.,-99999.,-99999.,-99999.,-99999.
107321,4578490,42.230743,-8.750362,0.,73,-99999,-99999.,-99999.,-99999.,-99999.,-99999.,-99999.
107321,4579228,42.230777,-8.750318,0.,73,-99999,-99999.,-99999.,-99999.,-99999.,-99999.,-99999.
107321,4579411,42.23074,-8.750338,0.,73,-99999,-99999.,-99999.,-99999.,-99999.,-99999.,-99999.
107321,4580391,42.230742,-8.750353,0.,73,-99999,-99999.,-99999.,-99999.,-99999.,-99999.,-99999.
107321,4581389,42.230747,-8.750362,0.,73,-99999,-99999.,-99999.,-99999.,-99999.,-99999.,-99999.
107321,4581469,42.23076,-8.750367,0.,73,-99999,-99999.,-99999.,-99999.,-99999.,-99999.,-99999.
107321,4582465,42.230755,-8.750373,0.,73,-99999,-99999.,-99999.,-99999.,-99999.,-99999.,-99999.
107321,4582630,42.230773,-8.75036,0.,73,-99999,-99999.,-99999.,-99999.,-99999.,-99999.,-99999.
107321,4583725,42.230782,-8.750337,0.,73,-99999,-99999.,-99999.,-99999.,-99999.,-99999.,-99999.
107321,4583850,42.23076,-8.75034,0.,73,-99999,-99999.,-99999.,-99999.,-99999.,-99999.,-99999.
107321,4584806,42.230792,-8.750353,0.,73,-99999,-99999.,-99999.,-99999.,-99999.,-99999.,-99999.
107321,4585130,42.230755,-8.750428,0.,73,-99999,-99999.,-99999.,-99999.,-99999.,-99999.,-99999.
107321,4586066,42.230807,-8.750367,0.,73,-99999,-99999.,-99999.,-99999.,-99999.,-99999.,-99999.
107321,4586131,42.230787,-8.750378,0.,73,-99999,-99999.,-99999.,-99999.,-99999.,-99999.,-99999.
107321,4587147,42.230747,-8.75035,0.,73,-99999,-99999.,-99999.,-99999.,-99999.,-99999.,-99999.
107321,4588227,42.230773,-8.750378,0.,73,-99999,-99999.,-99999.,-99999.,-99999.,-99999.,-99999.
107321,4589487,42.230787,-8.750342,0.,73,-99999,-99999.,-99999.,-99999.,-99999.,-99999.,-99999.
107321,4590567,42.230738,-8.750352,0.,73,-99999,-99999.,-99999.,-99999.,-99999.,-99999.,-99999.
107321,4591469,42.230727,-8.750348,0.,73,-99999,-99999.,-99999.,-99999.,-99999.,-99999.,-99999.
107321,4592371,42.230772,-8.750373,0.,73,-99999,-99999.,-99999.,-99999.,-99999.,-99999.,-99999.
107321,4593272,42.230728,-8.750375,0.,73,-99999,-99999.,-99999.,-99999.,-99999.,-99999.,-99999.
107321,4594291,42.230758,-8.750387,0.,73,-99999,-99999.,-99999.,-99999.,-99999.,-99999.,-99999.
107321,4595249,42.230775,-8.750405,0.,73,-99999,-99999.,-99999.,-99999.,-99999.,-99999.,-99999.
107321,4596221,42.230752,-8.750345,0.,73,-99999,-99999.,-99999.,-99999.,-99999.,-99999.,-99999.
107321,4597198,42.23078,-8.750295,0.,73,-99999,-99999.,-99999.,-99999.,-99999.,-99999.,-99999.
107321,4598189,42.23076,-8.750328,0.,73,-99999,-99999.,-99999.,-99999.,-99999.,-99999.,-99999.
107321,4599137,42.230777,-8.75035,0.,73,-99999,-99999.,-99999.,-99999.,-99999.,-99999.,-99999.
107321,4600101,42.230783,-8.750342,0.,73,-99999,-99999.,-99999.,-99999.,-99999.,-99999.,-99999.
107321,4601006,42.230762,-8.75036,0.,73,-99999,-99999.,-99999.,-99999.,-99999.,-99999.,-99999.
107321,4601910,42.230777,-8.750332,0.,73,-99999,-99999.,-99999.,-99999.,-99999.,-99999.,-99999.
107321,4602882,42.230773,-8.750365,0.,73,-99999,-99999.,-99999.,-99999.,-99999.,-99999.,-99999.
107321,4603870,42.230742,-8.750398,0.,73,-99999,-99999.,-99999.,-99999.,-99999.,-99999.,-99999.
107321,4604790,42.230797,-8.750367,0.,73,-99999,-99999.,-99999.,-99999.,-99999.,-99999.,-99999.
107321,4605699,42.230767,-8.75038,0.,73,-99999,-99999.,-99999.,-99999.,-99999.,-99999.,-99999.
107321,4606633,42.230758,-8.750382,0.,73,-99999,-99999.,-99999.,-99999.,-99999.,-99999.,-99999.
107321,4607640,42.23075,-8.750393,0.,73,-99999,-99999.,-99999.,-99999.,-99999.,-99999.,-99999.
107321,4608560,42.230772,-8.750392,0.,73,-99999,-99999.,-99999.,-99999.,-99999.,-99999.,-99999.
107321,4609469,42.230767,-8.750402,0.,73,-99999,-99999.,-99999.,-99999.,-99999.,-99999.,-99999.
107321,4610462,42.230745,-8.750355,0.,73,-99999,-99999.,-99999.,-99999.,-99999.,-99999.,-99999.
107321,4611450,42.230763,-8.750373,0.,73,-99999,-99999.,-99999.,-99999.,-99999.,-99999.,-99999.
107321,4612471,42.23078,-8.750357,0.,73,-99999,-99999.,-99999.,-99999.,-99999.,-99999.,-99999.
107321,4613427,42.230793,-8.750337,0.,73,-99999,-99999.,-99999.,-99999.,-99999.,-99999.,-99999.
107321,4614328,42.230805,-8.750343,0.,73,-99999,-99999.,-99999.,-99999.,-99999.,-99999.,-99999.
107321,4615231,42.23079,-8.750353,0.,73,-99999,-99999.,-99999.,-99999.,-99999.,-99999.,-99999.
107321,4616170,42.230777,-8.750348,0.,73,-99999,-99999.,-99999.,-99999.,-99999.,-99999.,-99999.
107321,4617142,42.230787,-8.750353,0.,73,-99999,-99999.,-99999.,-99999.,-99999.,-99999.,-99999.
107321,4618103,42.230782,-8.750357,0.,73,-99999,-99999.,-99999.,-99999.,-99999.,-99999.,-99999.
107321,4619004,42.230805,-8.750363,0.,73,-99999,-99999.,-99999.,-99999.,-99999.,-99999.,-99999.
107321,4619906,42.230777,-8.750363,0.,73,-99999,-99999.,-99999.,-99999.,-99999.,-99999.,-99999.
107321,4620862,42.230773,-8.750357,0.,73,-99999,-99999.,-99999.,-99999.,-99999.,-99999.,-99999.
107321,4621811,42.230745,-8.750347,0.,73,-99999,-99999.,-99999.,-99999.,-99999.,-99999.,-99999.
107321,4622786,42.230743,-8.750368,0.,73,-99999,-99999.,-99999.,-99999.,-99999.,-99999.,-99999.
107321,4623730,42.230767,-8.750362,0.,73,-99999,-99999.,-99999.,-99999.,-99999.,-99999.,-99999.
107321,4624764,42.230777,-8.750363,0.,73,-99999,-99999.,-99999.,-99999.,-99999.,-99999.,-99999.
107321,4625850,42.230792,-8.750357,0.,73,-99999,-99999.,-99999.,-99999.,-99999.,-99999.,-99999.
107321,4626850,42.23079,-8.750372,0.,73,-99999,-99999.,-99999.,-99999.,-99999.,-99999.,-99999.
107321,4627793,42.230768,-8.750373,0.,73,-99999,-99999.,-99999.,-99999.,-99999.,-99999.,-99999.
107321,4628722,42.230767,-8.750387,0.,73,-99999,-99999.,-99999.,-99999.,-99999.,-99999.,-99999.
107321,4629661,42.230803,-8.750398,0.,73,-99999,-99999.,-99999.,-99999.,-99999.,-99999.,-99999.
107321,4630660,42.230763,-8.75036,0.,73,-99999,-99999.,-99999.,-99999.,-99999.,-99999.,-99999.
107321,4631641,42.230767,-8.750388,0.,73,-99999,-99999.,-99999.,-99999.,-99999.,-99999.,-99999.
107321,4632558,42.230775,-8.750373,0.,73,-99999,-99999.,-99999.,-99999.,-99999.,-99999.,-99999.
107321,4633579,42.230743,-8.750412,0.,73,-99999,-99999.,-99999.,-99999.,-99999.,-99999.,-99999.
107321,4634579,42.230733,-8.75039,0.,73,-99999,-99999.,-99999.,-99999.,-99999.,-99999.,-99999.
107321,4635490,42.230758,-8.750342,0.,73,-99999,-99999.,-99999.,-99999.,-99999.,-99999.,-99999.
107321,4636454,42.230767,-8.750353,0.,73,-99999,-99999.,-99999.,-99999.,-99999.,-99999.,-99999.
107321,4637362,42.23076,-8.750357,0.,73,-99999,-99999.,-99999.,-99999.,-99999.,-99999.,-99999.
107321,4638359,42.230763,-8.750353,0.,73,-99999,-99999.,-99999.,-99999.,-99999.,-99999.,-99999.
107321,4638908,42.23077,-8.750343,0.,73,-99999,-99999.,-99999.,-99999.,-99999.,-99999.,-99999.
107321,4639336,42.230758,-8.750407,0.,73,-99999,-99999.,-99999.,-99999.,-99999.,-99999.,-99999.
107321,4640213,42.230752,-8.75037,0.,73,-99999,-99999.,-99999.,-99999.,-99999.,-99999.,-99999.
107321,4640597,42.230762,-8.750382,0.,73,-99999,-99999.,-99999.,-99999.,-99999.,-99999.,-99999.
107321,4641675,42.230795,-8.750348,0.,73,-99999,-99999.,-99999.,-99999.,-99999.,-99999.,-99999.
107321,4642731,42.230773,-8.750377,0.,73,-99999,-99999.,-99999.,-99999.,-99999.,-99999.,-99999.
107321,4642936,42.23075,-8.750372,0.,73,-99999,-99999.,-99999.,-99999.,-99999.,-99999.,-99999.
107321,4643838,42.23081,-8.750403,0.,73,-99999,-99999.,-99999.,-99999.,-99999.,-99999.,-99999.
107321,4643950,42.230797,-8.750365,0.,73,-99999,-99999.,-99999.,-99999.,-99999.,-99999.,-99999.
107321,4644915,42.230815,-8.750357,0.,73,-99999,-99999.,-99999.,-99999.,-99999.,-99999.,-99999.
107321,4645071,42.230795,-8.750388,0.,73,-99999,-99999.,-99999.,-99999.,-99999.,-99999.,-99999.
107321,4645991,42.230822,-8.750382,0.,73,-99999,-99999.,-99999.,-99999.,-99999.,-99999.,-99999.
107321,4646359,42.230802,-8.750357,0.,73,-99999,-99999.,-99999.,-99999.,-99999.,-99999.,-99999.
107321,4646991,42.230757,-8.750383,0.,73,-99999,-99999.,-99999.,-99999.,-99999.,-99999.,-99999.
107321,4647441,42.230798,-8.750337,0.,73,-99999,-99999.,-99999.,-99999.,-99999.,-99999.,-99999.
107321,4648111,42.230792,-8.750367,0.,73,-99999,-99999.,-99999.,-99999.,-99999.,-99999.,-99999.
107321,4648519,42.230813,-8.75034,0.,73,-99999,-99999.,-99999.,-99999.,-99999.,-99999.,-99999.
107321,4649071,42.230783,-8.750395,0.,73,-99999,-99999.,-99999.,-99999.,-99999.,-99999.,-99999.
107321,4649775,42.230773,-8.750387,0.,73,-99999,-99999.,-99999.,-99999.,-99999.,-99999.,-99999.
107321,4650171,42.230792,-8.750393,0.,73,-99999,-99999.,-99999.,-99999.,-99999.,-99999.,-99999.
107321,4651149,42.230783,-8.750385,0.,73,-99999,-99999.,-99999.,-99999.,-99999.,-99999.,-99999.
107321,4651933,42.230777,-8.75039,0.,73,-99999,-99999.,-99999.,-99999.,-99999.,-99999.,-99999.
107321,4652149,42.230778,-8.7504,0.,73,-99999,-99999.,-99999.,-99999.,-99999.,-99999.,-99999.
107321,4652834,42.230772,-8.750405,0.,73,-99999,-99999.,-99999.,-99999.,-99999.,-99999.,-99999.
107321,4653353,42.230738,-8.750407,0.,73,-99999,-99999.,-99999.,-99999.,-99999.,-99999.,-99999.
107321,4653917,42.230738,-8.75037,0.,73,-99999,-99999.,-99999.,-99999.,-99999.,-99999.,-99999.
107321,4654369,42.230775,-8.75038,0.,73,-99999,-99999.,-99999.,-99999.,-99999.,-99999.,-99999.
107321,4654994,42.230768,-8.75037,0.,73,-99999,-99999.,-99999.,-99999.,-99999.,-99999.,-99999.
107321,4655389,42.230772,-8.750382,0.,73,-99999,-99999.,-99999.,-99999.,-99999.,-99999.,-99999.
107321,4656073,42.230752,-8.750383,0.,73,-99999,-99999.,-99999.,-99999.,-99999.,-99999.,-99999.
107321,4656410,42.230735,-8.750362,0.,73,-99999,-99999.,-99999.,-99999.,-99999.,-99999.,-99999.
107321,4657470,42.230788,-8.750337,0.,73,-99999,-99999.,-99999.,-99999.,-99999.,-99999.,-99999.
107321,4657878,42.230745,-8.750352,0.,73,-99999,-99999.,-99999.,-99999.,-99999.,-99999.,-99999.
107321,4658710,42.23079,-8.750375,0.,73,-99999,-99999.,-99999.,-99999.,-99999.,-99999.,-99999.
107321,4658955,42.23078,-8.750358,0.,73,-99999,-99999.,-99999.,-99999.,-99999.,-99999.,-99999.
107321,4659651,42.230755,-8.750387,0.,73,-99999,-99999.,-99999.,-99999.,-99999.,-99999.,-99999.
107321,4660397,42.230768,-8.750432,0.,73,-99999,-99999.,-99999.,-99999.,-99999.,-99999.,-99999.
107321,4660569,42.23079,-8.75037,0.,73,-99999,-99999.,-99999.,-99999.,-99999.,-99999.,-99999.
107321,4661710,42.230782,-8.750338,0.,73,-99999,-99999.,-99999.,-99999.,-99999.,-99999.,-99999.
107321,4661839,42.230728,-8.75037,0.,73,-99999,-99999.,-99999.,-99999.,-99999.,-99999.,-99999.
107321,4663011,42.230782,-8.750372,0.,73,-99999,-99999.,-99999.,-99999.,-99999.,-99999.,-99999.
107321,4663279,42.230767,-8.750378,0.,73,-99999,-99999.,-99999.,-99999.,-99999.,-99999.,-99999.
107321,4664128,42.230758,-8.750337,0.,73,-99999,-99999.,-99999.,-99999.,-99999.,-99999.,-99999.
107321,4664536,42.23077,-8.750325,0.,73,-99999,-99999.,-99999.,-99999.,-99999.,-99999.,-99999.
107321,4665072,42.230758,-8.750357,0.,73,-99999,-99999.,-99999.,-99999.,-99999.,-99999.,-99999.
107321,4665977,42.230798,-8.750372,0.,73,-99999,-99999.,-99999.,-99999.,-99999.,-99999.,-99999.
107321,4666069,42.230802,-8.750357,0.,73,-99999,-99999.,-99999.,-99999.,-99999.,-99999.,-99999.
107321,4667057,42.230773,-8.750348,0.,73,-99999,-99999.,-99999.,-99999.,-99999.,-99999.,-99999.
107321,4667089,42.23073,-8.750368,0.,73,-99999,-99999.,-99999.,-99999.,-99999.,-99999.,-99999.
107321,4667959,42.230752,-8.750377,0.,73,-99999,-99999.,-99999.,-99999.,-99999.,-99999.,-99999.
107321,4668091,42.23076,-8.750373,0.,73,-99999,-99999.,-99999.,-99999.,-99999.,-99999.,-99999.
107321,4669208,42.23075,-8.750362,0.,73,-99999,-99999.,-99999.,-99999.,-99999.,-99999.,-99999.
107321,4669399,42.230757,-8.750358,0.,73,-99999,-99999.,-99999.,-99999.,-99999.,-99999.,-99999.
107321,4670331,42.230787,-8.75034,0.,73,-99999,-99999.,-99999.,-99999.,-99999.,-99999.,-99999.
107321,4671431,42.23078,-8.750348,0.,73,-99999,-99999.,-99999.,-99999.,-99999.,-99999.,-99999.
107321,4671564,42.230788,-8.750342,0.,73,-99999,-99999.,-99999.,-99999.,-99999.,-99999.,-99999.
107321,4672643,42.230747,-8.750363,0.,73,-99999,-99999.,-99999.,-99999.,-99999.,-99999.,-99999.
107321,4673651,42.230768,-8.750357,0.,73,-99999,-99999.,-99999.,-99999.,-99999.,-99999.,-99999.
107321,4673903,42.230758,-8.750373,0.,73,-99999,-99999.,-99999.,-99999.,-99999.,-99999.,-99999.
107321,4674805,42.230765,-8.750348,0.,73,-99999,-99999.,-99999.,-99999.,-99999.,-99999.,-99999.
107321,4675748,42.230745,-8.750352,0.,73,-99999,-99999.,-99999.,-99999.,-99999.,-99999.,-99999.
107321,4676688,42.230815,-8.750355,0.,73,-99999,-99999.,-99999.,-99999.,-99999.,-99999.,-99999.
107321,4677682,42.230788,-8.750335,0.,73,-99999,-99999.,-99999.,-99999.,-99999.,-99999.,-99999.
107321,4678585,42.23076,-8.750367,0.,73,-99999,-99999.,-99999.,-99999.,-99999.,-99999.,-99999.
107321,4679610,42.23073,-8.750367,0.,73,-99999,-99999.,-99999.,-99999.,-99999.,-99999.,-99999.
107321,4680622,42.230745,-8.750365,0.,73,-99999,-99999.,-99999.,-99999.,-99999.,-99999.,-99999.
107321,4681530,42.230783,-8.750363,0.,73,-99999,-99999.,-99999.,-99999.,-99999.,-99999.,-99999.
107321,4682528,42.230772,-8.750317,0.,73,-99999,-99999.,-99999.,-99999.,-99999.,-99999.,-99999.
107321,4683607,42.230788,-8.750365,0.,73,-99999,-99999.,-99999.,-99999.,-99999.,-99999.,-99999.
107321,4684520,42.230788,-8.750363,0.,73,-99999,-99999.,-99999.,-99999.,-99999.,-99999.,-99999.
107321,4685461,42.230753,-8.750333,0.,73,-99999,-99999.,-99999.,-99999.,-99999.,-99999.,-99999.
107321,4686540,42.230782,-8.750312,0.,73,-99999,-99999.,-99999.,-99999.,-99999.,-99999.,-99999.
107321,4687452,42.230785,-8.750353,0.,73,-99999,-99999.,-99999.,-99999.,-99999.,-99999.,-99999.
107321,4688381,42.230773,-8.75038,0.,73,-99999,-99999.,-99999.,-99999.,-99999.,-99999.,-99999.
107321,4689329,42.230803,-8.75038,0.,73,-99999,-99999.,-99999.,-99999.,-99999.,-99999.,-99999.
107321,4690285,42.23078,-8.750352,0.,73,-99999,-99999.,-99999.,-99999.,-99999.,-99999.,-99999.
107321,4691051,42.2308,-8.75037,0.,73,-99999,-99999.,-99999.,-99999.,-99999.,-99999.,-99999.
107321,4691279,42.230792,-8.750355,0.,73,-99999,-99999.,-99999.,-99999.,-99999.,-99999.,-99999.
107321,4692201,42.230782,-8.750368,0.,73,-99999,-99999.,-99999.,-99999.,-99999.,-99999.,-99999.
107321,4693112,42.23074,-8.75036,0.,73,-99999,-99999.,-99999.,-99999.,-99999.,-99999.,-99999.
107321,4694061,42.230777,-8.750365,0.,73,-99999,-99999.,-99999.,-99999.,-99999.,-99999.,-99999.
107321,4694967,42.230773,-8.750408,0.,73,-99999,-99999.,-99999.,-99999.,-99999.,-99999.,-99999.
107321,4695969,42.23076,-8.750343,0.,73,-99999,-99999.,-99999.,-99999.,-99999.,-99999.,-99999.
107321,4696945,42.23079,-8.750295,0.,73,-99999,-99999.,-99999.,-99999.,-99999.,-99999.,-99999.
107321,4698201,42.230757,-8.750333,0.,73,-99999,-99999.,-99999.,-99999.,-99999.,-99999.,-99999.
107321,4699282,42.230808,-8.75033,0.,73,-99999,-99999.,-99999.,-99999.,-99999.,-99999.,-99999.
107321,4700358,42.23078,-8.75034,0.,73,-99999,-99999.,-99999.,-99999.,-99999.,-99999.,-99999.
107321,4702342,42.23081,-8.750368,0.,73,-99999,-99999.,-99999.,-99999.,-99999.,-99999.,-99999.
107321,4703423,42.23078,-8.750365,0.,73,-99999,-99999.,-99999.,-99999.,-99999.,-99999.,-99999.
107321,4704328,42.230763,-8.750353,0.,73,-99999,-99999.,-99999.,-99999.,-99999.,-99999.,-99999.
107321,4705310,42.230762,-8.750387,0.,73,-99999,-99999.,-99999.,-99999.,-99999.,-99999.,-99999.
107321,4706299,42.230788,-8.75035,0.,73,-99999,-99999.,-99999.,-99999.,-99999.,-99999.,-99999.
107321,4707231,42.230782,-8.75037,0.,73,-99999,-99999.,-99999.,-99999.,-99999.,-99999.,-99999.
107321,4708221,42.230747,-8.750368,0.,73,-99999,-99999.,-99999.,-99999.,-99999.,-99999.,-99999.
107321,4709169,42.230778,-8.750365,0.,73,-99999,-99999.,-99999.,-99999.,-99999.,-99999.,-99999.
107321,4710081,42.23082,-8.750333,0.,73,-99999,-99999.,-99999.,-99999.,-99999.,-99999.,-99999.
107321,4711342,42.230765,-8.750365,0.,73,-99999,-99999.,-99999.,-99999.,-99999.,-99999.,-99999.
107321,4712291,42.230798,-8.75035,0.,73,-99999,-99999.,-99999.,-99999.,-99999.,-99999.,-99999.
107321,4713250,42.230792,-8.750342,0.,73,-99999,-99999.,-99999.,-99999.,-99999.,-99999.,-99999.
107321,4714272,42.230762,-8.750387,0.,73,-99999,-99999.,-99999.,-99999.,-99999.,-99999.,-99999.
107321,4715208,42.230778,-8.750355,0.,73,-99999,-99999.,-99999.,-99999.,-99999.,-99999.,-99999.
107321,4716169,42.230802,-8.750365,0.,73,-99999,-99999.,-99999.,-99999.,-99999.,-99999.,-99999.
107321,4717098,42.230777,-8.750347,0.,73,-99999,-99999.,-99999.,-99999.,-99999.,-99999.,-99999.
107321,4718000,42.230762,-8.750377,0.,73,-99999,-99999.,-99999.,-99999.,-99999.,-99999.,-99999.
107321,4718972,42.230758,-8.750355,0.,73,-99999,-99999.,-99999.,-99999.,-99999.,-99999.,-99999.
107321,4719980,42.230758,-8.750375,0.,73,-99999,-99999.,-99999.,-99999.,-99999.,-99999.,-99999.
107321,4720881,42.230725,-8.75039,0.,73,-99999,-99999.,-99999.,-99999.,-99999.,-99999.,-99999.
107321,4721829,42.230742,-8.750387,0.,73,-99999,-99999.,-99999.,-99999.,-99999.,-99999.,-99999.
107321,4722858,42.230758,-8.750365,0.,73,-99999,-99999.,-99999.,-99999.,-99999.,-99999.,-99999.
107321,4723761,42.230768,-8.750402,0.,73,-99999,-99999.,-99999.,-99999.,-99999.,-99999.,-99999.
107321,4724741,42.230753,-8.750358,0.,73,-99999,-99999.,-99999.,-99999.,-99999.,-99999.,-99999.
107321,4724789,42.230762,-8.75037,0.,73,-99999,-99999.,-99999.,-99999.,-99999.,-99999.,-99999.
107321,4725722,42.230758,-8.750382,0.,73,-99999,-99999.,-99999.,-99999.,-99999.,-99999.,-99999.
107321,4725790,42.230755,-8.75036,0.,73,-99999,-99999.,-99999.,-99999.,-99999.,-99999.,-99999.
107321,4726952,42.230772,-8.750377,0.,73,-99999,-99999.,-99999.,-99999.,-99999.,-99999.,-99999.
107321,4727177,42.23078,-8.75038,0.,73,-99999,-99999.,-99999.,-99999.,-99999.,-99999.,-99999.
107321,4728253,42.230795,-8.750407,0.,73,-99999,-99999.,-99999.,-99999.,-99999.,-99999.,-99999.
107321,4728409,42.230775,-8.750358,0.,73,-99999,-99999.,-99999.,-99999.,-99999.,-99999.,-99999.
107321,4729339,42.230795,-8.750348,0.,73,-99999,-99999.,-99999.,-99999.,-99999.,-99999.,-99999.
107321,4729571,42.230783,-8.750403,0.,73,-99999,-99999.,-99999.,-99999.,-99999.,-99999.,-99999.
107321,4730591,42.2308,-8.75039,0.,73,-99999,-99999.,-99999.,-99999.,-99999.,-99999.,-99999.
107321,4730779,42.230832,-8.750352,0.,73,-99999,-99999.,-99999.,-99999.,-99999.,-99999.,-99999.
107321,4731753,42.230845,-8.750328,0.,73,-99999,-99999.,-99999.,-99999.,-99999.,-99999.,-99999.
107321,4732577,42.2308,-8.750367,0.,73,-99999,-99999.,-99999.,-99999.,-99999.,-99999.,-99999.
107321,4733032,42.230792,-8.750385,0.,73,-99999,-99999.,-99999.,-99999.,-99999.,-99999.,-99999.
107321,4734020,42.230822,-8.750442,0.,73,-99999,-99999.,-99999.,-99999.,-99999.,-99999.,-99999.
107321,4734252,42.230778,-8.750372,0.,73,-99999,-99999.,-99999.,-99999.,-99999.,-99999.,-99999.
107321,4735098,42.230803,-8.750395,0.,73,-99999,-99999.,-99999.,-99999.,-99999.,-99999.,-99999.
107321,4735251,42.230793,-8.750375,0.,73,-99999,-99999.,-99999.,-99999.,-99999.,-99999.,-99999.
107321,4736190,42.230837,-8.750408,0.,73,-99999,-99999.,-99999.,-99999.,-99999.,-99999.,-99999.
107321,4737080,42.230788,-8.750417,0.,73,-99999,-99999.,-99999.,-99999.,-99999.,-99999.,-99999.
107321,4737352,42.230783,-8.75044,0.,73,-99999,-99999.,-99999.,-99999.,-99999.,-99999.,-99999.
107321,4738271,42.230758,-8.750395,0.,73,-99999,-99999.,-99999.,-99999.,-99999.,-99999.,-99999.
107321,4738699,42.230778,-8.750397,0.,73,-99999,-99999.,-99999.,-99999.,-99999.,-99999.,-99999.
107321,4739392,42.230778,-8.750423,0.,73,-99999,-99999.,-99999.,-99999.,-99999.,-99999.,-99999.
107321,4739959,42.230767,-8.75042,0.,73,-99999,-99999.,-99999.,-99999.,-99999.,-99999.,-99999.
107321,4740391,42.230763,-8.750385,0.,73,-99999,-99999.,-99999.,-99999.,-99999.,-99999.,-99999.
107321,4741352,42.230775,-8.750375,0.,73,-99999,-99999.,-99999.,-99999.,-99999.,-99999.,-99999.
107321,4741757,42.23072,-8.75039,0.,73,-99999,-99999.,-99999.,-99999.,-99999.,-99999.,-99999.
107321,4742490,42.230772,-8.750378,0.,73,-99999,-99999.,-99999.,-99999.,-99999.,-99999.,-99999.
107321,4743017,42.23076,-8.750413,0.,73,-99999,-99999.,-99999.,-99999.,-99999.,-99999.,-99999.
107321,4743690,42.230758,-8.750387,0.,73,-99999,-99999.,-99999.,-99999.,-99999.,-99999.,-99999.
107321,4744095,42.230747,-8.750387,0.,73,-99999,-99999.,-99999.,-99999.,-99999.,-99999.,-99999.
107321,4744649,42.230778,-8.75038,0.,73,-99999,-99999.,-99999.,-99999.,-99999.,-99999.,-99999.
107321,4744997,42.230718,-8.750382,0.,73,-99999,-99999.,-99999.,-99999.,-99999.,-99999.,-99999.
107321,4745692,42.23076,-8.750393,0.,73,-99999,-99999.,-99999.,-99999.,-99999.,-99999.,-99999.
107321,4745900,42.23076,-8.750393,0.,73,-99999,-99999.,-99999.,-99999.,-99999.,-99999.,-99999.
107321,4746831,42.23076,-8.750378,0.,73,-99999,-99999.,-99999.,-99999.,-99999.,-99999.,-99999.
107321,4747783,42.230777,-8.750398,0.,73,-99999,-99999.,-99999.,-99999.,-99999.,-99999.,-99999.
107321,4748792,42.230742,-8.750393,0.,73,-99999,-99999.,-99999.,-99999.,-99999.,-99999.,-99999.
107321,4749861,42.230783,-8.750368,0.,73,-99999,-99999.,-99999.,-99999.,-99999.,-99999.,-99999.
107321,4750938,42.230743,-8.750355,0.,73,-99999,-99999.,-99999.,-99999.,-99999.,-99999.,-99999.
107321,4752018,42.230802,-8.750373,0.,73,-99999,-99999.,-99999.,-99999.,-99999.,-99999.,-99999.
107321,4753281,42.230735,-8.750367,0.,73,-99999,-99999.,-99999.,-99999.,-99999.,-99999.,-99999.
107321,4754721,42.230792,-8.75035,0.,73,-99999,-99999.,-99999.,-99999.,-99999.,-99999.,-99999.
107321,4755802,42.230795,-8.75037,0.,73,-99999,-99999.,-99999.,-99999.,-99999.,-99999.,-99999.
107321,4757064,42.230765,-8.750355,0.,73,-99999,-99999.,-99999.,-99999.,-99999.,-99999.,-99999.
107321,4758320,42.230782,-8.750353,0.,73,-99999,-99999.,-99999.,-99999.,-99999.,-99999.,-99999.
107321,4759221,42.23076,-8.750377,0.,73,-99999,-99999.,-99999.,-99999.,-99999.,-99999.,-99999.
107321,4760125,42.230745,-8.750393,0.,73,-99999,-99999.,-99999.,-99999.,-99999.,-99999.,-99999.
107321,4761110,42.230773,-8.750358,0.,73,-99999,-99999.,-99999.,-99999.,-99999.,-99999.,-99999.
107321,4762029,42.230793,-8.75034,0.,73,-99999,-99999.,-99999.,-99999.,-99999.,-99999.,-99999.
107321,4763006,42.23081,-8.750308,0.,73,-99999,-99999.,-99999.,-99999.,-99999.,-99999.,-99999.
107321,4763949,42.23076,-8.75037,0.,73,-99999,-99999.,-99999.,-99999.,-99999.,-99999.,-99999.
107321,4764941,42.230763,-8.750365,0.,73,-99999,-99999.,-99999.,-99999.,-99999.,-99999.,-99999.
107321,4765890,42.230728,-8.750362,0.,73,-99999,-99999.,-99999.,-99999.,-99999.,-99999.,-99999.
107321,4766810,42.230752,-8.750363,0.,73,-99999,-99999.,-99999.,-99999.,-99999.,-99999.,-99999.
107321,4767712,42.230763,-8.750378,0.,73,-99999,-99999.,-99999.,-99999.,-99999.,-99999.,-99999.
107321,4768640,42.230763,-8.750312,0.,73,-99999,-99999.,-99999.,-99999.,-99999.,-99999.,-99999.
107321,4769601,42.230775,-8.750377,0.,73,-99999,-99999.,-99999.,-99999.,-99999.,-99999.,-99999.
107321,4770551,42.230782,-8.750338,0.,73,-99999,-99999.,-99999.,-99999.,-99999.,-99999.,-99999.
107321,4771467,42.230747,-8.750305,0.,73,-99999,-99999.,-99999.,-99999.,-99999.,-99999.,-99999.
107321,4772428,42.230753,-8.75032,0.,73,-99999,-99999.,-99999.,-99999.,-99999.,-99999.,-99999.
107321,4773351,42.230795,-8.750335,0.,73,-99999,-99999.,-99999.,-99999.,-99999.,-99999.,-99999.
107321,4774347,42.230748,-8.75035,0.,73,-99999,-99999.,-99999.,-99999.,-99999.,-99999.,-99999.
107321,4775248,42.230722,-8.750408,0.,73,-99999,-99999.,-99999.,-99999.,-99999.,-99999.,-99999.
107321,4776149,42.230753,-8.750372,0.,73,-99999,-99999.,-99999.,-99999.,-99999.,-99999.,-99999.
107321,4778009,42.230775,-8.750352,0.,73,-99999,-99999.,-99999.,-99999.,-99999.,-99999.,-99999.
107321,4779207,42.230787,-8.750363,0.,73,-99999,-99999.,-99999.,-99999.,-99999.,-99999.,-99999.
107321,4780111,42.230787,-8.750378,0.,73,-99999,-99999.,-99999.,-99999.,-99999.,-99999.,-99999.
107321,4781068,42.230783,-8.750363,0.,73,-99999,-99999.,-99999.,-99999.,-99999.,-99999.,-99999.
107321,4782086,42.23076,-8.750375,0.,73,-99999,-99999.,-99999.,-99999.,-99999.,-99999.,-99999.
107321,4783169,42.230762,-8.750345,0.,73,-99999,-99999.,-99999.,-99999.,-99999.,-99999.,-99999.
107321,4784101,42.230795,-8.750348,0.,73,-99999,-99999.,-99999.,-99999.,-99999.,-99999.,-99999.
107321,4785081,42.230785,-8.750353,0.,73,-99999,-99999.,-99999.,-99999.,-99999.,-99999.,-99999.
107321,4786046,42.230765,-8.75033,0.,73,-99999,-99999.,-99999.,-99999.,-99999.,-99999.,-99999.
107321,4787667,42.230762,-8.750363,0.,73,-99999,-99999.,-99999.,-99999.,-99999.,-99999.,-99999.
107321,4788571,42.230783,-8.750358,0.,73,-99999,-99999.,-99999.,-99999.,-99999.,-99999.,-99999.
107321,4789529,42.230792,-8.750368,0.,73,-99999,-99999.,-99999.,-99999.,-99999.,-99999.,-99999.
107321,4790481,42.230768,-8.750372,0.,73,-99999,-99999.,-99999.,-99999.,-99999.,-99999.,-99999.
107321,4791442,42.230782,-8.750382,0.,73,-99999,-99999.,-99999.,-99999.,-99999.,-99999.,-99999.
107321,4792429,42.230808,-8.750367,0.,73,-99999,-99999.,-99999.,-99999.,-99999.,-99999.,-99999.
107321,4793402,42.230752,-8.750373,0.,73,-99999,-99999.,-99999.,-99999.,-99999.,-99999.,-99999.
107321,4794323,42.230782,-8.750385,0.,73,-99999,-99999.,-99999.,-99999.,-99999.,-99999.,-99999.
107321,4795282,42.230762,-8.750355,0.,73,-99999,-99999.,-99999.,-99999.,-99999.,-99999.,-99999.
107321,4796232,42.230775,-8.75033,0.,73,-99999,-99999.,-99999.,-99999.,-99999.,-99999.,-99999.
107321,4797178,42.230803,-8.75034,0.,73,-99999,-99999.,-99999.,-99999.,-99999.,-99999.,-99999.
107321,4798189,42.23077,-8.750362,0.,73,-99999,-99999.,-99999.,-99999.,-99999.,-99999.,-99999.
107321,4799161,42.230778,-8.750387,0.,73,-99999,-99999.,-99999.,-99999.,-99999.,-99999.,-99999.
107321,4800082,42.230762,-8.750363,0.,73,-99999,-99999.,-99999.,-99999.,-99999.,-99999.,-99999.
107321,4800983,42.230777,-8.750398,0.,73,-99999,-99999.,-99999.,-99999.,-99999.,-99999.,-99999.
107321,4801918,42.230798,-8.750357,0.,73,-99999,-99999.,-99999.,-99999.,-99999.,-99999.,-99999.
107321,4802869,42.230768,-8.750353,0.,73,-99999,-99999.,-99999.,-99999.,-99999.,-99999.,-99999.
107321,4803821,42.230772,-8.750375,0.,73,-99999,-99999.,-99999.,-99999.,-99999.,-99999.,-99999.
107321,4804758,42.23075,-8.75037,0.,73,-99999,-99999.,-99999.,-99999.,-99999.,-99999.,-99999.
107321,4805794,42.230748,-8.750383,0.,73,-99999,-99999.,-99999.,-99999.,-99999.,-99999.,-99999.
107321,4806731,42.23077,-8.750375,0.,73,-99999,-99999.,-99999.,-99999.,-99999.,-99999.,-99999.
107321,4807991,42.230725,-8.750337,0.,73,-99999,-99999.,-99999.,-99999.,-99999.,-99999.,-99999.
107321,4809067,42.230757,-8.750363,0.,73,-99999,-99999.,-99999.,-99999.,-99999.,-99999.,-99999.
107321,4810039,42.230763,-8.750387,0.,73,-99999,-99999.,-99999.,-99999.,-99999.,-99999.,-99999.
107321,4811011,42.230775,-8.75037,0.,73,-99999,-99999.,-99999.,-99999.,-99999.,-99999.,-99999.
107321,4811960,42.230758,-8.750392,0.,73,-99999,-99999.,-99999.,-99999.,-99999.,-99999.,-99999.
107321,4812864,42.230783,-8.750428,0.,73,-99999,-99999.,-99999.,-99999.,-99999.,-99999.,-99999.
107321,4813880,42.230795,-8.75038,0.,73,-99999,-99999.,-99999.,-99999.,-99999.,-99999.,-99999.
107321,4814833,42.230795,-8.750367,0.,73,-99999,-99999.,-99999.,-99999.,-99999.,-99999.,-99999.
107321,4815781,42.230787,-8.750385,0.,73,-99999,-99999.,-99999.,-99999.,-99999.,-99999.,-99999.
107321,4816729,42.230838,-8.750323,0.,73,-99999,-99999.,-99999.,-99999.,-99999.,-99999.,-99999.
107321,4817713,42.230782,-8.750377,0.,73,-99999,-99999.,-99999.,-99999.,-99999.,-99999.,-99999.
107321,4818689,42.230798,-8.750355,0.,73,-99999,-99999.,-99999.,-99999.,-99999.,-99999.,-99999.
107321,4819641,42.230775,-8.750372,0.,73,-99999,-99999.,-99999.,-99999.,-99999.,-99999.,-99999.
107321,4820589,42.230767,-8.750357,0.,73,-99999,-99999.,-99999.,-99999.,-99999.,-99999.,-99999.
107321,4821490,42.230808,-8.7504,0.,73,-99999,-99999.,-99999.,-99999.,-99999.,-99999.,-99999.
107321,4822472,42.2308,-8.750358,0.,73,-99999,-99999.,-99999.,-99999.,-99999.,-99999.,-99999.
107321,4823420,42.230787,-8.750375,0.,73,-99999,-99999.,-99999.,-99999.,-99999.,-99999.,-99999.
107321,4824368,42.230777,-8.750383,0.,73,-99999,-99999.,-99999.,-99999.,-99999.,-99999.,-99999.
107321,4825352,42.230768,-8.7504,0.,73,-99999,-99999.,-99999.,-99999.,-99999.,-99999.,-99999.
107321,4826345,42.230813,-8.750403,0.,73,-99999,-99999.,-99999.,-99999.,-99999.,-99999.,-99999.
107321,4827313,42.230762,-8.750378,0.,73,-99999,-99999.,-99999.,-99999.,-99999.,-99999.,-99999.
107321,4828266,42.230745,-8.750383,0.,73,-99999,-99999.,-99999.,-99999.,-99999.,-99999.,-99999.
107321,4829030,42.230783,-8.75033,0.,73,-99999,-99999.,-99999.,-99999.,-99999.,-99999.,-99999.
107321,4829223,42.230742,-8.75038,0.,73,-99999,-99999.,-99999.,-99999.,-99999.,-99999.,-99999.
107321,4830128,42.230755,-8.750378,0.,73,-99999,-99999.,-99999.,-99999.,-99999.,-99999.,-99999.
107321,4830448,42.230785,-8.750378,0.,73,-99999,-99999.,-99999.,-99999.,-99999.,-99999.,-99999.
107321,4831102,42.23072,-8.750382,0.,73,-99999,-99999.,-99999.,-99999.,-99999.,-99999.,-99999.
107321,4831593,42.230775,-8.750345,0.,73,-99999,-99999.,-99999.,-99999.,-99999.,-99999.,-99999.
107321,4832049,42.230795,-8.750377,0.,73,-99999,-99999.,-99999.,-99999.,-99999.,-99999.,-99999.
107321,4832569,42.230778,-8.750392,0.,73,-99999,-99999.,-99999.,-99999.,-99999.,-99999.,-99999.
107321,4833001,42.230778,-8.750368,0.,73,-99999,-99999.,-99999.,-99999.,-99999.,-99999.,-99999.
107321,4833913,42.230788,-8.750373,0.,73,-99999,-99999.,-99999.,-99999.,-99999.,-99999.,-99999.
107321,4834862,42.230753,-8.750385,0.,73,-99999,-99999.,-99999.,-99999.,-99999.,-99999.,-99999.
107321,4834870,42.23075,-8.750378,0.,73,-99999,-99999.,-99999.,-99999.,-99999.,-99999.,-99999.
107321,4835813,42.230763,-8.750377,0.,73,-99999,-99999.,-99999.,-99999.,-99999.,-99999.,-99999.
107321,4835850,42.230767,-8.750383,0.,73,-99999,-99999.,-99999.,-99999.,-99999.,-99999.,-99999.
107321,4836778,42.230742,-8.75034,0.,73,-99999,-99999.,-99999.,-99999.,-99999.,-99999.,-99999.
107321,4837370,42.230757,-8.750373,0.,73,-99999,-99999.,-99999.,-99999.,-99999.,-99999.,-99999.
107321,4837732,42.230753,-8.750355,0.,73,-99999,-99999.,-99999.,-99999.,-99999.,-99999.,-99999.
107321,4838429,42.230822,-8.75033,0.,73,-99999,-99999.,-99999.,-99999.,-99999.,-99999.,-99999.
107321,4838692,42.230803,-8.750367,0.,73,-99999,-99999.,-99999.,-99999.,-99999.,-99999.,-99999.
107321,4839349,42.230765,-8.75036,0.,73,-99999,-99999.,-99999.,-99999.,-99999.,-99999.,-99999.
107321,4839649,42.230758,-8.750357,0.,73,-99999,-99999.,-99999.,-99999.,-99999.,-99999.,-99999.
107321,4840633,42.230725,-8.75036,0.,73,-99999,-99999.,-99999.,-99999.,-99999.,-99999.,-99999.
107321,4840990,42.230768,-8.75039,0.,73,-99999,-99999.,-99999.,-99999.,-99999.,-99999.,-99999.
107321,4841641,42.23081,-8.750335,0.,73,-99999,-99999.,-99999.,-99999.,-99999.,-99999.,-99999.
107321,4842598,42.23077,-8.750355,0.,73,-99999,-99999.,-99999.,-99999.,-99999.,-99999.,-99999.
107321,4843580,42.230807,-8.750375,0.,73,-99999,-99999.,-99999.,-99999.,-99999.,-99999.,-99999.
107321,4844591,42.230768,-8.7504,0.,73,-99999,-99999.,-99999.,-99999.,-99999.,-99999.,-99999.
107321,4845570,42.230742,-8.750377,0.,73,-99999,-99999.,-99999.,-99999.,-99999.,-99999.,-99999.
107321,4846789,42.230773,-8.750405,0.,73,-99999,-99999.,-99999.,-99999.,-99999.,-99999.,-99999.
107321,4847799,42.230752,-8.750365,0.,73,-99999,-99999.,-99999.,-99999.,-99999.,-99999.,-99999.
107321,4848812,42.230895,-8.750355,0.,73,-99999,-99999.,-99999.,-99999.,-99999.,-99999.,-99999.
107321,4849761,42.230807,-8.750372,0.,73,-99999,-99999.,-99999.,-99999.,-99999.,-99999.,-99999.
107321,4850826,42.230785,-8.75038,0.,73,-99999,-99999.,-99999.,-99999.,-99999.,-99999.,-99999.
107321,4851847,42.230743,-8.750375,0.,73,-99999,-99999.,-99999.,-99999.,-99999.,-99999.,-99999.
107321,4852840,42.23079,-8.750398,0.,73,-99999,-99999.,-99999.,-99999.,-99999.,-99999.,-99999.
107321,4853760,42.230807,-8.750385,0.,73,-99999,-99999.,-99999.,-99999.,-99999.,-99999.,-99999.
107321,4854752,42.230795,-8.750355,0.,73,-99999,-99999.,-99999.,-99999.,-99999.,-99999.,-99999.
107321,4855928,42.230802,-8.750373,0.,73,-99999,-99999.,-99999.,-99999.,-99999.,-99999.,-99999.
107321,4857853,42.230772,-8.750342,0.,73,-99999,-99999.,-99999.,-99999.,-99999.,-99999.,-99999.
107321,4858786,42.230765,-8.75036,0.,73,-99999,-99999.,-99999.,-99999.,-99999.,-99999.,-99999.
107321,4859687,42.230713,-8.750357,0.,73,-99999,-99999.,-99999.,-99999.,-99999.,-99999.,-99999.
107321,4860620,42.230768,-8.750363,0.,73,-99999,-99999.,-99999.,-99999.,-99999.,-99999.,-99999.
107321,4861602,42.230752,-8.750388,0.,73,-99999,-99999.,-99999.,-99999.,-99999.,-99999.,-99999.
107321,4862551,42.230753,-8.750362,0.,73,-99999,-99999.,-99999.,-99999.,-99999.,-99999.,-99999.
107321,4863619,42.230828,-8.75036,0.,73,-99999,-99999.,-99999.,-99999.,-99999.,-99999.,-99999.
107321,4864520,42.230762,-8.750357,0.,73,-99999,-99999.,-99999.,-99999.,-99999.,-99999.,-99999.
107321,4865421,42.230757,-8.75034,0.,73,-99999,-99999.,-99999.,-99999.,-99999.,-99999.,-99999.
107321,4866323,42.230778,-8.750398,0.,73,-99999,-99999.,-99999.,-99999.,-99999.,-99999.,-99999.
107321,4867399,42.230762,-8.750353,0.,73,-99999,-99999.,-99999.,-99999.,-99999.,-99999.,-99999.
107321,4868487,42.23075,-8.75034,0.,73,-99999,-99999.,-99999.,-99999.,-99999.,-99999.,-99999.
107321,4869433,42.230745,-8.750347,0.,73,-99999,-99999.,-99999.,-99999.,-99999.,-99999.,-99999.
107321,4870401,42.23078,-8.750355,0.,73,-99999,-99999.,-99999.,-99999.,-99999.,-99999.,-99999.
107321,4871353,42.230785,-8.75035,0.,73,-99999,-99999.,-99999.,-99999.,-99999.,-99999.,-99999.
107321,4872312,42.230777,-8.750367,0.,73,-99999,-99999.,-99999.,-99999.,-99999.,-99999.,-99999.
107321,4873270,42.230768,-8.750348,0.,73,-99999,-99999.,-99999.,-99999.,-99999.,-99999.,-99999.
107321,4874418,42.230777,-8.750365,0.,73,-99999,-99999.,-99999.,-99999.,-99999.,-99999.,-99999.
107321,4875498,42.230785,-8.750373,0.,73,-99999,-99999.,-99999.,-99999.,-99999.,-99999.,-99999.
107321,4876578,42.230787,-8.750357,0.,73,-99999,-99999.,-99999.,-99999.,-99999.,-99999.,-99999.
107321,4877479,42.230783,-8.75037,0.,73,-99999,-99999.,-99999.,-99999.,-99999.,-99999.,-99999.
107321,4878559,42.230772,-8.750382,0.,73,-99999,-99999.,-99999.,-99999.,-99999.,-99999.,-99999.
107321,4879640,42.230765,-8.750363,0.,73,-99999,-99999.,-99999.,-99999.,-99999.,-99999.,-99999.
107321,4880713,42.230783,-8.750352,0.,73,-99999,-99999.,-99999.,-99999.,-99999.,-99999.,-99999.
107321,4881978,42.230792,-8.750352,0.,73,-99999,-99999.,-99999.,-99999.,-99999.,-99999.,-99999.
107321,4883238,42.2308,-8.7504,0.,73,-99999,-99999.,-99999.,-99999.,-99999.,-99999.,-99999.
107321,4885491,42.230783,-8.750387,0.,73,-99999,-99999.,-99999.,-99999.,-99999.,-99999.,-99999.
107321,4886461,42.230762,-8.750392,0.,73,-99999,-99999.,-99999.,-99999.,-99999.,-99999.,-99999.
107321,4887410,42.23078,-8.75041,0.,73,-99999,-99999.,-99999.,-99999.,-99999.,-99999.,-99999.
107321,4888319,42.23082,-8.750407,0.,73,-99999,-99999.,-99999.,-99999.,-99999.,-99999.,-99999.
107321,4889268,42.230773,-8.7504,0.,73,-99999,-99999.,-99999.,-99999.,-99999.,-99999.,-99999.
107321,4890260,42.230792,-8.750378,0.,73,-99999,-99999.,-99999.,-99999.,-99999.,-99999.,-99999.
107321,4891212,42.230755,-8.750383,0.,73,-99999,-99999.,-99999.,-99999.,-99999.,-99999.,-99999.
107321,4892169,42.230755,-8.750393,0.,73,-99999,-99999.,-99999.,-99999.,-99999.,-99999.,-99999.
107321,4893122,42.230745,-8.750403,0.,73,-99999,-99999.,-99999.,-99999.,-99999.,-99999.,-99999.
107321,4894062,42.230735,-8.750368,0.,73,-99999,-99999.,-99999.,-99999.,-99999.,-99999.,-99999.
107321,4895030,42.230773,-8.750398,0.,73,-99999,-99999.,-99999.,-99999.,-99999.,-99999.,-99999.
107321,4895991,42.230797,-8.750428,0.,73,-99999,-99999.,-99999.,-99999.,-99999.,-99999.,-99999.
107321,4896941,42.23078,-8.750402,0.,73,-99999,-99999.,-99999.,-99999.,-99999.,-99999.,-99999.
107321,4897920,42.230763,-8.750423,0.,73,-99999,-99999.,-99999.,-99999.,-99999.,-99999.,-99999.
107321,4898048,42.230753,-8.750388,0.,73,-99999,-99999.,-99999.,-99999.,-99999.,-99999.,-99999.
107321,4898903,42.230788,-8.750387,0.,73,-99999,-99999.,-99999.,-99999.,-99999.,-99999.,-99999.
107321,4899847,42.230808,-8.750405,0.,73,-99999,-99999.,-99999.,-99999.,-99999.,-99999.,-99999.
107321,4900803,42.230793,-8.750435,0.,73,-99999,-99999.,-99999.,-99999.,-99999.,-99999.,-99999.
107321,4901740,42.230732,-8.750392,0.,73,-99999,-99999.,-99999.,-99999.,-99999.,-99999.,-99999.
107321,4902700,42.230802,-8.750392,0.,73,-99999,-99999.,-99999.,-99999.,-99999.,-99999.,-99999.
107321,4903648,42.230843,-8.750415,0.,73,-99999,-99999.,-99999.,-99999.,-99999.,-99999.,-99999.
107321,4903676,42.230833,-8.750383,0.,73,-99999,-99999.,-99999.,-99999.,-99999.,-99999.,-99999.
107321,4904637,42.230807,-8.750383,0.,73,-99999,-99999.,-99999.,-99999.,-99999.,-99999.,-99999.
107321,4905629,42.230813,-8.75037,0.,73,-99999,-99999.,-99999.,-99999.,-99999.,-99999.,-99999.
107321,4905633,42.230813,-8.75037,0.,73,-99999,-99999.,-99999.,-99999.,-99999.,-99999.,-99999.
107321,4906593,42.230815,-8.750383,0.,73,-99999,-99999.,-99999.,-99999.,-99999.,-99999.,-99999.
107321,4907609,42.230823,-8.750375,0.,73,-99999,-99999.,-99999.,-99999.,-99999.,-99999.,-99999.
107321,4908514,42.230818,-8.75039,0.,73,-99999,-99999.,-99999.,-99999.,-99999.,-99999.,-99999.
107321,4908950,42.230815,-8.750425,0.,73,-99999,-99999.,-99999.,-99999.,-99999.,-99999.,-99999.
107321,4909452,42.230797,-8.750428,0.,73,-99999,-99999.,-99999.,-99999.,-99999.,-99999.,-99999.
107321,4910291,42.2308,-8.750417,0.,73,-99999,-99999.,-99999.,-99999.,-99999.,-99999.,-99999.
107321,4910447,42.230803,-8.7504,0.,73,-99999,-99999.,-99999.,-99999.,-99999.,-99999.,-99999.
107321,4911457,42.230803,-8.750412,0.,73,-99999,-99999.,-99999.,-99999.,-99999.,-99999.,-99999.
107321,4911709,42.230792,-8.750393,0.,73,-99999,-99999.,-99999.,-99999.,-99999.,-99999.,-99999.
107321,4912428,42.230778,-8.75039,0.,73,-99999,-99999.,-99999.,-99999.,-99999.,-99999.,-99999.
107321,4913350,42.230795,-8.750345,0.,73,-99999,-99999.,-99999.,-99999.,-99999.,-99999.,-99999.
107321,4914049,42.230775,-8.7504,0.,73,-99999,-99999.,-99999.,-99999.,-99999.,-99999.,-99999.
107321,4914273,42.230765,-8.750388,0.,73,-99999,-99999.,-99999.,-99999.,-99999.,-99999.,-99999.
107321,4915339,42.230758,-8.750362,0.,73,-99999,-99999.,-99999.,-99999.,-99999.,-99999.,-99999.
107321,4916340,42.23078,-8.750378,0.,73,-99999,-99999.,-99999.,-99999.,-99999.,-99999.,-99999.
107321,4917287,42.230735,-8.7504,0.,73,-99999,-99999.,-99999.,-99999.,-99999.,-99999.,-99999.
107321,4918272,42.230762,-8.750365,0.,73,-99999,-99999.,-99999.,-99999.,-99999.,-99999.,-99999.
107321,4919232,42.230783,-8.750377,0.,73,-99999,-99999.,-99999.,-99999.,-99999.,-99999.,-99999.
107321,4920184,42.230768,-8.75034,0.,73,-99999,-99999.,-99999.,-99999.,-99999.,-99999.,-99999.
107321,4920409,42.230785,-8.75037,0.,73,-99999,-99999.,-99999.,-99999.,-99999.,-99999.,-99999.
107321,4921128,42.230778,-8.750375,0.,73,-99999,-99999.,-99999.,-99999.,-99999.,-99999.,-99999.
107321,4922060,42.230777,-8.750368,0.,73,-99999,-99999.,-99999.,-99999.,-99999.,-99999.,-99999.
107321,4922969,42.23077,-8.75037,0.,73,-99999,-99999.,-99999.,-99999.,-99999.,-99999.,-99999.
107321,4923133,42.230772,-8.750358,0.,73,-99999,-99999.,-99999.,-99999.,-99999.,-99999.,-99999.
107321,4924061,42.230788,-8.750363,0.,73,-99999,-99999.,-99999.,-99999.,-99999.,-99999.,-99999.
107321,4924510,42.230802,-8.750363,0.,73,-99999,-99999.,-99999.,-99999.,-99999.,-99999.,-99999.
107321,4925007,42.230793,-8.750368,0.,73,-99999,-99999.,-99999.,-99999.,-99999.,-99999.,-99999.
107321,4925932,42.230758,-8.75037,0.,73,-99999,-99999.,-99999.,-99999.,-99999.,-99999.,-99999.
107321,4925980,42.230768,-8.75038,0.,73,-99999,-99999.,-99999.,-99999.,-99999.,-99999.,-99999.
107321,4926908,42.230768,-8.750373,0.,73,-99999,-99999.,-99999.,-99999.,-99999.,-99999.,-99999.
107321,4927871,42.230747,-8.750357,0.,73,-99999,-99999.,-99999.,-99999.,-99999.,-99999.,-99999.
107321,4928822,42.230813,-8.750338,0.,73,-99999,-99999.,-99999.,-99999.,-99999.,-99999.,-99999.
107321,4929818,42.230807,-8.750367,0.,73,-99999,-99999.,-99999.,-99999.,-99999.,-99999.,-99999.
107321,4930742,42.230765,-8.750407,0.,73,-99999,-99999.,-99999.,-99999.,-99999.,-99999.,-99999.
107321,4931731,42.23075,-8.750385,0.,73,-99999,-99999.,-99999.,-99999.,-99999.,-99999.,-99999.
107321,4932659,42.230782,-8.750352,0.,73,-99999,-99999.,-99999.,-99999.,-99999.,-99999.,-99999.
107321,4933568,42.230723,-8.750352,0.,73,-99999,-99999.,-99999.,-99999.,-99999.,-99999.,-99999.
107321,4934469,42.230737,-8.75039,0.,73,-99999,-99999.,-99999.,-99999.,-99999.,-99999.,-99999.
107321,4935377,42.230827,-8.750328,0.,73,-99999,-99999.,-99999.,-99999.,-99999.,-99999.,-99999.
107321,4936325,42.23076,-8.750363,0.,73,-99999,-99999.,-99999.,-99999.,-99999.,-99999.,-99999.
107321,4937422,42.230768,-8.750348,0.,73,-99999,-99999.,-99999.,-99999.,-99999.,-99999.,-99999.
107321,4938370,42.230757,-8.750352,0.,73,-99999,-99999.,-99999.,-99999.,-99999.,-99999.,-99999.
107321,4939322,42.230758,-8.750402,0.,73,-99999,-99999.,-99999.,-99999.,-99999.,-99999.,-99999.
107321,4940286,42.230765,-8.750365,0.,73,-99999,-99999.,-99999.,-99999.,-99999.,-99999.,-99999.
107321,4941235,42.230815,-8.75035,0.,73,-99999,-99999.,-99999.,-99999.,-99999.,-99999.,-99999.
107321,4942210,42.230782,-8.75036,0.,73,-99999,-99999.,-99999.,-99999.,-99999.,-99999.,-99999.
107321,4943115,42.23076,-8.750305,0.,73,-99999,-99999.,-99999.,-99999.,-99999.,-99999.,-99999.
107321,4944141,42.230798,-8.750358,0.,73,-99999,-99999.,-99999.,-99999.,-99999.,-99999.,-99999.
107321,4945095,42.23079,-8.750362,0.,73,-99999,-99999.,-99999.,-99999.,-99999.,-99999.,-99999.
107321,4946176,42.23077,-8.750348,0.,73,-99999,-99999.,-99999.,-99999.,-99999.,-99999.,-99999.
107321,4947437,42.230745,-8.750432,0.,73,-99999,-99999.,-99999.,-99999.,-99999.,-99999.,-99999.
107321,4947850,42.230807,-8.75038,0.,73,-99999,-99999.,-99999.,-99999.,-99999.,-99999.,-99999.
107321,4948869,42.23077,-8.75037,0.,73,-99999,-99999.,-99999.,-99999.,-99999.,-99999.,-99999.
107321,4949958,42.230802,-8.750387,0.,73,-99999,-99999.,-99999.,-99999.,-99999.,-99999.,-99999.
107321,4951038,42.230768,-8.750352,0.,73,-99999,-99999.,-99999.,-99999.,-99999.,-99999.,-99999.
107321,4952117,42.230757,-8.750375,0.,73,-99999,-99999.,-99999.,-99999.,-99999.,-99999.,-99999.
107321,4952389,42.230783,-8.750363,0.,73,-99999,-99999.,-99999.,-99999.,-99999.,-99999.,-99999.
107321,4953194,42.23075,-8.750375,0.,73,-99999,-99999.,-99999.,-99999.,-99999.,-99999.,-99999.
107321,4953570,42.230765,-8.75035,0.,73,-99999,-99999.,-99999.,-99999.,-99999.,-99999.,-99999.
107321,4954270,42.230763,-8.750372,0.,73,-99999,-99999.,-99999.,-99999.,-99999.,-99999.,-99999.
107321,4954812,42.230778,-8.75038,0.,73,-99999,-99999.,-99999.,-99999.,-99999.,-99999.,-99999.
107321,4955174,42.230767,-8.750357,0.,73,-99999,-99999.,-99999.,-99999.,-99999.,-99999.,-99999.
107321,4955981,42.230745,-8.750337,0.,73,-99999,-99999.,-99999.,-99999.,-99999.,-99999.,-99999.
107321,4956618,42.230805,-8.750312,0.,73,-99999,-99999.,-99999.,-99999.,-99999.,-99999.,-99999.
107321,4958593,42.230785,-8.750363,0.,73,-99999,-99999.,-99999.,-99999.,-99999.,-99999.,-99999.
107321,4958661,42.230787,-8.750353,0.,73,-99999,-99999.,-99999.,-99999.,-99999.,-99999.,-99999.
107321,4959670,42.230765,-8.75038,0.,73,-99999,-99999.,-99999.,-99999.,-99999.,-99999.,-99999.
107321,4959679,42.230783,-8.750358,0.,73,-99999,-99999.,-99999.,-99999.,-99999.,-99999.,-99999.
107321,4960755,42.23079,-8.750362,0.,73,-99999,-99999.,-99999.,-99999.,-99999.,-99999.,-99999.
107321,4960819,42.230757,-8.750373,0.,73,-99999,-99999.,-99999.,-99999.,-99999.,-99999.,-99999.
107321,4961835,42.230783,-8.750352,0.,73,-99999,-99999.,-99999.,-99999.,-99999.,-99999.,-99999.
107321,4962022,42.230782,-8.750383,0.,73,-99999,-99999.,-99999.,-99999.,-99999.,-99999.,-99999.
107321,4963637,42.230775,-8.750393,0.,73,-99999,-99999.,-99999.,-99999.,-99999.,-99999.,-99999.
107321,4963681,42.230782,-8.750355,0.,73,-99999,-99999.,-99999.,-99999.,-99999.,-99999.,-99999.
107321,4964889,42.230792,-8.750378,0.,73,-99999,-99999.,-99999.,-99999.,-99999.,-99999.,-99999.
107321,4965974,42.23077,-8.75036,0.,73,-99999,-99999.,-99999.,-99999.,-99999.,-99999.,-99999.
107321,4967056,42.230787,-8.750387,0.,73,-99999,-99999.,-99999.,-99999.,-99999.,-99999.,-99999.
107321,4967760,42.230775,-8.750382,0.,73,-99999,-99999.,-99999.,-99999.,-99999.,-99999.,-99999.
107321,4968761,42.23079,-8.75036,0.,73,-99999,-99999.,-99999.,-99999.,-99999.,-99999.,-99999.
107321,4969213,42.230813,-8.750335,0.,73,-99999,-99999.,-99999.,-99999.,-99999.,-99999.,-99999.
107321,4969701,42.230783,-8.750368,0.,73,-99999,-99999.,-99999.,-99999.,-99999.,-99999.,-99999.
107321,4970661,42.230777,-8.750388,0.,73,-99999,-99999.,-99999.,-99999.,-99999.,-99999.,-99999.
107321,4971190,42.230805,-8.750395,0.,73,-99999,-99999.,-99999.,-99999.,-99999.,-99999.,-99999.
107321,4971742,42.230797,-8.750345,0.,73,-99999,-99999.,-99999.,-99999.,-99999.,-99999.,-99999.
107321,4972270,42.23079,-8.750365,0.,73,-99999,-99999.,-99999.,-99999.,-99999.,-99999.,-99999.
107321,4972658,42.230768,-8.750378,0.,73,-99999,-99999.,-99999.,-99999.,-99999.,-99999.,-99999.
107321,4973599,42.230755,-8.750388,0.,73,-99999,-99999.,-99999.,-99999.,-99999.,-99999.,-99999.
107321,4974579,42.230813,-8.75041,0.,73,-99999,-99999.,-99999.,-99999.,-99999.,-99999.,-99999.
107321,4975363,42.230755,-8.750407,0.,73,-99999,-99999.,-99999.,-99999.,-99999.,-99999.,-99999.
107321,4975499,42.230748,-8.750387,0.,73,-99999,-99999.,-99999.,-99999.,-99999.,-99999.,-99999.
107321,4976801,42.230758,-8.750415,0.,73,-99999,-99999.,-99999.,-99999.,-99999.,-99999.,-99999.
107321,4976881,42.230783,-8.7504,0.,73,-99999,-99999.,-99999.,-99999.,-99999.,-99999.,-99999.
107321,4977703,42.23075,-8.750393,0.,73,-99999,-99999.,-99999.,-99999.,-99999.,-99999.,-99999.
107321,4977900,42.230747,-8.750378,0.,73,-99999,-99999.,-99999.,-99999.,-99999.,-99999.,-99999.
107321,4980295,42.23075,-8.750348,0.,73,-99999,-99999.,-99999.,-99999.,-99999.,-99999.,-99999.
107321,4982819,42.230792,-8.750393,0.,73,-99999,-99999.,-99999.,-99999.,-99999.,-99999.,-99999.
107321,4983941,42.230758,-8.750368,0.,73,-99999,-99999.,-99999.,-99999.,-99999.,-99999.,-99999.
107321,4985381,42.23077,-8.750422,0.,73,-99999,-99999.,-99999.,-99999.,-99999.,-99999.,-99999.
107321,4986381,42.230793,-8.750398,0.,73,-99999,-99999.,-99999.,-99999.,-99999.,-99999.,-99999.
107321,4987341,42.230778,-8.750358,0.,73,-99999,-99999.,-99999.,-99999.,-99999.,-99999.,-99999.
107321,4988481,42.230765,-8.750438,0.,73,-99999,-99999.,-99999.,-99999.,-99999.,-99999.,-99999.
107321,4989461,42.23082,-8.75036,0.,73,-99999,-99999.,-99999.,-99999.,-99999.,-99999.,-99999.
107321,4989695,42.230767,-8.750373,0.,73,-99999,-99999.,-99999.,-99999.,-99999.,-99999.,-99999.
107321,4990421,42.23082,-8.750385,0.,73,-99999,-99999.,-99999.,-99999.,-99999.,-99999.,-99999.
107321,4991133,42.230818,-8.750353,0.,73,-99999,-99999.,-99999.,-99999.,-99999.,-99999.,-99999.
107321,4991423,42.230817,-8.750417,0.,73,-99999,-99999.,-99999.,-99999.,-99999.,-99999.,-99999.
107321,4992034,42.230817,-8.7504,0.,73,-99999,-99999.,-99999.,-99999.,-99999.,-99999.,-99999.
107321,4993462,42.230838,-8.750362,0.,73,-99999,-99999.,-99999.,-99999.,-99999.,-99999.,-99999.
107321,4994678,42.230802,-8.750392,0.,73,-99999,-99999.,-99999.,-99999.,-99999.,-99999.,-99999.
107321,4994730,42.23079,-8.750397,0.,73,-99999,-99999.,-99999.,-99999.,-99999.,-99999.,-99999.
107321,4995622,42.230792,-8.750373,0.,73,-99999,-99999.,-99999.,-99999.,-99999.,-99999.,-99999.
107321,4996538,42.230808,-8.750393,0.,73,-99999,-99999.,-99999.,-99999.,-99999.,-99999.,-99999.
107321,4996711,42.230767,-8.750407,0.,73,-99999,-99999.,-99999.,-99999.,-99999.,-99999.,-99999.
107321,4997543,42.230765,-8.750398,0.,73,-99999,-99999.,-99999.,-99999.,-99999.,-99999.,-99999.
107321,4998461,42.230815,-8.750402,0.,73,-99999,-99999.,-99999.,-99999.,-99999.,-99999.,-99999.
107321,4999381,42.23074,-8.750393,0.,73,-99999,-99999.,-99999.,-99999.,-99999.,-99999.,-99999.
107321,4999593,42.230742,-8.7504,0.,73,-99999,-99999.,-99999.,-99999.,-99999.,-99999.,-99999.
107321,5001212,42.230755,-8.750417,0.,73,-99999,-99999.,-99999.,-99999.,-99999.,-99999.,-99999.
107321,5001400,42.230745,-8.750365,0.,73,-99999,-99999.,-99999.,-99999.,-99999.,-99999.,-99999.
107321,5002113,42.23077,-8.750388,0.,73,-99999,-99999.,-99999.,-99999.,-99999.,-99999.,-99999.
107321,5002401,42.230742,-8.750368,0.,73,-99999,-99999.,-99999.,-99999.,-99999.,-99999.,-99999.
107321,5003014,42.230755,-8.750395,0.,73,-99999,-99999.,-99999.,-99999.,-99999.,-99999.,-99999.
107321,5003362,42.230763,-8.750372,0.,73,-99999,-99999.,-99999.,-99999.,-99999.,-99999.,-99999.
107321,5004094,42.23077,-8.750335,0.,73,-99999,-99999.,-99999.,-99999.,-99999.,-99999.,-99999.
107321,5004343,42.23076,-8.750358,0.,73,-99999,-99999.,-99999.,-99999.,-99999.,-99999.,-99999.
107321,5005260,42.230778,-8.75039,0.,73,-99999,-99999.,-99999.,-99999.,-99999.,-99999.,-99999.
107321,5006202,42.23078,-8.750372,0.,73,-99999,-99999.,-99999.,-99999.,-99999.,-99999.,-99999.
107321,5006254,42.23078,-8.75037,0.,73,-99999,-99999.,-99999.,-99999.,-99999.,-99999.,-99999.
107321,5007219,42.23079,-8.750362,0.,73,-99999,-99999.,-99999.,-99999.,-99999.,-99999.,-99999.
107321,5008220,42.230768,-8.750383,0.,73,-99999,-99999.,-99999.,-99999.,-99999.,-99999.,-99999.
107321,5009160,42.230785,-8.750365,0.,73,-99999,-99999.,-99999.,-99999.,-99999.,-99999.,-99999.
107321,5009856,42.230743,-8.750368,0.,73,-99999,-99999.,-99999.,-99999.,-99999.,-99999.,-99999.
107321,5010081,42.2308,-8.750408,0.,73,-99999,-99999.,-99999.,-99999.,-99999.,-99999.,-99999.
107321,5011040,42.230778,-8.750385,0.,73,-99999,-99999.,-99999.,-99999.,-99999.,-99999.,-99999.
107321,5011297,42.230773,-8.750352,0.,73,-99999,-99999.,-99999.,-99999.,-99999.,-99999.,-99999.
107321,5011981,42.23077,-8.75035,0.,73,-99999,-99999.,-99999.,-99999.,-99999.,-99999.,-99999.
107321,5013273,42.230745,-8.750335,0.,73,-99999,-99999.,-99999.,-99999.,-99999.,-99999.,-99999.
107321,5014002,42.23076,-8.750342,0.,73,-99999,-99999.,-99999.,-99999.,-99999.,-99999.,-99999.
107321,5014922,42.230802,-8.750328,0.,73,-99999,-99999.,-99999.,-99999.,-99999.,-99999.,-99999.
107321,5015255,42.230807,-8.750312,0.,73,-99999,-99999.,-99999.,-99999.,-99999.,-99999.,-99999.
107321,5015919,42.230802,-8.750358,0.,73,-99999,-99999.,-99999.,-99999.,-99999.,-99999.,-99999.
107321,5016335,42.230793,-8.750358,0.,73,-99999,-99999.,-99999.,-99999.,-99999.,-99999.,-99999.
107321,5016842,42.230783,-8.750348,0.,73,-99999,-99999.,-99999.,-99999.,-99999.,-99999.,-99999.
107321,5017414,42.230763,-8.750337,0.,73,-99999,-99999.,-99999.,-99999.,-99999.,-99999.,-99999.
107321,5018199,42.230738,-8.75038,0.,73,-99999,-99999.,-99999.,-99999.,-99999.,-99999.,-99999.
107321,5018315,42.230748,-8.750372,0.,73,-99999,-99999.,-99999.,-99999.,-99999.,-99999.,-99999.
107321,5019100,42.230775,-8.750387,0.,73,-99999,-99999.,-99999.,-99999.,-99999.,-99999.,-99999.
107321,5019395,42.23077,-8.75039,0.,73,-99999,-99999.,-99999.,-99999.,-99999.,-99999.,-99999.
107321,5020241,42.230772,-8.750333,0.,73,-99999,-99999.,-99999.,-99999.,-99999.,-99999.,-99999.
107321,5020653,42.23077,-8.750382,0.,73,-99999,-99999.,-99999.,-99999.,-99999.,-99999.,-99999.
107321,5023795,42.230757,-8.75038,0.,73,-99999,-99999.,-99999.,-99999.,-99999.,-99999.,-99999.
107321,5024697,42.23079,-8.750377,0.,73,-99999,-99999.,-99999.,-99999.,-99999.,-99999.,-99999.
107321,5025777,42.230742,-8.750417,0.,73,-99999,-99999.,-99999.,-99999.,-99999.,-99999.,-99999.
107321,5027038,42.230798,-8.750317,0.,73,-99999,-99999.,-99999.,-99999.,-99999.,-99999.,-99999.
107321,5034320,42.230765,-8.750403,0.,73,-99999,-99999.,-99999.,-99999.,-99999.,-99999.,-99999.
107321,5034812,42.230725,-8.750385,0.,73,-99999,-99999.,-99999.,-99999.,-99999.,-99999.,-99999.
107321,5035897,42.230775,-8.750373,0.,73,-99999,-99999.,-99999.,-99999.,-99999.,-99999.,-99999.
107321,5037157,42.230763,-8.750365,0.,73,-99999,-99999.,-99999.,-99999.,-99999.,-99999.,-99999.
107321,5038417,42.230767,-8.750378,0.,73,-99999,-99999.,-99999.,-99999.,-99999.,-99999.,-99999.
107321,5039495,42.230748,-8.750365,0.,73,-99999,-99999.,-99999.,-99999.,-99999.,-99999.,-99999.
107321,5040396,42.230752,-8.750385,0.,73,-99999,-99999.,-99999.,-99999.,-99999.,-99999.,-99999.
107321,5041476,42.230755,-8.750343,0.,73,-99999,-99999.,-99999.,-99999.,-99999.,-99999.,-99999.
107321,5042557,42.230762,-8.750363,0.,73,-99999,-99999.,-99999.,-99999.,-99999.,-99999.,-99999.
107321,5042901,42.230762,-8.75033,0.,73,-99999,-99999.,-99999.,-99999.,-99999.,-99999.,-99999.
107321,5043637,42.23081,-8.750358,0.,73,-99999,-99999.,-99999.,-99999.,-99999.,-99999.,-99999.
107321,5044717,42.230778,-8.750382,0.,73,-99999,-99999.,-99999.,-99999.,-99999.,-99999.,-99999.
107321,5045581,42.230757,-8.750375,0.,73,-99999,-99999.,-99999.,-99999.,-99999.,-99999.,-99999.
107321,5045793,42.230768,-8.750362,0.,73,-99999,-99999.,-99999.,-99999.,-99999.,-99999.,-99999.
107321,5046873,42.23078,-8.750358,0.,73,-99999,-99999.,-99999.,-99999.,-99999.,-99999.,-99999.
107321,5047953,42.230757,-8.750342,0.,73,-99999,-99999.,-99999.,-99999.,-99999.,-99999.,-99999.
107321,5049033,42.23078,-8.750365,0.,73,-99999,-99999.,-99999.,-99999.,-99999.,-99999.,-99999.
107321,5050115,42.230768,-8.75038,0.,73,-99999,-99999.,-99999.,-99999.,-99999.,-99999.,-99999.
107321,5051191,42.230812,-8.750365,0.,73,-99999,-99999.,-99999.,-99999.,-99999.,-99999.,-99999.
107321,5052272,42.23075,-8.750372,0.,73,-99999,-99999.,-99999.,-99999.,-99999.,-99999.,-99999.
107321,5053021,42.230768,-8.750368,0.,73,-99999,-99999.,-99999.,-99999.,-99999.,-99999.,-99999.
107321,5053173,42.230773,-8.750363,0.,73,-99999,-99999.,-99999.,-99999.,-99999.,-99999.,-99999.
107321,5054250,42.23078,-8.750373,0.,73,-99999,-99999.,-99999.,-99999.,-99999.,-99999.,-99999.
107321,5055327,42.2308,-8.750365,0.,73,-99999,-99999.,-99999.,-99999.,-99999.,-99999.,-99999.
107321,5056412,42.230815,-8.750375,0.,73,-99999,-99999.,-99999.,-99999.,-99999.,-99999.,-99999.
107321,5057488,42.230778,-8.750382,0.,73,-99999,-99999.,-99999.,-99999.,-99999.,-99999.,-99999.
107321,5058723,42.230773,-8.750383,0.,73,-99999,-99999.,-99999.,-99999.,-99999.,-99999.,-99999.
107321,5059799,42.23078,-8.750357,0.,73,-99999,-99999.,-99999.,-99999.,-99999.,-99999.,-99999.
107321,5060726,42.230783,-8.750373,0.,73,-99999,-99999.,-99999.,-99999.,-99999.,-99999.,-99999.
107321,5063340,42.23076,-8.750353,0.,73,-99999,-99999.,-99999.,-99999.,-99999.,-99999.,-99999.
107321,5064516,42.23076,-8.75037,0.,73,-99999,-99999.,-99999.,-99999.,-99999.,-99999.,-99999.
107321,5066540,42.230738,-8.750328,0.,73,-99999,-99999.,-99999.,-99999.,-99999.,-99999.,-99999.
107321,5068160,42.230757,-8.750355,0.,73,-99999,-99999.,-99999.,-99999.,-99999.,-99999.,-99999.
107321,5069061,42.23075,-8.750372,0.,73,-99999,-99999.,-99999.,-99999.,-99999.,-99999.,-99999.
107321,5082140,42.230825,-8.750443,0.,73,-99999,-99999.,-99999.,-99999.,-99999.,-99999.,-99999.
107321,5082679,42.230763,-8.750402,0.,73,-99999,-99999.,-99999.,-99999.,-99999.,-99999.,-99999.
107321,5083219,42.23076,-8.750405,0.,73,-99999,-99999.,-99999.,-99999.,-99999.,-99999.,-99999.
107321,5083659,42.230785,-8.750405,0.,73,-99999,-99999.,-99999.,-99999.,-99999.,-99999.,-99999.
107321,5084299,42.230785,-8.750407,0.,73,-99999,-99999.,-99999.,-99999.,-99999.,-99999.,-99999.
107321,5084619,42.23078,-8.750408,0.,73,-99999,-99999.,-99999.,-99999.,-99999.,-99999.,-99999.
107321,5085379,42.230778,-8.75038,0.,73,-99999,-99999.,-99999.,-99999.,-99999.,-99999.,-99999.
107321,5085863,42.230815,-8.7504,0.,73,-99999,-99999.,-99999.,-99999.,-99999.,-99999.,-99999.
107321,5086999,42.230752,-8.750378,0.,73,-99999,-99999.,-99999.,-99999.,-99999.,-99999.,-99999.
107321,5087000,42.230763,-8.750367,0.,73,-99999,-99999.,-99999.,-99999.,-99999.,-99999.,-99999.
107321,5088079,42.23077,-8.750425,0.,73,-99999,-99999.,-99999.,-99999.,-99999.,-99999.,-99999.
107321,5089200,42.23081,-8.750382,0.,73,-99999,-99999.,-99999.,-99999.,-99999.,-99999.,-99999.
107321,5089340,42.230772,-8.750383,0.,73,-99999,-99999.,-99999.,-99999.,-99999.,-99999.,-99999.
107321,5090340,42.230795,-8.750365,0.,73,-99999,-99999.,-99999.,-99999.,-99999.,-99999.,-99999.
107321,5091281,42.230737,-8.750413,0.,73,-99999,-99999.,-99999.,-99999.,-99999.,-99999.,-99999.
107321,5091676,42.230758,-8.750397,0.,73,-99999,-99999.,-99999.,-99999.,-99999.,-99999.,-99999.
107321,5092320,42.230775,-8.750387,0.,73,-99999,-99999.,-99999.,-99999.,-99999.,-99999.,-99999.
107321,5092936,42.230738,-8.750403,0.,73,-99999,-99999.,-99999.,-99999.,-99999.,-99999.,-99999.
107321,5093321,42.23077,-8.75035,0.,73,-99999,-99999.,-99999.,-99999.,-99999.,-99999.,-99999.
107321,5093837,42.23074,-8.750375,0.,73,-99999,-99999.,-99999.,-99999.,-99999.,-99999.,-99999.
107321,5094360,42.230765,-8.750383,0.,73,-99999,-99999.,-99999.,-99999.,-99999.,-99999.,-99999.
107321,5094916,42.230748,-8.750365,0.,73,-99999,-99999.,-99999.,-99999.,-99999.,-99999.,-99999.
107321,5095321,42.230762,-8.75039,0.,73,-99999,-99999.,-99999.,-99999.,-99999.,-99999.,-99999.
107321,5096318,42.230733,-8.750337,0.,73,-99999,-99999.,-99999.,-99999.,-99999.,-99999.,-99999.
107321,5096358,42.230777,-8.750387,0.,73,-99999,-99999.,-99999.,-99999.,-99999.,-99999.,-99999.
107321,5097498,42.230777,-8.750362,0.,73,-99999,-99999.,-99999.,-99999.,-99999.,-99999.,-99999.
107321,5097798,42.23076,-8.750355,0.,73,-99999,-99999.,-99999.,-99999.,-99999.,-99999.,-99999.
107321,5098558,42.230765,-8.750375,0.,73,-99999,-99999.,-99999.,-99999.,-99999.,-99999.,-99999.
107321,5099518,42.230735,-8.750362,0.,73,-99999,-99999.,-99999.,-99999.,-99999.,-99999.,-99999.
107321,5099598,42.230762,-8.750375,0.,73,-99999,-99999.,-99999.,-99999.,-99999.,-99999.,-99999.
107321,5100676,42.230777,-8.750355,0.,73,-99999,-99999.,-99999.,-99999.,-99999.,-99999.,-99999.
107321,5100800,42.230767,-8.750342,0.,73,-99999,-99999.,-99999.,-99999.,-99999.,-99999.,-99999.
107321,5101800,42.230758,-8.750378,0.,73,-99999,-99999.,-99999.,-99999.,-99999.,-99999.,-99999.
107321,5102801,42.230812,-8.750348,0.,73,-99999,-99999.,-99999.,-99999.,-99999.,-99999.,-99999.
107321,5102840,42.230795,-8.750362,0.,73,-99999,-99999.,-99999.,-99999.,-99999.,-99999.,-99999.
107321,5103916,42.230767,-8.75034,0.,73,-99999,-99999.,-99999.,-99999.,-99999.,-99999.,-99999.
107321,5103961,42.230762,-8.750322,0.,73,-99999,-99999.,-99999.,-99999.,-99999.,-99999.,-99999.
107321,5105176,42.230772,-8.750358,0.,73,-99999,-99999.,-99999.,-99999.,-99999.,-99999.,-99999.
107321,5105200,42.230757,-8.750352,0.,73,-99999,-99999.,-99999.,-99999.,-99999.,-99999.,-99999.
107321,5106077,42.230773,-8.750307,0.,73,-99999,-99999.,-99999.,-99999.,-99999.,-99999.,-99999.
107321,5106980,42.230808,-8.750315,0.,73,-99999,-99999.,-99999.,-99999.,-99999.,-99999.,-99999.
107321,5286259,42.230792,-8.750363,0.,73,-99999,-99999.,-99999.,-99999.,-99999.,-99999.,-99999.
107321,5287211,42.230765,-8.750332,0.,73,-99999,-99999.,-99999.,-99999.,-99999.,-99999.,-99999.
107321,5288223,42.230783,-8.750368,0.,73,-99999,-99999.,-99999.,-99999.,-99999.,-99999.,-99999.
107321,5289163,42.230778,-8.750342,0.,73,-99999,-99999.,-99999.,-99999.,-99999.,-99999.,-99999.
107321,5290123,42.230737,-8.750372,0.,73,-99999,-99999.,-99999.,-99999.,-99999.,-99999.,-99999.
107321,5291080,42.230718,-8.75036,0.,73,-99999,-99999.,-99999.,-99999.,-99999.,-99999.,-99999.
107321,5292092,42.23081,-8.75036,0.,73,-99999,-99999.,-99999.,-99999.,-99999.,-99999.,-99999.
107321,5293049,42.230728,-8.750388,0.,73,-99999,-99999.,-99999.,-99999.,-99999.,-99999.,-99999.
107321,5294041,42.230785,-8.750368,0.,73,-99999,-99999.,-99999.,-99999.,-99999.,-99999.,-99999.
107321,5295014,42.230797,-8.750325,0.,73,-99999,-99999.,-99999.,-99999.,-99999.,-99999.,-99999.
107321,5295961,42.230747,-8.750345,0.,73,-99999,-99999.,-99999.,-99999.,-99999.,-99999.,-99999.
107321,5296913,42.230767,-8.75038,0.,73,-99999,-99999.,-99999.,-99999.,-99999.,-99999.,-99999.
107321,5297853,42.230767,-8.750355,0.,73,-99999,-99999.,-99999.,-99999.,-99999.,-99999.,-99999.
107321,5298801,42.230723,-8.750343,0.,73,-99999,-99999.,-99999.,-99999.,-99999.,-99999.,-99999.
107321,5299749,42.230763,-8.750353,0.,73,-99999,-99999.,-99999.,-99999.,-99999.,-99999.,-99999.
107321,5323276,42.230775,-8.750345,0.2,73,-99999,-99999.,-99999.,-99999.,-99999.,-99999.,-99999.
107321,5324236,42.23077,-8.750367,0.,73,-99999,-99999.,-99999.,-99999.,-99999.,-99999.,-99999.
107321,5325194,42.230767,-8.75035,0.,73,-99999,-99999.,-99999.,-99999.,-99999.,-99999.,-99999.
107321,5326124,42.230765,-8.750387,0.,73,-99999,-99999.,-99999.,-99999.,-99999.,-99999.,-99999.
107321,5327064,42.230755,-8.75035,0.,73,-99999,-99999.,-99999.,-99999.,-99999.,-99999.,-99999.
107321,5328035,42.23075,-8.750392,0.,73,-99999,-99999.,-99999.,-99999.,-99999.,-99999.,-99999.
107321,5328973,42.23075,-8.750338,0.,73,-99999,-99999.,-99999.,-99999.,-99999.,-99999.,-99999.
107321,5329595,42.230783,-8.750355,0.,73,-99999,-99999.,-99999.,-99999.,-99999.,-99999.,-99999.
107321,5329911,42.230768,-8.750348,0.,73,-99999,-99999.,-99999.,-99999.,-99999.,-99999.,-99999.
107321,5330897,42.230763,-8.750387,0.,73,-99999,-99999.,-99999.,-99999.,-99999.,-99999.,-99999.
107321,5331834,42.230777,-8.750338,0.,73,-99999,-99999.,-99999.,-99999.,-99999.,-99999.,-99999.
107321,5332815,42.230795,-8.750415,0.,73,-99999,-99999.,-99999.,-99999.,-99999.,-99999.,-99999.
107321,5333774,42.230747,-8.750358,0.,73,-99999,-99999.,-99999.,-99999.,-99999.,-99999.,-99999.
107321,5334742,42.23079,-8.750355,0.,73,-99999,-99999.,-99999.,-99999.,-99999.,-99999.,-99999.
107321,5335755,42.230782,-8.750298,0.,73,-99999,-99999.,-99999.,-99999.,-99999.,-99999.,-99999.
107321,5336676,42.230795,-8.750365,0.,73,-99999,-99999.,-99999.,-99999.,-99999.,-99999.,-99999.
107321,5337634,42.230818,-8.750337,0.,73,-99999,-99999.,-99999.,-99999.,-99999.,-99999.,-99999.
107321,5338604,42.230802,-8.75036,0.,73,-99999,-99999.,-99999.,-99999.,-99999.,-99999.,-99999.
107321,5339584,42.230773,-8.750412,0.,73,-99999,-99999.,-99999.,-99999.,-99999.,-99999.,-99999.
107321,5340524,42.23083,-8.750398,0.,73,-99999,-99999.,-99999.,-99999.,-99999.,-99999.,-99999.
107321,5341495,42.230752,-8.750392,0.,73,-99999,-99999.,-99999.,-99999.,-99999.,-99999.,-99999.
107321,5342437,42.230773,-8.750388,0.,73,-99999,-99999.,-99999.,-99999.,-99999.,-99999.,-99999.
107321,5343404,42.230767,-8.750367,0.,73,-99999,-99999.,-99999.,-99999.,-99999.,-99999.,-99999.
107321,5344356,42.230758,-8.750342,0.,73,-99999,-99999.,-99999.,-99999.,-99999.,-99999.,-99999.
107321,5345324,42.230712,-8.75039,0.,73,-99999,-99999.,-99999.,-99999.,-99999.,-99999.,-99999.
107321,5346284,42.230708,-8.750362,0.,73,-99999,-99999.,-99999.,-99999.,-99999.,-99999.,-99999.
107321,5347285,42.230735,-8.750348,0.,73,-99999,-99999.,-99999.,-99999.,-99999.,-99999.,-99999.
107321,5348229,42.230743,-8.75039,0.,73,-99999,-99999.,-99999.,-99999.,-99999.,-99999.,-99999.
107321,5349194,42.23076,-8.750397,0.,73,-99999,-99999.,-99999.,-99999.,-99999.,-99999.,-99999.
107321,5349735,42.230792,-8.750382,0.,73,-99999,-99999.,-99999.,-99999.,-99999.,-99999.,-99999.
107321,5350135,42.230773,-8.750367,0.,73,-99999,-99999.,-99999.,-99999.,-99999.,-99999.,-99999.
107321,5350756,42.230802,-8.750373,0.,73,-99999,-99999.,-99999.,-99999.,-99999.,-99999.,-99999.
107321,5351094,42.230773,-8.75039,0.,73,-99999,-99999.,-99999.,-99999.,-99999.,-99999.,-99999.
107321,5351797,42.23074,-8.750355,0.,73,-99999,-99999.,-99999.,-99999.,-99999.,-99999.,-99999.
107321,5352009,42.230747,-8.750348,0.,73,-99999,-99999.,-99999.,-99999.,-99999.,-99999.,-99999.
107321,5352858,42.230738,-8.750338,0.,73,-99999,-99999.,-99999.,-99999.,-99999.,-99999.,-99999.
107321,5353015,42.230743,-8.750373,0.,73,-99999,-99999.,-99999.,-99999.,-99999.,-99999.,-99999.
107321,5353854,42.23076,-8.750337,0.,73,-99999,-99999.,-99999.,-99999.,-99999.,-99999.,-99999.
107321,5353966,42.230735,-8.750332,0.,73,-99999,-99999.,-99999.,-99999.,-99999.,-99999.,-99999.
107321,5354934,42.230785,-8.750373,0.,73,-99999,-99999.,-99999.,-99999.,-99999.,-99999.,-99999.
107321,5354974,42.23079,-8.750388,0.,73,-99999,-99999.,-99999.,-99999.,-99999.,-99999.,-99999.
107321,5355916,42.230787,-8.750332,0.,73,-99999,-99999.,-99999.,-99999.,-99999.,-99999.,-99999.
107321,5356036,42.230773,-8.750342,0.,73,-99999,-99999.,-99999.,-99999.,-99999.,-99999.,-99999.
107321,5356876,42.23075,-8.750345,0.,73,-99999,-99999.,-99999.,-99999.,-99999.,-99999.,-99999.
107321,5357176,42.230753,-8.750385,0.,73,-99999,-99999.,-99999.,-99999.,-99999.,-99999.,-99999.
107321,5357844,42.230763,-8.750363,0.,73,-99999,-99999.,-99999.,-99999.,-99999.,-99999.,-99999.
107321,5358116,42.230757,-8.750323,0.,73,-99999,-99999.,-99999.,-99999.,-99999.,-99999.,-99999.
107321,5358797,42.230757,-8.750372,0.,73,-99999,-99999.,-99999.,-99999.,-99999.,-99999.,-99999.
107321,5359093,42.230725,-8.750345,0.,73,-99999,-99999.,-99999.,-99999.,-99999.,-99999.,-99999.
107321,5359765,42.230778,-8.750337,0.,73,-99999,-99999.,-99999.,-99999.,-99999.,-99999.,-99999.
107321,5360455,42.23077,-8.750342,0.,73,-99999,-99999.,-99999.,-99999.,-99999.,-99999.,-99999.
107321,5360743,42.230782,-8.750345,0.,73,-99999,-99999.,-99999.,-99999.,-99999.,-99999.,-99999.
107321,5361495,42.230765,-8.750368,0.,73,-99999,-99999.,-99999.,-99999.,-99999.,-99999.,-99999.
107321,5361704,42.230765,-8.75034,0.,73,-99999,-99999.,-99999.,-99999.,-99999.,-99999.,-99999.
107321,5362645,42.230753,-8.750363,0.,73,-99999,-99999.,-99999.,-99999.,-99999.,-99999.,-99999.
107321,5362733,42.230762,-8.750332,0.,73,-99999,-99999.,-99999.,-99999.,-99999.,-99999.,-99999.
107321,5363613,42.230782,-8.750352,0.,73,-99999,-99999.,-99999.,-99999.,-99999.,-99999.,-99999.
107321,5364544,42.230775,-8.750337,0.,73,-99999,-99999.,-99999.,-99999.,-99999.,-99999.,-99999.
107321,5365495,42.230805,-8.750308,0.,73,-99999,-99999.,-99999.,-99999.,-99999.,-99999.,-99999.
107321,5366411,42.230765,-8.75028,0.,73,-99999,-99999.,-99999.,-99999.,-99999.,-99999.,-99999.
107321,5367405,42.230758,-8.750387,0.,73,-99999,-99999.,-99999.,-99999.,-99999.,-99999.,-99999.
107321,5368374,42.230737,-8.750382,0.,73,-99999,-99999.,-99999.,-99999.,-99999.,-99999.,-99999.
107321,5369345,42.230752,-8.750395,0.,73,-99999,-99999.,-99999.,-99999.,-99999.,-99999.,-99999.
107321,5370306,42.230732,-8.750392,0.,73,-99999,-99999.,-99999.,-99999.,-99999.,-99999.,-99999.
107321,5371254,42.230748,-8.750343,0.,73,-99999,-99999.,-99999.,-99999.,-99999.,-99999.,-99999.
107321,5372178,42.2308,-8.750342,0.,73,-99999,-99999.,-99999.,-99999.,-99999.,-99999.,-99999.
107321,5373079,42.23077,-8.750298,0.,73,-99999,-99999.,-99999.,-99999.,-99999.,-99999.,-99999.
107321,5374087,42.230782,-8.750337,0.,73,-99999,-99999.,-99999.,-99999.,-99999.,-99999.,-99999.
107321,5375045,42.230762,-8.750338,0.,73,-99999,-99999.,-99999.,-99999.,-99999.,-99999.,-99999.
107321,5375985,42.230742,-8.750355,0.,73,-99999,-99999.,-99999.,-99999.,-99999.,-99999.,-99999.
107321,5376923,42.230742,-8.75037,0.,73,-99999,-99999.,-99999.,-99999.,-99999.,-99999.,-99999.
107321,5377877,42.230788,-8.75039,0.,73,-99999,-99999.,-99999.,-99999.,-99999.,-99999.,-99999.
107321,5378846,42.230722,-8.7504,0.,73,-99999,-99999.,-99999.,-99999.,-99999.,-99999.,-99999.
107321,5379785,42.230747,-8.750395,0.,73,-99999,-99999.,-99999.,-99999.,-99999.,-99999.,-99999.
107321,5380745,42.230743,-8.750403,0.,73,-99999,-99999.,-99999.,-99999.,-99999.,-99999.,-99999.
107321,5381695,42.23077,-8.750342,0.,73,-99999,-99999.,-99999.,-99999.,-99999.,-99999.,-99999.
107321,5382705,42.230757,-8.750368,0.,73,-99999,-99999.,-99999.,-99999.,-99999.,-99999.,-99999.
107321,5383655,42.230725,-8.750335,0.,73,-99999,-99999.,-99999.,-99999.,-99999.,-99999.,-99999.
107321,5384592,42.230725,-8.75035,0.,73,-99999,-99999.,-99999.,-99999.,-99999.,-99999.,-99999.
107321,5385545,42.230742,-8.750338,0.,73,-99999,-99999.,-99999.,-99999.,-99999.,-99999.,-99999.
107321,5386495,42.230788,-8.750355,0.,73,-99999,-99999.,-99999.,-99999.,-99999.,-99999.,-99999.
107321,5387456,42.230817,-8.750332,0.,73,-99999,-99999.,-99999.,-99999.,-99999.,-99999.,-99999.
107321,5388404,42.230778,-8.750362,0.,73,-99999,-99999.,-99999.,-99999.,-99999.,-99999.,-99999.
107321,5389374,42.230845,-8.750325,0.,73,-99999,-99999.,-99999.,-99999.,-99999.,-99999.,-99999.
107321,5390354,42.230767,-8.750375,0.,73,-99999,-99999.,-99999.,-99999.,-99999.,-99999.,-99999.
107321,5391314,42.2308,-8.750343,0.,73,-99999,-99999.,-99999.,-99999.,-99999.,-99999.,-99999.
107321,5392276,42.230763,-8.750372,0.,73,-99999,-99999.,-99999.,-99999.,-99999.,-99999.,-99999.
107321,5393244,42.230753,-8.750342,0.,73,-99999,-99999.,-99999.,-99999.,-99999.,-99999.,-99999.
107321,5394184,42.230777,-8.750363,0.,73,-99999,-99999.,-99999.,-99999.,-99999.,-99999.,-99999.
107321,5395144,42.230785,-8.750347,0.,73,-99999,-99999.,-99999.,-99999.,-99999.,-99999.,-99999.
107321,5396123,42.230783,-8.75036,0.,73,-99999,-99999.,-99999.,-99999.,-99999.,-99999.,-99999.
107321,5397095,42.230785,-8.750382,0.,73,-99999,-99999.,-99999.,-99999.,-99999.,-99999.,-99999.
107321,5398043,42.230747,-8.750342,0.,73,-99999,-99999.,-99999.,-99999.,-99999.,-99999.,-99999.
107321,5399002,42.230808,-8.75035,0.,73,-99999,-99999.,-99999.,-99999.,-99999.,-99999.,-99999.
107321,5399965,42.230807,-8.75036,0.,73,-99999,-99999.,-99999.,-99999.,-99999.,-99999.,-99999.
107321,5400954,42.230797,-8.750378,0.,73,-99999,-99999.,-99999.,-99999.,-99999.,-99999.,-99999.
107321,5401881,42.230805,-8.750375,0.,73,-99999,-99999.,-99999.,-99999.,-99999.,-99999.,-99999.
107321,5402864,42.230798,-8.75036,0.,73,-99999,-99999.,-99999.,-99999.,-99999.,-99999.,-99999.
107321,5403853,42.23079,-8.750353,0.,73,-99999,-99999.,-99999.,-99999.,-99999.,-99999.,-99999.
107321,5404761,42.23078,-8.750367,0.,73,-99999,-99999.,-99999.,-99999.,-99999.,-99999.,-99999.
107321,5405713,42.23079,-8.750368,0.,73,-99999,-99999.,-99999.,-99999.,-99999.,-99999.,-99999.
107321,5406656,42.230768,-8.750367,0.,73,-99999,-99999.,-99999.,-99999.,-99999.,-99999.,-99999.
107321,5407613,42.230758,-8.750397,0.,73,-99999,-99999.,-99999.,-99999.,-99999.,-99999.,-99999.
107321,5408535,42.230738,-8.750407,0.,73,-99999,-99999.,-99999.,-99999.,-99999.,-99999.,-99999.
107321,5409516,42.230777,-8.750333,0.,73,-99999,-99999.,-99999.,-99999.,-99999.,-99999.,-99999.
107321,5410465,42.230732,-8.750362,0.,73,-99999,-99999.,-99999.,-99999.,-99999.,-99999.,-99999.
107321,5411416,42.23077,-8.75035,0.,73,-99999,-99999.,-99999.,-99999.,-99999.,-99999.,-99999.
107321,5412377,42.230773,-8.750375,0.,73,-99999,-99999.,-99999.,-99999.,-99999.,-99999.,-99999.
107321,5413314,42.230767,-8.750377,0.,73,-99999,-99999.,-99999.,-99999.,-99999.,-99999.,-99999.
107321,5414274,42.230777,-8.750387,0.,73,-99999,-99999.,-99999.,-99999.,-99999.,-99999.,-99999.
107321,5415195,42.23076,-8.750407,0.,73,-99999,-99999.,-99999.,-99999.,-99999.,-99999.,-99999.
107321,5416203,42.230827,-8.750385,0.,73,-99999,-99999.,-99999.,-99999.,-99999.,-99999.,-99999.
107321,5416275,42.230798,-8.750428,0.,73,-99999,-99999.,-99999.,-99999.,-99999.,-99999.,-99999.
107321,5417215,42.230775,-8.75036,0.,73,-99999,-99999.,-99999.,-99999.,-99999.,-99999.,-99999.
107321,5417243,42.230752,-8.75038,0.,73,-99999,-99999.,-99999.,-99999.,-99999.,-99999.,-99999.
107321,5418203,42.230773,-8.75036,0.,73,-99999,-99999.,-99999.,-99999.,-99999.,-99999.,-99999.
107321,5418215,42.230775,-8.750368,0.,73,-99999,-99999.,-99999.,-99999.,-99999.,-99999.,-99999.
107321,5419151,42.230808,-8.750385,0.,73,-99999,-99999.,-99999.,-99999.,-99999.,-99999.,-99999.
107321,5419235,42.230808,-8.750353,0.,73,-99999,-99999.,-99999.,-99999.,-99999.,-99999.,-99999.
107321,5420103,42.230805,-8.75036,0.,73,-99999,-99999.,-99999.,-99999.,-99999.,-99999.,-99999.
107321,5421036,42.23075,-8.750385,0.,73,-99999,-99999.,-99999.,-99999.,-99999.,-99999.,-99999.
107321,5421985,42.230803,-8.750378,0.,73,-99999,-99999.,-99999.,-99999.,-99999.,-99999.,-99999.
107321,5422933,42.230812,-8.750382,0.,73,-99999,-99999.,-99999.,-99999.,-99999.,-99999.,-99999.
107321,5423893,42.230822,-8.750327,0.,73,-99999,-99999.,-99999.,-99999.,-99999.,-99999.,-99999.
107321,5424833,42.230768,-8.75046,0.,73,-99999,-99999.,-99999.,-99999.,-99999.,-99999.,-99999.
107321,5425785,42.230775,-8.750447,0.,73,-99999,-99999.,-99999.,-99999.,-99999.,-99999.,-99999.
107321,5426747,42.230768,-8.750388,0.,73,-99999,-99999.,-99999.,-99999.,-99999.,-99999.,-99999.
107321,5427705,42.230793,-8.750373,0.,73,-99999,-99999.,-99999.,-99999.,-99999.,-99999.,-99999.
107321,5428675,42.23075,-8.750367,0.,73,-99999,-99999.,-99999.,-99999.,-99999.,-99999.,-99999.
107321,5429615,42.230743,-8.750363,0.,73,-99999,-99999.,-99999.,-99999.,-99999.,-99999.,-99999.
107321,5430563,42.230733,-8.750368,0.,73,-99999,-99999.,-99999.,-99999.,-99999.,-99999.,-99999.
107321,5431495,42.23075,-8.750395,0.,73,-99999,-99999.,-99999.,-99999.,-99999.,-99999.,-99999.
107321,5432455,42.230727,-8.75036,0.,73,-99999,-99999.,-99999.,-99999.,-99999.,-99999.,-99999.
107321,5433423,42.23077,-8.750352,0.,73,-99999,-99999.,-99999.,-99999.,-99999.,-99999.,-99999.
107321,5434114,42.230805,-8.750388,0.,73,-99999,-99999.,-99999.,-99999.,-99999.,-99999.,-99999.
107321,5434374,42.230773,-8.750387,0.,73,-99999,-99999.,-99999.,-99999.,-99999.,-99999.,-99999.
107321,5435235,42.230727,-8.750395,0.,73,-99999,-99999.,-99999.,-99999.,-99999.,-99999.,-99999.
107321,5435346,42.23075,-8.750417,0.,73,-99999,-99999.,-99999.,-99999.,-99999.,-99999.,-99999.
107321,5436313,42.230775,-8.75038,0.,73,-99999,-99999.,-99999.,-99999.,-99999.,-99999.,-99999.
107321,5436456,42.230748,-8.750375,0.,73,-99999,-99999.,-99999.,-99999.,-99999.,-99999.,-99999.
107321,5437266,42.230738,-8.750405,0.,73,-99999,-99999.,-99999.,-99999.,-99999.,-99999.,-99999.
107321,5437397,42.230752,-8.750358,0.,73,-99999,-99999.,-99999.,-99999.,-99999.,-99999.,-99999.
107321,5438205,42.230738,-8.75035,0.,73,-99999,-99999.,-99999.,-99999.,-99999.,-99999.,-99999.
107321,5438574,42.23072,-8.750372,0.,73,-99999,-99999.,-99999.,-99999.,-99999.,-99999.,-99999.
107321,5462986,42.230723,-8.750395,0.,73,-99999,-99999.,-99999.,-99999.,-99999.,-99999.,-99999.
107321,5463955,42.23076,-8.75039,0.,73,-99999,-99999.,-99999.,-99999.,-99999.,-99999.,-99999.
107321,5464935,42.230693,-8.750427,0.,73,-99999,-99999.,-99999.,-99999.,-99999.,-99999.,-99999.
107321,5465887,42.230823,-8.750335,0.,73,-99999,-99999.,-99999.,-99999.,-99999.,-99999.,-99999.
107321,5466846,42.230773,-8.75035,0.,73,-99999,-99999.,-99999.,-99999.,-99999.,-99999.,-99999.
107321,5467794,42.23073,-8.750368,0.,73,-99999,-99999.,-99999.,-99999.,-99999.,-99999.,-99999.
107321,5468774,42.23074,-8.750382,0.,73,-99999,-99999.,-99999.,-99999.,-99999.,-99999.,-99999.
107321,5469734,42.230727,-8.75034,0.,73,-99999,-99999.,-99999.,-99999.,-99999.,-99999.,-99999.
107321,5470695,42.230767,-8.75035,0.,73,-99999,-99999.,-99999.,-99999.,-99999.,-99999.,-99999.
107321,5471626,42.230727,-8.75037,0.,73,-99999,-99999.,-99999.,-99999.,-99999.,-99999.,-99999.
107321,5472586,42.230767,-8.750375,0.,73,-99999,-99999.,-99999.,-99999.,-99999.,-99999.,-99999.
107321,5473523,42.230753,-8.75036,0.,73,-99999,-99999.,-99999.,-99999.,-99999.,-99999.,-99999.
107321,5474504,42.2308,-8.750305,0.,73,-99999,-99999.,-99999.,-99999.,-99999.,-99999.,-99999.
107321,5475468,42.230838,-8.750373,0.,73,-99999,-99999.,-99999.,-99999.,-99999.,-99999.,-99999.
107321,5476417,42.230797,-8.750332,0.,73,-99999,-99999.,-99999.,-99999.,-99999.,-99999.,-99999.
107321,5477365,42.230775,-8.750337,0.,73,-99999,-99999.,-99999.,-99999.,-99999.,-99999.,-99999.
107321,5478314,42.230745,-8.750363,0.,73,-99999,-99999.,-99999.,-99999.,-99999.,-99999.,-99999.
107321,5479277,42.230738,-8.750333,0.,73,-99999,-99999.,-99999.,-99999.,-99999.,-99999.,-99999.
107321,5480225,42.230792,-8.75039,0.,73,-99999,-99999.,-99999.,-99999.,-99999.,-99999.,-99999.
107321,5481174,42.230785,-8.750393,0.,73,-99999,-99999.,-99999.,-99999.,-99999.,-99999.,-99999.
107321,5482146,42.230778,-8.750345,0.,73,-99999,-99999.,-99999.,-99999.,-99999.,-99999.,-99999.
107321,5483109,42.230763,-8.750347,0.,73,-99999,-99999.,-99999.,-99999.,-99999.,-99999.,-99999.
107321,5484045,42.230783,-8.75036,0.,73,-99999,-99999.,-99999.,-99999.,-99999.,-99999.,-99999.
107321,5485018,42.230795,-8.750362,0.,73,-99999,-99999.,-99999.,-99999.,-99999.,-99999.,-99999.
107321,5485958,42.230775,-8.750358,0.,73,-99999,-99999.,-99999.,-99999.,-99999.,-99999.,-99999.
107321,5486915,42.230807,-8.750373,0.,73,-99999,-99999.,-99999.,-99999.,-99999.,-99999.,-99999.
107321,5487816,42.230768,-8.750387,0.,73,-99999,-99999.,-99999.,-99999.,-99999.,-99999.,-99999.
107321,5491943,42.230767,-8.75037,0.,73,-99999,-99999.,-99999.,-99999.,-99999.,-99999.,-99999.
107321,5492910,42.230728,-8.750402,0.,73,-99999,-99999.,-99999.,-99999.,-99999.,-99999.,-99999.
107321,5493837,42.230753,-8.75042,0.,73,-99999,-99999.,-99999.,-99999.,-99999.,-99999.,-99999.
107321,5494776,42.23072,-8.750397,0.,73,-99999,-99999.,-99999.,-99999.,-99999.,-99999.,-99999.
107321,5495708,42.230775,-8.75038,0.,73,-99999,-99999.,-99999.,-99999.,-99999.,-99999.,-99999.
107321,5496730,42.230773,-8.750385,0.,73,-99999,-99999.,-99999.,-99999.,-99999.,-99999.,-99999.
107321,5497787,42.230762,-8.750363,0.,73,-99999,-99999.,-99999.,-99999.,-99999.,-99999.,-99999.
107321,5498711,42.230753,-8.750368,0.,73,-99999,-99999.,-99999.,-99999.,-99999.,-99999.,-99999.
107321,5499628,42.230773,-8.750365,0.,73,-99999,-99999.,-99999.,-99999.,-99999.,-99999.,-99999.
107321,5500633,42.230753,-8.750382,0.,73,-99999,-99999.,-99999.,-99999.,-99999.,-99999.,-99999.
107321,5501609,42.230745,-8.750357,0.,73,-99999,-99999.,-99999.,-99999.,-99999.,-99999.,-99999.
107321,5502525,42.230795,-8.75043,0.,73,-99999,-99999.,-99999.,-99999.,-99999.,-99999.,-99999.
107321,5503505,42.230798,-8.7504,0.,73,-99999,-99999.,-99999.,-99999.,-99999.,-99999.,-99999.
107321,5504453,42.23076,-8.750407,0.,73,-99999,-99999.,-99999.,-99999.,-99999.,-99999.,-99999.
107321,5505402,42.230835,-8.750395,0.,73,-99999,-99999.,-99999.,-99999.,-99999.,-99999.,-99999.
107321,5506303,42.230828,-8.750398,0.,73,-99999,-99999.,-99999.,-99999.,-99999.,-99999.,-99999.
107321,5507274,42.230823,-8.750338,0.,73,-99999,-99999.,-99999.,-99999.,-99999.,-99999.,-99999.
107321,5508242,42.230795,-8.750423,0.,73,-99999,-99999.,-99999.,-99999.,-99999.,-99999.,-99999.
107321,5509167,42.230805,-8.750393,0.,73,-99999,-99999.,-99999.,-99999.,-99999.,-99999.,-99999.
107321,5510115,42.230813,-8.750333,0.,73,-99999,-99999.,-99999.,-99999.,-99999.,-99999.,-99999.
107321,5511315,42.230758,-8.750395,0.,73,-99999,-99999.,-99999.,-99999.,-99999.,-99999.,-99999.
107321,5512241,42.230762,-8.75039,0.,73,-99999,-99999.,-99999.,-99999.,-99999.,-99999.,-99999.
107321,5513202,42.230785,-8.750448,0.,73,-99999,-99999.,-99999.,-99999.,-99999.,-99999.,-99999.
107321,5514118,42.230785,-8.750412,0.,73,-99999,-99999.,-99999.,-99999.,-99999.,-99999.,-99999.
107321,5515073,42.230753,-8.750422,0.,73,-99999,-99999.,-99999.,-99999.,-99999.,-99999.,-99999.
107321,5516193,42.23074,-8.750397,0.,73,-99999,-99999.,-99999.,-99999.,-99999.,-99999.,-99999.
107321,5517251,42.23082,-8.750402,0.,73,-99999,-99999.,-99999.,-99999.,-99999.,-99999.,-99999.
107321,5518224,42.230777,-8.750378,0.,73,-99999,-99999.,-99999.,-99999.,-99999.,-99999.,-99999.
107321,5520140,42.230833,-8.750352,0.,73,-99999,-99999.,-99999.,-99999.,-99999.,-99999.,-99999.
107321,5521168,42.230797,-8.750397,0.,73,-99999,-99999.,-99999.,-99999.,-99999.,-99999.,-99999.
107321,5522087,42.230803,-8.75037,0.,73,-99999,-99999.,-99999.,-99999.,-99999.,-99999.,-99999.
107321,5523100,42.230777,-8.750387,0.,73,-99999,-99999.,-99999.,-99999.,-99999.,-99999.,-99999.
107321,5524030,42.230778,-8.750378,0.,73,-99999,-99999.,-99999.,-99999.,-99999.,-99999.,-99999.
107321,5524983,42.230797,-8.750385,0.,73,-99999,-99999.,-99999.,-99999.,-99999.,-99999.,-99999.
107321,5525314,42.230742,-8.75037,0.,73,-99999,-99999.,-99999.,-99999.,-99999.,-99999.,-99999.
107321,5525910,42.230753,-8.750352,0.,73,-99999,-99999.,-99999.,-99999.,-99999.,-99999.,-99999.
107321,5526395,42.230708,-8.750353,0.,73,-99999,-99999.,-99999.,-99999.,-99999.,-99999.,-99999.
107321,5526915,42.230745,-8.750377,0.,73,-99999,-99999.,-99999.,-99999.,-99999.,-99999.,-99999.
107321,5527811,42.230777,-8.75039,0.,73,-99999,-99999.,-99999.,-99999.,-99999.,-99999.,-99999.
107321,5527864,42.230803,-8.750348,0.,73,-99999,-99999.,-99999.,-99999.,-99999.,-99999.,-99999.
107321,5528767,42.230792,-8.750373,0.,73,-99999,-99999.,-99999.,-99999.,-99999.,-99999.,-99999.
107321,5528955,42.230788,-8.750398,0.,73,-99999,-99999.,-99999.,-99999.,-99999.,-99999.,-99999.
107321,5529723,42.230815,-8.750365,0.,73,-99999,-99999.,-99999.,-99999.,-99999.,-99999.,-99999.
107321,5530625,42.230722,-8.750358,0.,73,-99999,-99999.,-99999.,-99999.,-99999.,-99999.,-99999.
107321,5531526,42.230785,-8.750387,0.,73,-99999,-99999.,-99999.,-99999.,-99999.,-99999.,-99999.
107321,5532486,42.230768,-8.750363,0.,73,-99999,-99999.,-99999.,-99999.,-99999.,-99999.,-99999.
107321,5532974,42.23081,-8.750345,0.,73,-99999,-99999.,-99999.,-99999.,-99999.,-99999.,-99999.
107321,5533390,42.230775,-8.750343,0.,73,-99999,-99999.,-99999.,-99999.,-99999.,-99999.,-99999.
107321,5534351,42.230747,-8.750397,0.,73,-99999,-99999.,-99999.,-99999.,-99999.,-99999.,-99999.
107321,5534555,42.230757,-8.75038,0.,73,-99999,-99999.,-99999.,-99999.,-99999.,-99999.,-99999.
107321,5535256,42.230785,-8.750342,0.,73,-99999,-99999.,-99999.,-99999.,-99999.,-99999.,-99999.
107321,5535512,42.230768,-8.750402,0.,73,-99999,-99999.,-99999.,-99999.,-99999.,-99999.,-99999.
107321,5536173,42.230778,-8.750403,0.,73,-99999,-99999.,-99999.,-99999.,-99999.,-99999.,-99999.
107321,5537161,42.2308,-8.750392,0.,73,-99999,-99999.,-99999.,-99999.,-99999.,-99999.,-99999.
107321,5538121,42.230782,-8.75037,0.,73,-99999,-99999.,-99999.,-99999.,-99999.,-99999.,-99999.
107321,5539052,42.230767,-8.750345,0.,73,-99999,-99999.,-99999.,-99999.,-99999.,-99999.,-99999.
107321,5539955,42.230757,-8.750393,0.,73,-99999,-99999.,-99999.,-99999.,-99999.,-99999.,-99999.
107321,5540883,42.230755,-8.750385,0.,73,-99999,-99999.,-99999.,-99999.,-99999.,-99999.,-99999.
107321,5541843,42.230738,-8.75038,0.,73,-99999,-99999.,-99999.,-99999.,-99999.,-99999.,-99999.
107321,5542803,42.230768,-8.750437,0.,73,-99999,-99999.,-99999.,-99999.,-99999.,-99999.,-99999.
107321,5543713,42.230765,-8.750357,0.,73,-99999,-99999.,-99999.,-99999.,-99999.,-99999.,-99999.
107321,5544621,42.230807,-8.750377,0.,73,-99999,-99999.,-99999.,-99999.,-99999.,-99999.,-99999.
107321,5545536,42.230795,-8.750345,0.,73,-99999,-99999.,-99999.,-99999.,-99999.,-99999.,-99999.
107321,5546437,42.230782,-8.75038,0.,73,-99999,-99999.,-99999.,-99999.,-99999.,-99999.,-99999.
107321,5547697,42.230767,-8.750327,0.,73,-99999,-99999.,-99999.,-99999.,-99999.,-99999.,-99999.
107321,5548953,42.230777,-8.750347,0.,73,-99999,-99999.,-99999.,-99999.,-99999.,-99999.,-99999.
107321,5549857,42.230738,-8.750378,0.,73,-99999,-99999.,-99999.,-99999.,-99999.,-99999.,-99999.
107321,5550814,42.23079,-8.750355,0.,73,-99999,-99999.,-99999.,-99999.,-99999.,-99999.,-99999.
107321,5551751,42.23075,-8.750405,0.,73,-99999,-99999.,-99999.,-99999.,-99999.,-99999.,-99999.
107321,5552703,42.230758,-8.75034,0.,73,-99999,-99999.,-99999.,-99999.,-99999.,-99999.,-99999.
107321,5553664,42.23079,-8.750378,0.,73,-99999,-99999.,-99999.,-99999.,-99999.,-99999.,-99999.
107321,5554625,42.23074,-8.750398,0.,73,-99999,-99999.,-99999.,-99999.,-99999.,-99999.,-99999.
107321,5555582,42.230748,-8.750363,0.,73,-99999,-99999.,-99999.,-99999.,-99999.,-99999.,-99999.
107321,5556542,42.230737,-8.750402,0.,73,-99999,-99999.,-99999.,-99999.,-99999.,-99999.,-99999.
107321,5557503,42.230732,-8.750365,0.,73,-99999,-99999.,-99999.,-99999.,-99999.,-99999.,-99999.
107321,5558524,42.230777,-8.750382,0.,73,-99999,-99999.,-99999.,-99999.,-99999.,-99999.,-99999.
107321,5559494,42.230755,-8.75039,0.,73,-99999,-99999.,-99999.,-99999.,-99999.,-99999.,-99999.
107321,5560463,42.230765,-8.750375,0.,73,-99999,-99999.,-99999.,-99999.,-99999.,-99999.,-99999.
107321,5561403,42.230808,-8.750347,0.,73,-99999,-99999.,-99999.,-99999.,-99999.,-99999.,-99999.
107321,5562363,42.230787,-8.750377,0.,73,-99999,-99999.,-99999.,-99999.,-99999.,-99999.,-99999.
107321,5563323,42.230745,-8.750368,0.,73,-99999,-99999.,-99999.,-99999.,-99999.,-99999.,-99999.
107321,5564280,42.230783,-8.750387,0.,73,-99999,-99999.,-99999.,-99999.,-99999.,-99999.,-99999.
107321,5565252,42.230758,-8.750375,0.,73,-99999,-99999.,-99999.,-99999.,-99999.,-99999.,-99999.
107321,5566205,42.230772,-8.75035,0.,73,-99999,-99999.,-99999.,-99999.,-99999.,-99999.,-99999.
107321,5567162,42.230753,-8.750357,0.,73,-99999,-99999.,-99999.,-99999.,-99999.,-99999.,-99999.
107321,5568122,42.23078,-8.750373,0.,73,-99999,-99999.,-99999.,-99999.,-99999.,-99999.,-99999.
107321,5569082,42.230773,-8.750363,0.,73,-99999,-99999.,-99999.,-99999.,-99999.,-99999.,-99999.
107321,5570162,42.230807,-8.75033,0.,73,-99999,-99999.,-99999.,-99999.,-99999.,-99999.,-99999.
107321,5571121,42.230782,-8.750358,0.,73,-99999,-99999.,-99999.,-99999.,-99999.,-99999.,-99999.
107321,5572084,42.23082,-8.75035,0.,73,-99999,-99999.,-99999.,-99999.,-99999.,-99999.,-99999.
107321,5573044,42.230788,-8.750352,0.,73,-99999,-99999.,-99999.,-99999.,-99999.,-99999.,-99999.
107321,5574005,42.230787,-8.750393,0.,73,-99999,-99999.,-99999.,-99999.,-99999.,-99999.,-99999.
107321,5574950,42.230802,-8.750347,0.,73,-99999,-99999.,-99999.,-99999.,-99999.,-99999.,-99999.
107321,5576210,42.230783,-8.750382,0.,73,-99999,-99999.,-99999.,-99999.,-99999.,-99999.,-99999.
107321,5577290,42.230822,-8.750372,0.,73,-99999,-99999.,-99999.,-99999.,-99999.,-99999.,-99999.
107321,5578235,42.230762,-8.750377,0.,73,-99999,-99999.,-99999.,-99999.,-99999.,-99999.,-99999.
107321,5579190,42.230777,-8.750388,0.,73,-99999,-99999.,-99999.,-99999.,-99999.,-99999.,-99999.
107321,5580158,42.230757,-8.750372,0.,73,-99999,-99999.,-99999.,-99999.,-99999.,-99999.,-99999.
107321,5581066,42.230762,-8.750402,0.,73,-99999,-99999.,-99999.,-99999.,-99999.,-99999.,-99999.
107321,5582061,42.23074,-8.75041,0.,73,-99999,-99999.,-99999.,-99999.,-99999.,-99999.,-99999.
107321,5583049,42.230768,-8.750382,0.,73,-99999,-99999.,-99999.,-99999.,-99999.,-99999.,-99999.
107321,5584129,42.230753,-8.750317,0.,73,-99999,-99999.,-99999.,-99999.,-99999.,-99999.,-99999.
107321,5585205,42.230778,-8.75037,0.,73,-99999,-99999.,-99999.,-99999.,-99999.,-99999.,-99999.
107321,5586289,42.230785,-8.750388,0.,73,-99999,-99999.,-99999.,-99999.,-99999.,-99999.,-99999.
107321,5587369,42.230762,-8.750385,0.,73,-99999,-99999.,-99999.,-99999.,-99999.,-99999.,-99999.
107321,5588449,42.230808,-8.750417,0.,73,-99999,-99999.,-99999.,-99999.,-99999.,-99999.,-99999.
107321,5589573,42.230778,-8.750363,0.,73,-99999,-99999.,-99999.,-99999.,-99999.,-99999.,-99999.
107321,5589706,42.23075,-8.750353,0.,73,-99999,-99999.,-99999.,-99999.,-99999.,-99999.,-99999.
107321,5590634,42.23078,-8.750438,0.,73,-99999,-99999.,-99999.,-99999.,-99999.,-99999.,-99999.
107321,5591654,42.230823,-8.750433,0.,73,-99999,-99999.,-99999.,-99999.,-99999.,-99999.,-99999.
107321,5592667,42.23078,-8.750382,0.,73,-99999,-99999.,-99999.,-99999.,-99999.,-99999.,-99999.
107321,5593668,42.230842,-8.750348,0.,73,-99999,-99999.,-99999.,-99999.,-99999.,-99999.,-99999.
107321,5594648,42.23075,-8.750387,0.,73,-99999,-99999.,-99999.,-99999.,-99999.,-99999.,-99999.
107321,5595647,42.230812,-8.750448,0.,73,-99999,-99999.,-99999.,-99999.,-99999.,-99999.,-99999.
107321,5596567,42.230802,-8.750373,0.,73,-99999,-99999.,-99999.,-99999.,-99999.,-99999.,-99999.
107321,5597528,42.230792,-8.750373,0.,73,-99999,-99999.,-99999.,-99999.,-99999.,-99999.,-99999.
107321,5598489,42.230767,-8.750413,0.,73,-99999,-99999.,-99999.,-99999.,-99999.,-99999.,-99999.
107321,5599431,42.23078,-8.750418,0.,73,-99999,-99999.,-99999.,-99999.,-99999.,-99999.,-99999.
107321,5600408,42.230777,-8.750392,0.,73,-99999,-99999.,-99999.,-99999.,-99999.,-99999.,-99999.
107321,5601369,42.23077,-8.750405,0.,73,-99999,-99999.,-99999.,-99999.,-99999.,-99999.,-99999.
107321,5602327,42.230733,-8.750377,0.,73,-99999,-99999.,-99999.,-99999.,-99999.,-99999.,-99999.
107321,5603283,42.230772,-8.750403,0.,73,-99999,-99999.,-99999.,-99999.,-99999.,-99999.,-99999.
107321,5604203,42.23077,-8.750388,0.,73,-99999,-99999.,-99999.,-99999.,-99999.,-99999.,-99999.
107321,5605443,42.230697,-8.750373,0.,73,-99999,-99999.,-99999.,-99999.,-99999.,-99999.,-99999.
107321,5606428,42.230763,-8.750408,0.,73,-99999,-99999.,-99999.,-99999.,-99999.,-99999.,-99999.
107321,5607385,42.230807,-8.750397,0.,73,-99999,-99999.,-99999.,-99999.,-99999.,-99999.,-99999.
107321,5608324,42.230762,-8.750368,0.,73,-99999,-99999.,-99999.,-99999.,-99999.,-99999.,-99999.
107321,5609284,42.230758,-8.750348,0.,73,-99999,-99999.,-99999.,-99999.,-99999.,-99999.,-99999.
107321,5610244,42.230745,-8.750387,0.,73,-99999,-99999.,-99999.,-99999.,-99999.,-99999.,-99999.
107321,5611202,42.230745,-8.750367,0.,73,-99999,-99999.,-99999.,-99999.,-99999.,-99999.,-99999.
107321,5612163,42.230738,-8.750378,0.,73,-99999,-99999.,-99999.,-99999.,-99999.,-99999.,-99999.
107321,5613122,42.230743,-8.750348,0.,73,-99999,-99999.,-99999.,-99999.,-99999.,-99999.,-99999.
107321,5614083,42.230755,-8.750375,0.,73,-99999,-99999.,-99999.,-99999.,-99999.,-99999.,-99999.
107321,5614511,42.230775,-8.750437,0.,73,-99999,-99999.,-99999.,-99999.,-99999.,-99999.,-99999.
107321,5615042,42.23078,-8.75036,0.,73,-99999,-99999.,-99999.,-99999.,-99999.,-99999.,-99999.
107321,5615414,42.230765,-8.750367,0.,73,-99999,-99999.,-99999.,-99999.,-99999.,-99999.,-99999.
107321,5616004,42.230762,-8.750357,0.,73,-99999,-99999.,-99999.,-99999.,-99999.,-99999.,-99999.
107321,5617213,42.230803,-8.750362,0.,73,-99999,-99999.,-99999.,-99999.,-99999.,-99999.,-99999.
107321,5618162,42.230803,-8.750337,0.,73,-99999,-99999.,-99999.,-99999.,-99999.,-99999.,-99999.
107321,5619123,42.23079,-8.750387,0.,73,-99999,-99999.,-99999.,-99999.,-99999.,-99999.,-99999.
107321,5619155,42.230798,-8.750368,0.,73,-99999,-99999.,-99999.,-99999.,-99999.,-99999.,-99999.
107321,5620083,42.230753,-8.750363,0.,73,-99999,-99999.,-99999.,-99999.,-99999.,-99999.,-99999.
107321,5620351,42.230758,-8.750375,0.,73,-99999,-99999.,-99999.,-99999.,-99999.,-99999.,-99999.
107321,5621044,42.230758,-8.750348,0.,73,-99999,-99999.,-99999.,-99999.,-99999.,-99999.,-99999.
107321,5622005,42.230792,-8.750338,0.,73,-99999,-99999.,-99999.,-99999.,-99999.,-99999.,-99999.
107321,5622952,42.230782,-8.750373,0.,73,-99999,-99999.,-99999.,-99999.,-99999.,-99999.,-99999.
107321,5622972,42.230762,-8.750383,0.,73,-99999,-99999.,-99999.,-99999.,-99999.,-99999.,-99999.
107321,5623921,42.230822,-8.750332,0.,73,-99999,-99999.,-99999.,-99999.,-99999.,-99999.,-99999.
107321,5624885,42.230808,-8.750373,0.,73,-99999,-99999.,-99999.,-99999.,-99999.,-99999.,-99999.
107321,5625833,42.230778,-8.750415,0.,73,-99999,-99999.,-99999.,-99999.,-99999.,-99999.,-99999.
107321,5626801,42.230732,-8.750363,0.,73,-99999,-99999.,-99999.,-99999.,-99999.,-99999.,-99999.
107321,5627761,42.230755,-8.750407,0.,73,-99999,-99999.,-99999.,-99999.,-99999.,-99999.,-99999.
107321,5628890,42.230738,-8.75041,0.,73,-99999,-99999.,-99999.,-99999.,-99999.,-99999.,-99999.
107321,5629803,42.230758,-8.750353,0.,73,-99999,-99999.,-99999.,-99999.,-99999.,-99999.,-99999.
107321,5630764,42.230812,-8.750352,0.,73,-99999,-99999.,-99999.,-99999.,-99999.,-99999.,-99999.
107321,5631723,42.230742,-8.750387,0.,73,-99999,-99999.,-99999.,-99999.,-99999.,-99999.,-99999.
107321,5632671,42.230777,-8.75034,0.,73,-99999,-99999.,-99999.,-99999.,-99999.,-99999.,-99999.
107321,5633645,42.230743,-8.750345,0.,73,-99999,-99999.,-99999.,-99999.,-99999.,-99999.,-99999.
107321,5634601,42.230725,-8.750372,0.,73,-99999,-99999.,-99999.,-99999.,-99999.,-99999.,-99999.
107321,5635563,42.230765,-8.750372,0.,73,-99999,-99999.,-99999.,-99999.,-99999.,-99999.,-99999.
107321,5636524,42.230728,-8.750368,0.,73,-99999,-99999.,-99999.,-99999.,-99999.,-99999.,-99999.
107321,5637484,42.230735,-8.75039,0.,73,-99999,-99999.,-99999.,-99999.,-99999.,-99999.,-99999.
107321,5638433,42.230755,-8.750415,0.,73,-99999,-99999.,-99999.,-99999.,-99999.,-99999.,-99999.
107321,5639335,42.230765,-8.750348,0.,73,-99999,-99999.,-99999.,-99999.,-99999.,-99999.,-99999.
107321,5640243,42.230778,-8.750368,0.,73,-99999,-99999.,-99999.,-99999.,-99999.,-99999.,-99999.
107321,5641235,42.230795,-8.75036,0.,73,-99999,-99999.,-99999.,-99999.,-99999.,-99999.,-99999.
107321,5642393,42.23075,-8.750352,0.,73,-99999,-99999.,-99999.,-99999.,-99999.,-99999.,-99999.
107321,5643922,42.230727,-8.750272,0.,73,-99999,-99999.,-99999.,-99999.,-99999.,-99999.,-99999.
107321,5644884,42.230762,-8.750332,0.,73,-99999,-99999.,-99999.,-99999.,-99999.,-99999.,-99999.
107321,5645824,42.230902,-8.750285,0.,73,-99999,-99999.,-99999.,-99999.,-99999.,-99999.,-99999.
107321,5646785,42.230787,-8.750305,0.,73,-99999,-99999.,-99999.,-99999.,-99999.,-99999.,-99999.
107321,5648402,42.23078,-8.750325,0.,73,-99999,-99999.,-99999.,-99999.,-99999.,-99999.,-99999.
107321,5649362,42.23078,-8.750358,0.,73,-99999,-99999.,-99999.,-99999.,-99999.,-99999.,-99999.
107321,5650323,42.23079,-8.750365,0.,73,-99999,-99999.,-99999.,-99999.,-99999.,-99999.,-99999.
107321,5651284,42.230787,-8.750343,0.,73,-99999,-99999.,-99999.,-99999.,-99999.,-99999.,-99999.
107321,5652244,42.230788,-8.750368,0.,73,-99999,-99999.,-99999.,-99999.,-99999.,-99999.,-99999.
107321,5653216,42.230805,-8.75034,0.,73,-99999,-99999.,-99999.,-99999.,-99999.,-99999.,-99999.
107321,5654165,42.230775,-8.75038,0.,73,-99999,-99999.,-99999.,-99999.,-99999.,-99999.,-99999.
107321,5656095,42.230792,-8.75036,0.,73,-99999,-99999.,-99999.,-99999.,-99999.,-99999.,-99999.
107321,5657043,42.230802,-8.750373,0.,73,-99999,-99999.,-99999.,-99999.,-99999.,-99999.,-99999.
107321,5658004,42.230805,-8.750383,0.,73,-99999,-99999.,-99999.,-99999.,-99999.,-99999.,-99999.
107321,5658965,42.230827,-8.75034,0.,73,-99999,-99999.,-99999.,-99999.,-99999.,-99999.,-99999.
107321,5659922,42.23079,-8.750362,0.,73,-99999,-99999.,-99999.,-99999.,-99999.,-99999.,-99999.
107321,5660874,42.230802,-8.75035,0.,73,-99999,-99999.,-99999.,-99999.,-99999.,-99999.,-99999.
107321,5661847,42.23079,-8.750372,0.,73,-99999,-99999.,-99999.,-99999.,-99999.,-99999.,-99999.
107321,5662803,42.23078,-8.750368,0.,73,-99999,-99999.,-99999.,-99999.,-99999.,-99999.,-99999.
107321,5663752,42.230803,-8.750375,0.,73,-99999,-99999.,-99999.,-99999.,-99999.,-99999.,-99999.
107321,5664736,42.230757,-8.750387,0.,73,-99999,-99999.,-99999.,-99999.,-99999.,-99999.,-99999.
107321,5665693,42.230773,-8.750372,0.,73,-99999,-99999.,-99999.,-99999.,-99999.,-99999.,-99999.
107321,5666630,42.230753,-8.750367,0.,73,-99999,-99999.,-99999.,-99999.,-99999.,-99999.,-99999.
107321,5667614,42.230768,-8.750373,0.,73,-99999,-99999.,-99999.,-99999.,-99999.,-99999.,-99999.
107321,5668563,42.230752,-8.750372,0.,73,-99999,-99999.,-99999.,-99999.,-99999.,-99999.,-99999.
107321,5669511,42.230767,-8.750388,0.,73,-99999,-99999.,-99999.,-99999.,-99999.,-99999.,-99999.
107321,5671443,42.230778,-8.750432,0.,73,-99999,-99999.,-99999.,-99999.,-99999.,-99999.,-99999.
107321,5672412,42.230788,-8.750397,0.,73,-99999,-99999.,-99999.,-99999.,-99999.,-99999.,-99999.
107321,5673376,42.23073,-8.750398,0.,73,-99999,-99999.,-99999.,-99999.,-99999.,-99999.,-99999.
107321,5674324,42.230752,-8.75036,0.,73,-99999,-99999.,-99999.,-99999.,-99999.,-99999.,-99999.
107321,5675268,42.230757,-8.750407,0.,73,-99999,-99999.,-99999.,-99999.,-99999.,-99999.,-99999.
107321,5676248,42.230773,-8.750402,0.,73,-99999,-99999.,-99999.,-99999.,-99999.,-99999.,-99999.
107321,5677212,42.230822,-8.75036,0.,73,-99999,-99999.,-99999.,-99999.,-99999.,-99999.,-99999.
107321,5678148,42.230817,-8.750368,0.,73,-99999,-99999.,-99999.,-99999.,-99999.,-99999.,-99999.
107321,5679124,42.230797,-8.750375,0.,73,-99999,-99999.,-99999.,-99999.,-99999.,-99999.,-99999.
107321,5680085,42.230817,-8.750363,0.,73,-99999,-99999.,-99999.,-99999.,-99999.,-99999.,-99999.
107321,5681042,42.230795,-8.750355,0.,73,-99999,-99999.,-99999.,-99999.,-99999.,-99999.,-99999.
107321,5682002,42.230795,-8.750337,0.,73,-99999,-99999.,-99999.,-99999.,-99999.,-99999.,-99999.
107321,5682968,42.230827,-8.75037,0.,73,-99999,-99999.,-99999.,-99999.,-99999.,-99999.,-99999.
107321,5683903,42.230777,-8.75035,0.,73,-99999,-99999.,-99999.,-99999.,-99999.,-99999.,-99999.
107321,5684804,42.230788,-8.750378,0.,73,-99999,-99999.,-99999.,-99999.,-99999.,-99999.,-99999.
107321,5685732,42.230777,-8.750388,0.,73,-99999,-99999.,-99999.,-99999.,-99999.,-99999.,-99999.
107321,5686684,42.230755,-8.750415,0.,73,-99999,-99999.,-99999.,-99999.,-99999.,-99999.,-99999.
107321,5687772,42.23076,-8.750407,0.,73,-99999,-99999.,-99999.,-99999.,-99999.,-99999.,-99999.
107321,5688740,42.230758,-8.750352,0.,73,-99999,-99999.,-99999.,-99999.,-99999.,-99999.,-99999.
107321,5689688,42.230733,-8.750365,0.,73,-99999,-99999.,-99999.,-99999.,-99999.,-99999.,-99999.
107321,5690649,42.230738,-8.750348,0.,73,-99999,-99999.,-99999.,-99999.,-99999.,-99999.,-99999.
107321,5691609,42.23076,-8.750402,0.,73,-99999,-99999.,-99999.,-99999.,-99999.,-99999.,-99999.
107321,5692562,42.230832,-8.750358,0.,73,-99999,-99999.,-99999.,-99999.,-99999.,-99999.,-99999.
107321,5693525,42.23076,-8.750373,0.,73,-99999,-99999.,-99999.,-99999.,-99999.,-99999.,-99999.
107321,5694486,42.230818,-8.750373,0.,73,-99999,-99999.,-99999.,-99999.,-99999.,-99999.,-99999.
107321,5695442,42.230742,-8.750352,0.,73,-99999,-99999.,-99999.,-99999.,-99999.,-99999.,-99999.
107321,5696403,42.230775,-8.750362,0.,73,-99999,-99999.,-99999.,-99999.,-99999.,-99999.,-99999.
107321,5697363,42.230753,-8.750355,0.,73,-99999,-99999.,-99999.,-99999.,-99999.,-99999.,-99999.
107321,5698323,42.23077,-8.750368,0.,73,-99999,-99999.,-99999.,-99999.,-99999.,-99999.,-99999.
107321,5699284,42.230738,-8.750307,0.,73,-99999,-99999.,-99999.,-99999.,-99999.,-99999.,-99999.
107321,5701206,42.230787,-8.750375,0.,73,-99999,-99999.,-99999.,-99999.,-99999.,-99999.,-99999.
107321,5702162,42.230753,-8.75035,0.,73,-99999,-99999.,-99999.,-99999.,-99999.,-99999.,-99999.
107321,5703122,42.230788,-8.750337,0.,73,-99999,-99999.,-99999.,-99999.,-99999.,-99999.,-99999.
107321,5704083,42.23077,-8.750327,0.,73,-99999,-99999.,-99999.,-99999.,-99999.,-99999.,-99999.
107321,5705045,42.230782,-8.750382,0.,73,-99999,-99999.,-99999.,-99999.,-99999.,-99999.,-99999.
107321,5706004,42.230803,-8.75032,0.,73,-99999,-99999.,-99999.,-99999.,-99999.,-99999.,-99999.
107321,5706972,42.23076,-8.750387,0.,73,-99999,-99999.,-99999.,-99999.,-99999.,-99999.,-99999.
107321,5707904,42.230757,-8.750387,0.,73,-99999,-99999.,-99999.,-99999.,-99999.,-99999.,-99999.
107321,5708892,42.230763,-8.750397,0.,73,-99999,-99999.,-99999.,-99999.,-99999.,-99999.,-99999.
107321,5709845,42.23075,-8.750372,0.,73,-99999,-99999.,-99999.,-99999.,-99999.,-99999.,-99999.
107321,5710806,42.230873,-8.750367,0.,73,-99999,-99999.,-99999.,-99999.,-99999.,-99999.,-99999.
107321,5711774,42.230772,-8.750398,0.,73,-99999,-99999.,-99999.,-99999.,-99999.,-99999.,-99999.
107321,5712723,42.230755,-8.750373,0.,73,-99999,-99999.,-99999.,-99999.,-99999.,-99999.,-99999.
107321,5713667,42.230747,-8.750395,0.,73,-99999,-99999.,-99999.,-99999.,-99999.,-99999.,-99999.
107321,5714643,42.230748,-8.750438,0.,73,-99999,-99999.,-99999.,-99999.,-99999.,-99999.,-99999.
107321,5715603,42.230777,-8.750417,0.,73,-99999,-99999.,-99999.,-99999.,-99999.,-99999.,-99999.
107321,5716603,42.230768,-8.750355,0.,73,-99999,-99999.,-99999.,-99999.,-99999.,-99999.,-99999.
107321,5717583,42.230772,-8.750332,0.,73,-99999,-99999.,-99999.,-99999.,-99999.,-99999.,-99999.
107321,5928295,42.230723,-8.750373,0.,73,-99999,-99999.,-99999.,-99999.,-99999.,-99999.,-99999.
107321,5929252,42.230773,-8.750378,0.,73,-99999,-99999.,-99999.,-99999.,-99999.,-99999.,-99999.
107321,5930205,42.230772,-8.750352,0.,73,-99999,-99999.,-99999.,-99999.,-99999.,-99999.,-99999.
107321,5931185,42.230755,-8.75038,0.,73,-99999,-99999.,-99999.,-99999.,-99999.,-99999.,-99999.
107321,5932134,42.230807,-8.750385,0.,73,-99999,-99999.,-99999.,-99999.,-99999.,-99999.,-99999.
107321,5933096,42.23078,-8.750357,0.,73,-99999,-99999.,-99999.,-99999.,-99999.,-99999.,-99999.
107321,5934042,42.230807,-8.750408,0.,73,-99999,-99999.,-99999.,-99999.,-99999.,-99999.,-99999.
107321,5934957,42.230797,-8.750382,0.,73,-99999,-99999.,-99999.,-99999.,-99999.,-99999.,-99999.
107321,5935865,42.23083,-8.750418,0.,73,-99999,-99999.,-99999.,-99999.,-99999.,-99999.,-99999.
107321,5936844,42.230788,-8.75037,0.,73,-99999,-99999.,-99999.,-99999.,-99999.,-99999.,-99999.
107321,5937773,42.23087,-8.750342,0.,73,-99999,-99999.,-99999.,-99999.,-99999.,-99999.,-99999.
107321,5938737,42.230808,-8.750312,0.,73,-99999,-99999.,-99999.,-99999.,-99999.,-99999.,-99999.
107321,5939641,42.230798,-8.750333,0.,73,-99999,-99999.,-99999.,-99999.,-99999.,-99999.,-99999.
107321,5940721,42.2308,-8.750362,0.,73,-99999,-99999.,-99999.,-99999.,-99999.,-99999.,-99999.
107321,5941725,42.230792,-8.750358,0.,73,-99999,-99999.,-99999.,-99999.,-99999.,-99999.,-99999.
107321,5942687,42.230835,-8.750418,0.,73,-99999,-99999.,-99999.,-99999.,-99999.,-99999.,-99999.
107321,5943599,42.230778,-8.750398,0.,73,-99999,-99999.,-99999.,-99999.,-99999.,-99999.,-99999.
107321,5944584,42.230757,-8.750367,0.,73,-99999,-99999.,-99999.,-99999.,-99999.,-99999.,-99999.
107321,5945555,42.23077,-8.7504,0.,73,-99999,-99999.,-99999.,-99999.,-99999.,-99999.,-99999.
107321,5946479,42.230847,-8.750418,0.,73,-99999,-99999.,-99999.,-99999.,-99999.,-99999.,-99999.
107321,5947467,42.230827,-8.750368,0.,73,-99999,-99999.,-99999.,-99999.,-99999.,-99999.,-99999.
107321,5948435,42.230817,-8.750382,0.,73,-99999,-99999.,-99999.,-99999.,-99999.,-99999.,-99999.
107321,5949382,42.230735,-8.750387,0.,73,-99999,-99999.,-99999.,-99999.,-99999.,-99999.,-99999.
107321,5950346,42.230737,-8.750363,0.,73,-99999,-99999.,-99999.,-99999.,-99999.,-99999.,-99999.
107321,5951307,42.230793,-8.75037,0.,73,-99999,-99999.,-99999.,-99999.,-99999.,-99999.,-99999.
107321,5952265,42.230765,-8.750373,0.,73,-99999,-99999.,-99999.,-99999.,-99999.,-99999.,-99999.
107321,5953254,42.23081,-8.750375,0.,73,-99999,-99999.,-99999.,-99999.,-99999.,-99999.,-99999.
107321,5954217,42.230755,-8.75035,0.,73,-99999,-99999.,-99999.,-99999.,-99999.,-99999.,-99999.
107321,5955146,42.230815,-8.750403,0.,73,-99999,-99999.,-99999.,-99999.,-99999.,-99999.,-99999.
107321,5956123,42.230773,-8.750378,0.,73,-99999,-99999.,-99999.,-99999.,-99999.,-99999.,-99999.
107321,5956155,42.230745,-8.750363,0.,73,-99999,-99999.,-99999.,-99999.,-99999.,-99999.,-99999.
107321,5957076,42.23074,-8.750388,0.,73,-99999,-99999.,-99999.,-99999.,-99999.,-99999.,-99999.
107321,5958023,42.230783,-8.750383,0.,73,-99999,-99999.,-99999.,-99999.,-99999.,-99999.,-99999.
107321,5958984,42.230823,-8.750397,0.,73,-99999,-99999.,-99999.,-99999.,-99999.,-99999.,-99999.
107321,5959936,42.230763,-8.750357,0.,73,-99999,-99999.,-99999.,-99999.,-99999.,-99999.,-99999.
107321,5960884,42.230768,-8.750375,0.,73,-99999,-99999.,-99999.,-99999.,-99999.,-99999.,-99999.
107321,5961836,42.230768,-8.750382,0.,73,-99999,-99999.,-99999.,-99999.,-99999.,-99999.,-99999.
107321,5962774,42.23081,-8.750362,0.,73,-99999,-99999.,-99999.,-99999.,-99999.,-99999.,-99999.
107321,5963714,42.230777,-8.750333,0.,73,-99999,-99999.,-99999.,-99999.,-99999.,-99999.,-99999.
107321,5964654,42.230768,-8.750393,0.,73,-99999,-99999.,-99999.,-99999.,-99999.,-99999.,-99999.
107321,5965583,42.230778,-8.750342,0.,73,-99999,-99999.,-99999.,-99999.,-99999.,-99999.,-99999.
107321,5966546,42.230772,-8.750367,0.,73,-99999,-99999.,-99999.,-99999.,-99999.,-99999.,-99999.
107321,5967506,42.230817,-8.750347,0.,73,-99999,-99999.,-99999.,-99999.,-99999.,-99999.,-99999.
107321,5968446,42.230875,-8.750365,0.,73,-99999,-99999.,-99999.,-99999.,-99999.,-99999.,-99999.
107321,5969403,42.230807,-8.750337,0.,73,-99999,-99999.,-99999.,-99999.,-99999.,-99999.,-99999.
107321,5970366,42.230793,-8.750312,0.,73,-99999,-99999.,-99999.,-99999.,-99999.,-99999.,-99999.
107321,5971326,42.230767,-8.750355,0.,73,-99999,-99999.,-99999.,-99999.,-99999.,-99999.,-99999.
107321,5972286,42.230758,-8.75039,0.,73,-99999,-99999.,-99999.,-99999.,-99999.,-99999.,-99999.
107321,5973243,42.230752,-8.750377,0.,73,-99999,-99999.,-99999.,-99999.,-99999.,-99999.,-99999.
107321,5974183,42.230772,-8.750413,0.,73,-99999,-99999.,-99999.,-99999.,-99999.,-99999.,-99999.
107321,5975155,42.23078,-8.750363,0.,73,-99999,-99999.,-99999.,-99999.,-99999.,-99999.,-99999.
107321,5976175,42.230778,-8.750315,0.,73,-99999,-99999.,-99999.,-99999.,-99999.,-99999.,-99999.
107321,5977099,42.230785,-8.750333,0.,73,-99999,-99999.,-99999.,-99999.,-99999.,-99999.,-99999.
107321,5978072,42.230752,-8.75032,0.,73,-99999,-99999.,-99999.,-99999.,-99999.,-99999.,-99999.
107321,5979045,42.230748,-8.750337,0.,73,-99999,-99999.,-99999.,-99999.,-99999.,-99999.,-99999.
107321,5979981,42.230808,-8.750332,0.,73,-99999,-99999.,-99999.,-99999.,-99999.,-99999.,-99999.
107321,5980954,42.23081,-8.750412,0.,73,-99999,-99999.,-99999.,-99999.,-99999.,-99999.,-99999.
107321,5981915,42.230773,-8.750385,0.,73,-99999,-99999.,-99999.,-99999.,-99999.,-99999.,-99999.
107321,5982858,42.230693,-8.750443,0.,73,-99999,-99999.,-99999.,-99999.,-99999.,-99999.,-99999.
107321,5983835,42.230792,-8.75036,0.,73,-99999,-99999.,-99999.,-99999.,-99999.,-99999.,-99999.
107321,5984802,42.2308,-8.750345,0.,73,-99999,-99999.,-99999.,-99999.,-99999.,-99999.,-99999.
107321,5985740,42.23077,-8.750343,0.,73,-99999,-99999.,-99999.,-99999.,-99999.,-99999.,-99999.
107321,5986725,42.230747,-8.750328,0.,73,-99999,-99999.,-99999.,-99999.,-99999.,-99999.,-99999.
107321,5987822,42.230747,-8.750395,0.,73,-99999,-99999.,-99999.,-99999.,-99999.,-99999.,-99999.
107321,5988774,42.230748,-8.750305,0.,73,-99999,-99999.,-99999.,-99999.,-99999.,-99999.,-99999.
107321,5989697,42.230758,-8.750367,0.,73,-99999,-99999.,-99999.,-99999.,-99999.,-99999.,-99999.
107321,5990598,42.230768,-8.750323,0.,73,-99999,-99999.,-99999.,-99999.,-99999.,-99999.,-99999.
107321,5991523,42.230777,-8.750343,0.,73,-99999,-99999.,-99999.,-99999.,-99999.,-99999.,-99999.
107321,5992495,42.230762,-8.75038,0.,73,-99999,-99999.,-99999.,-99999.,-99999.,-99999.,-99999.
107321,5993447,42.23078,-8.75035,0.,73,-99999,-99999.,-99999.,-99999.,-99999.,-99999.,-99999.
107321,5994376,42.23076,-8.750343,0.,73,-99999,-99999.,-99999.,-99999.,-99999.,-99999.,-99999.
107321,5995277,42.230775,-8.750352,0.,73,-99999,-99999.,-99999.,-99999.,-99999.,-99999.,-99999.
107321,5996273,42.230758,-8.750362,0.,73,-99999,-99999.,-99999.,-99999.,-99999.,-99999.,-99999.
107321,5997234,42.230765,-8.750358,0.,73,-99999,-99999.,-99999.,-99999.,-99999.,-99999.,-99999.
107321,5998156,42.230772,-8.750367,0.,73,-99999,-99999.,-99999.,-99999.,-99999.,-99999.,-99999.
107321,6000064,42.2308,-8.75036,0.,73,-99999,-99999.,-99999.,-99999.,-99999.,-99999.,-99999.
107321,6001024,42.230717,-8.750348,0.,73,-99999,-99999.,-99999.,-99999.,-99999.,-99999.,-99999.
107321,6001965,42.230787,-8.750358,0.,73,-99999,-99999.,-99999.,-99999.,-99999.,-99999.,-99999.
107321,6002923,42.230805,-8.750377,0.,73,-99999,-99999.,-99999.,-99999.,-99999.,-99999.,-99999.
107321,6003895,42.23079,-8.750333,0.,73,-99999,-99999.,-99999.,-99999.,-99999.,-99999.,-99999.
107321,6004856,42.230803,-8.750382,0.,73,-99999,-99999.,-99999.,-99999.,-99999.,-99999.,-99999.
107321,6005933,42.230792,-8.750355,0.,73,-99999,-99999.,-99999.,-99999.,-99999.,-99999.,-99999.
107321,6007006,42.230785,-8.750393,0.,73,-99999,-99999.,-99999.,-99999.,-99999.,-99999.,-99999.
107321,6008526,42.230755,-8.750373,0.,73,-99999,-99999.,-99999.,-99999.,-99999.,-99999.,-99999.
107321,6009546,42.230748,-8.750403,0.,73,-99999,-99999.,-99999.,-99999.,-99999.,-99999.,-99999.
107321,6011614,42.230735,-8.750385,0.,73,-99999,-99999.,-99999.,-99999.,-99999.,-99999.,-99999.
107321,6012654,42.230745,-8.750383,0.,73,-99999,-99999.,-99999.,-99999.,-99999.,-99999.,-99999.
107321,6013614,42.230705,-8.750365,0.,73,-99999,-99999.,-99999.,-99999.,-99999.,-99999.,-99999.
107321,6014555,42.230738,-8.750385,0.,73,-99999,-99999.,-99999.,-99999.,-99999.,-99999.,-99999.
107321,6015512,42.230755,-8.750385,0.,73,-99999,-99999.,-99999.,-99999.,-99999.,-99999.,-99999.
107321,6016436,42.230752,-8.750362,0.,73,-99999,-99999.,-99999.,-99999.,-99999.,-99999.,-99999.
107321,6017394,42.230725,-8.750338,0.,73,-99999,-99999.,-99999.,-99999.,-99999.,-99999.,-99999.
107321,6018493,42.23077,-8.75038,0.,73,-99999,-99999.,-99999.,-99999.,-99999.,-99999.,-99999.
107321,6019475,42.23078,-8.750448,0.,73,-99999,-99999.,-99999.,-99999.,-99999.,-99999.,-99999.
107321,6020414,42.2308,-8.750382,0.,73,-99999,-99999.,-99999.,-99999.,-99999.,-99999.,-99999.
107321,6021814,42.230808,-8.75044,0.,73,-99999,-99999.,-99999.,-99999.,-99999.,-99999.,-99999.
107321,6021854,42.230812,-8.750348,0.,73,-99999,-99999.,-99999.,-99999.,-99999.,-99999.,-99999.
107321,6022774,42.230778,-8.750338,0.,73,-99999,-99999.,-99999.,-99999.,-99999.,-99999.,-99999.
107321,6023534,42.23081,-8.750387,0.,73,-99999,-99999.,-99999.,-99999.,-99999.,-99999.,-99999.
107321,6023678,42.23088,-8.750308,0.,73,-99999,-99999.,-99999.,-99999.,-99999.,-99999.,-99999.
107321,6024635,42.230775,-8.750353,0.,73,-99999,-99999.,-99999.,-99999.,-99999.,-99999.,-99999.
107321,6024955,42.230798,-8.750368,0.,73,-99999,-99999.,-99999.,-99999.,-99999.,-99999.,-99999.
107321,6025596,42.230782,-8.750367,0.,73,-99999,-99999.,-99999.,-99999.,-99999.,-99999.,-99999.
107321,6026552,42.230813,-8.750352,0.,73,-99999,-99999.,-99999.,-99999.,-99999.,-99999.,-99999.
107321,6026653,42.23078,-8.750365,0.,73,-99999,-99999.,-99999.,-99999.,-99999.,-99999.,-99999.
107321,6027492,42.230835,-8.750355,0.,73,-99999,-99999.,-99999.,-99999.,-99999.,-99999.,-99999.
107321,6027712,42.230777,-8.75041,0.,73,-99999,-99999.,-99999.,-99999.,-99999.,-99999.,-99999.
107321,6028485,42.230823,-8.750417,0.,73,-99999,-99999.,-99999.,-99999.,-99999.,-99999.,-99999.
107321,6028813,42.230802,-8.750422,0.,73,-99999,-99999.,-99999.,-99999.,-99999.,-99999.,-99999.
107321,6029455,42.230777,-8.750403,0.,73,-99999,-99999.,-99999.,-99999.,-99999.,-99999.,-99999.
107321,6029875,42.23078,-8.750413,0.,73,-99999,-99999.,-99999.,-99999.,-99999.,-99999.,-99999.
107321,6030375,42.23078,-8.750392,0.,73,-99999,-99999.,-99999.,-99999.,-99999.,-99999.,-99999.
107321,6030836,42.230797,-8.750398,0.,73,-99999,-99999.,-99999.,-99999.,-99999.,-99999.,-99999.
107321,6031385,42.230777,-8.750402,0.,73,-99999,-99999.,-99999.,-99999.,-99999.,-99999.,-99999.
107321,6032352,42.23076,-8.75039,0.,73,-99999,-99999.,-99999.,-99999.,-99999.,-99999.,-99999.
107321,6032532,42.230803,-8.750387,0.,73,-99999,-99999.,-99999.,-99999.,-99999.,-99999.,-99999.
107321,6033254,42.23075,-8.750353,0.,73,-99999,-99999.,-99999.,-99999.,-99999.,-99999.,-99999.
107321,6033817,42.230778,-8.750378,0.,73,-99999,-99999.,-99999.,-99999.,-99999.,-99999.,-99999.
107321,6034233,42.230772,-8.750377,0.,73,-99999,-99999.,-99999.,-99999.,-99999.,-99999.,-99999.
107321,6035214,42.230773,-8.750355,0.,73,-99999,-99999.,-99999.,-99999.,-99999.,-99999.,-99999.
107321,6035225,42.230768,-8.750362,0.,73,-99999,-99999.,-99999.,-99999.,-99999.,-99999.,-99999.
107321,6036134,42.230748,-8.750337,0.,73,-99999,-99999.,-99999.,-99999.,-99999.,-99999.,-99999.
107321,6036555,42.230767,-8.750362,0.,73,-99999,-99999.,-99999.,-99999.,-99999.,-99999.,-99999.
107321,6037155,42.230777,-8.750395,0.,73,-99999,-99999.,-99999.,-99999.,-99999.,-99999.,-99999.
107321,6037655,42.230725,-8.750362,0.,73,-99999,-99999.,-99999.,-99999.,-99999.,-99999.,-99999.
107321,6038112,42.23081,-8.75036,0.,73,-99999,-99999.,-99999.,-99999.,-99999.,-99999.,-99999.
107321,6038653,42.230783,-8.75042,0.,73,-99999,-99999.,-99999.,-99999.,-99999.,-99999.,-99999.
107321,6039105,42.230767,-8.750382,0.,73,-99999,-99999.,-99999.,-99999.,-99999.,-99999.,-99999.
107321,6039954,42.230783,-8.750375,0.,73,-99999,-99999.,-99999.,-99999.,-99999.,-99999.,-99999.
107321,6040065,42.23075,-8.750403,0.,73,-99999,-99999.,-99999.,-99999.,-99999.,-99999.,-99999.
107321,6041074,42.230788,-8.750375,0.,73,-99999,-99999.,-99999.,-99999.,-99999.,-99999.,-99999.
107321,6041175,42.230768,-8.75038,0.,73,-99999,-99999.,-99999.,-99999.,-99999.,-99999.,-99999.
107321,6041983,42.230783,-8.750378,0.,73,-99999,-99999.,-99999.,-99999.,-99999.,-99999.,-99999.
107321,6042695,42.230753,-8.750348,0.,73,-99999,-99999.,-99999.,-99999.,-99999.,-99999.,-99999.
107321,6042935,42.230768,-8.750355,0.,73,-99999,-99999.,-99999.,-99999.,-99999.,-99999.,-99999.
107321,6043873,42.230788,-8.750375,0.,73,-99999,-99999.,-99999.,-99999.,-99999.,-99999.,-99999.
107321,6043954,42.230753,-8.750387,0.,73,-99999,-99999.,-99999.,-99999.,-99999.,-99999.,-99999.
107321,6044954,42.230793,-8.75035,0.,73,-99999,-99999.,-99999.,-99999.,-99999.,-99999.,-99999.
107321,6045094,42.230768,-8.750382,0.,73,-99999,-99999.,-99999.,-99999.,-99999.,-99999.,-99999.
107321,6045856,42.230782,-8.750358,0.,73,-99999,-99999.,-99999.,-99999.,-99999.,-99999.,-99999.
107321,6046312,42.230725,-8.750367,0.,73,-99999,-99999.,-99999.,-99999.,-99999.,-99999.,-99999.
107321,6046864,42.230763,-8.750367,0.,73,-99999,-99999.,-99999.,-99999.,-99999.,-99999.,-99999.
107321,6047275,42.230782,-8.750315,0.,73,-99999,-99999.,-99999.,-99999.,-99999.,-99999.,-99999.
107321,6047834,42.230732,-8.75036,0.,73,-99999,-99999.,-99999.,-99999.,-99999.,-99999.,-99999.
107321,6048756,42.230765,-8.750345,0.,73,-99999,-99999.,-99999.,-99999.,-99999.,-99999.,-99999.
107321,6049663,42.230788,-8.750382,0.,73,-99999,-99999.,-99999.,-99999.,-99999.,-99999.,-99999.
107321,6050627,42.230745,-8.750385,0.,73,-99999,-99999.,-99999.,-99999.,-99999.,-99999.,-99999.
107321,6051535,42.230778,-8.750345,0.,73,-99999,-99999.,-99999.,-99999.,-99999.,-99999.,-99999.
107321,6051663,42.230752,-8.750353,0.,73,-99999,-99999.,-99999.,-99999.,-99999.,-99999.,-99999.
107321,6052637,42.230753,-8.750345,0.,73,-99999,-99999.,-99999.,-99999.,-99999.,-99999.,-99999.
107321,6053653,42.230778,-8.750368,0.,73,-99999,-99999.,-99999.,-99999.,-99999.,-99999.,-99999.
107321,6054734,42.230845,-8.750353,0.,73,-99999,-99999.,-99999.,-99999.,-99999.,-99999.,-99999.
107321,6055803,42.230777,-8.750328,0.,73,-99999,-99999.,-99999.,-99999.,-99999.,-99999.,-99999.
107321,6056706,42.230742,-8.750367,0.,73,-99999,-99999.,-99999.,-99999.,-99999.,-99999.,-99999.
107321,6057783,42.230757,-8.750408,0.,73,-99999,-99999.,-99999.,-99999.,-99999.,-99999.,-99999.
107321,6058728,42.230765,-8.750367,0.,73,-99999,-99999.,-99999.,-99999.,-99999.,-99999.,-99999.
107321,6059653,42.230747,-8.75039,0.,73,-99999,-99999.,-99999.,-99999.,-99999.,-99999.,-99999.
107321,6060625,42.230762,-8.75034,0.,73,-99999,-99999.,-99999.,-99999.,-99999.,-99999.,-99999.
107321,6061647,42.23078,-8.750408,0.,73,-99999,-99999.,-99999.,-99999.,-99999.,-99999.,-99999.
107321,6062644,42.230772,-8.750357,0.,73,-99999,-99999.,-99999.,-99999.,-99999.,-99999.,-99999.
107321,6063604,42.230748,-8.750322,0.,73,-99999,-99999.,-99999.,-99999.,-99999.,-99999.,-99999.
107321,6064545,42.230798,-8.750378,0.,73,-99999,-99999.,-99999.,-99999.,-99999.,-99999.,-99999.
107321,6065505,42.230748,-8.750348,0.,73,-99999,-99999.,-99999.,-99999.,-99999.,-99999.,-99999.
107321,6066462,42.230742,-8.750402,0.,73,-99999,-99999.,-99999.,-99999.,-99999.,-99999.,-99999.
107321,6067426,42.230768,-8.750397,0.,73,-99999,-99999.,-99999.,-99999.,-99999.,-99999.,-99999.
107321,6068376,42.230743,-8.750365,0.,73,-99999,-99999.,-99999.,-99999.,-99999.,-99999.,-99999.
107321,6069333,42.230778,-8.750385,0.,73,-99999,-99999.,-99999.,-99999.,-99999.,-99999.,-99999.
107321,6070270,42.230797,-8.750355,0.,73,-99999,-99999.,-99999.,-99999.,-99999.,-99999.,-99999.
107321,6071234,42.230763,-8.750343,0.,73,-99999,-99999.,-99999.,-99999.,-99999.,-99999.,-99999.
107321,6072207,42.230763,-8.75037,0.,73,-99999,-99999.,-99999.,-99999.,-99999.,-99999.,-99999.
107321,6073194,42.230775,-8.750342,0.,73,-99999,-99999.,-99999.,-99999.,-99999.,-99999.,-99999.
107321,6074187,42.230767,-8.750357,0.,73,-99999,-99999.,-99999.,-99999.,-99999.,-99999.,-99999.
107321,6075133,42.230735,-8.750303,0.,73,-99999,-99999.,-99999.,-99999.,-99999.,-99999.,-99999.
107321,6076105,42.2308,-8.750338,0.,73,-99999,-99999.,-99999.,-99999.,-99999.,-99999.,-99999.
107321,6077073,42.230797,-8.750315,0.,73,-99999,-99999.,-99999.,-99999.,-99999.,-99999.,-99999.
107321,6078011,42.230768,-8.750315,0.,73,-99999,-99999.,-99999.,-99999.,-99999.,-99999.,-99999.
107321,6078926,42.230818,-8.750348,0.,73,-99999,-99999.,-99999.,-99999.,-99999.,-99999.,-99999.
107321,6079894,42.230778,-8.750372,0.,73,-99999,-99999.,-99999.,-99999.,-99999.,-99999.,-99999.
107321,6080891,42.230745,-8.750392,0.,73,-99999,-99999.,-99999.,-99999.,-99999.,-99999.,-99999.
107321,6081934,42.230795,-8.75039,0.,73,-99999,-99999.,-99999.,-99999.,-99999.,-99999.,-99999.
107321,6082858,42.230783,-8.750367,0.,73,-99999,-99999.,-99999.,-99999.,-99999.,-99999.,-99999.
107321,6083834,42.230765,-8.750378,0.,73,-99999,-99999.,-99999.,-99999.,-99999.,-99999.,-99999.
107321,6084805,42.230812,-8.750357,0.,73,-99999,-99999.,-99999.,-99999.,-99999.,-99999.,-99999.
107321,6085745,42.230745,-8.750377,0.,73,-99999,-99999.,-99999.,-99999.,-99999.,-99999.,-99999.
107321,6086714,42.230787,-8.75036,0.,73,-99999,-99999.,-99999.,-99999.,-99999.,-99999.,-99999.
107321,6087674,42.230762,-8.750367,0.,73,-99999,-99999.,-99999.,-99999.,-99999.,-99999.,-99999.
107321,6088655,42.230795,-8.750405,0.,73,-99999,-99999.,-99999.,-99999.,-99999.,-99999.,-99999.
107321,6089627,42.230777,-8.75036,0.,73,-99999,-99999.,-99999.,-99999.,-99999.,-99999.,-99999.
107321,6090608,42.230795,-8.750385,0.,73,-99999,-99999.,-99999.,-99999.,-99999.,-99999.,-99999.
107321,6091626,42.23078,-8.750368,0.,73,-99999,-99999.,-99999.,-99999.,-99999.,-99999.,-99999.
107321,6092655,42.230787,-8.750378,0.,73,-99999,-99999.,-99999.,-99999.,-99999.,-99999.,-99999.
107321,6093736,42.230783,-8.750398,0.,73,-99999,-99999.,-99999.,-99999.,-99999.,-99999.,-99999.
107321,6094644,42.230778,-8.75037,0.,73,-99999,-99999.,-99999.,-99999.,-99999.,-99999.,-99999.
107321,6095612,42.230713,-8.750407,0.,73,-99999,-99999.,-99999.,-99999.,-99999.,-99999.,-99999.
107321,6096572,42.230755,-8.75034,0.,73,-99999,-99999.,-99999.,-99999.,-99999.,-99999.,-99999.
107321,6097624,42.230743,-8.750432,0.,73,-99999,-99999.,-99999.,-99999.,-99999.,-99999.,-99999.
107321,6098544,42.23075,-8.750345,0.,73,-99999,-99999.,-99999.,-99999.,-99999.,-99999.,-99999.
107321,6099475,42.230713,-8.750383,0.,73,-99999,-99999.,-99999.,-99999.,-99999.,-99999.,-99999.
107321,6100388,42.230763,-8.750355,0.,73,-99999,-99999.,-99999.,-99999.,-99999.,-99999.,-99999.
107321,6101405,42.230762,-8.75043,0.,73,-99999,-99999.,-99999.,-99999.,-99999.,-99999.,-99999.
107321,6102486,42.230728,-8.750388,0.,73,-99999,-99999.,-99999.,-99999.,-99999.,-99999.,-99999.
107321,6103504,42.23074,-8.750375,0.,73,-99999,-99999.,-99999.,-99999.,-99999.,-99999.,-99999.
107321,6104483,42.230795,-8.750373,0.,73,-99999,-99999.,-99999.,-99999.,-99999.,-99999.,-99999.
107321,6105454,42.230785,-8.750395,0.,73,-99999,-99999.,-99999.,-99999.,-99999.,-99999.,-99999.
107321,6106483,42.230802,-8.750378,0.,73,-99999,-99999.,-99999.,-99999.,-99999.,-99999.,-99999.
107321,6107575,42.230757,-8.750375,0.,73,-99999,-99999.,-99999.,-99999.,-99999.,-99999.,-99999.
107321,6108555,42.230758,-8.750357,0.,73,-99999,-99999.,-99999.,-99999.,-99999.,-99999.,-99999.
107321,6109584,42.230843,-8.750387,0.,73,-99999,-99999.,-99999.,-99999.,-99999.,-99999.,-99999.
107321,6110744,42.230785,-8.750367,0.,73,-99999,-99999.,-99999.,-99999.,-99999.,-99999.,-99999.
107321,6111746,42.230768,-8.750325,0.,73,-99999,-99999.,-99999.,-99999.,-99999.,-99999.,-99999.
107321,6112683,42.230788,-8.750373,0.,73,-99999,-99999.,-99999.,-99999.,-99999.,-99999.,-99999.
107321,6113592,42.230797,-8.750387,0.,73,-99999,-99999.,-99999.,-99999.,-99999.,-99999.,-99999.
107321,6114607,42.230802,-8.750428,0.,73,-99999,-99999.,-99999.,-99999.,-99999.,-99999.,-99999.
107321,6115571,42.230798,-8.750373,0.,73,-99999,-99999.,-99999.,-99999.,-99999.,-99999.,-99999.
107321,6115823,42.23084,-8.75042,0.,73,-99999,-99999.,-99999.,-99999.,-99999.,-99999.,-99999.
107321,6116483,42.23077,-8.750397,0.,73,-99999,-99999.,-99999.,-99999.,-99999.,-99999.,-99999.
107321,6117447,42.230762,-8.750395,0.,73,-99999,-99999.,-99999.,-99999.,-99999.,-99999.,-99999.
107321,6118404,42.230765,-8.750412,0.,73,-99999,-99999.,-99999.,-99999.,-99999.,-99999.,-99999.
107321,6119352,42.230802,-8.750387,0.,73,-99999,-99999.,-99999.,-99999.,-99999.,-99999.,-99999.
107321,6120384,42.230743,-8.750395,0.,73,-99999,-99999.,-99999.,-99999.,-99999.,-99999.,-99999.
107321,6121385,42.230748,-8.750373,0.,73,-99999,-99999.,-99999.,-99999.,-99999.,-99999.,-99999.
107321,6122404,42.230765,-8.750375,0.,73,-99999,-99999.,-99999.,-99999.,-99999.,-99999.,-99999.
107321,6123312,42.230802,-8.750388,0.,73,-99999,-99999.,-99999.,-99999.,-99999.,-99999.,-99999.
107321,6124284,42.230773,-8.750338,0.,73,-99999,-99999.,-99999.,-99999.,-99999.,-99999.,-99999.
107321,6125264,42.230762,-8.750377,0.,73,-99999,-99999.,-99999.,-99999.,-99999.,-99999.,-99999.
107321,6126192,42.23078,-8.750393,0.,73,-99999,-99999.,-99999.,-99999.,-99999.,-99999.,-99999.
107321,6127136,42.230763,-8.750415,0.,73,-99999,-99999.,-99999.,-99999.,-99999.,-99999.,-99999.
107321,6128064,42.230768,-8.75037,0.,73,-99999,-99999.,-99999.,-99999.,-99999.,-99999.,-99999.
107321,6129084,42.23077,-8.750365,0.,73,-99999,-99999.,-99999.,-99999.,-99999.,-99999.,-99999.
107321,6130037,42.230805,-8.750387,0.,73,-99999,-99999.,-99999.,-99999.,-99999.,-99999.,-99999.
107321,6131053,42.230762,-8.75034,0.,73,-99999,-99999.,-99999.,-99999.,-99999.,-99999.,-99999.
107321,6131365,42.230805,-8.750395,0.,73,-99999,-99999.,-99999.,-99999.,-99999.,-99999.,-99999.
107321,6132046,42.230775,-8.750362,0.,73,-99999,-99999.,-99999.,-99999.,-99999.,-99999.,-99999.
107321,6133932,42.230733,-8.75036,0.,73,-99999,-99999.,-99999.,-99999.,-99999.,-99999.,-99999.
107321,6134836,42.23074,-8.75038,0.,73,-99999,-99999.,-99999.,-99999.,-99999.,-99999.,-99999.
107321,6135784,42.230738,-8.750363,0.,73,-99999,-99999.,-99999.,-99999.,-99999.,-99999.,-99999.
107321,6136724,42.230772,-8.750365,0.,73,-99999,-99999.,-99999.,-99999.,-99999.,-99999.,-99999.
107321,6137713,42.230758,-8.750355,0.,73,-99999,-99999.,-99999.,-99999.,-99999.,-99999.,-99999.
107321,6138733,42.230732,-8.750382,0.,73,-99999,-99999.,-99999.,-99999.,-99999.,-99999.,-99999.
107321,6139693,42.23074,-8.750348,0.,73,-99999,-99999.,-99999.,-99999.,-99999.,-99999.,-99999.
107321,6140595,42.230763,-8.750378,0.,73,-99999,-99999.,-99999.,-99999.,-99999.,-99999.,-99999.
107321,6141635,42.230712,-8.750355,0.,73,-99999,-99999.,-99999.,-99999.,-99999.,-99999.,-99999.
107321,6142556,42.230768,-8.750355,0.,73,-99999,-99999.,-99999.,-99999.,-99999.,-99999.,-99999.
107321,6143593,42.230802,-8.750338,0.,73,-99999,-99999.,-99999.,-99999.,-99999.,-99999.,-99999.
107321,6144557,42.230723,-8.750365,0.,73,-99999,-99999.,-99999.,-99999.,-99999.,-99999.,-99999.
107321,6145817,42.230755,-8.750362,0.,73,-99999,-99999.,-99999.,-99999.,-99999.,-99999.,-99999.
107321,6147439,42.230787,-8.750355,0.,73,-99999,-99999.,-99999.,-99999.,-99999.,-99999.,-99999.
107321,6148879,42.23078,-8.750377,0.,73,-99999,-99999.,-99999.,-99999.,-99999.,-99999.,-99999.
107321,6150321,42.230818,-8.750358,0.,73,-99999,-99999.,-99999.,-99999.,-99999.,-99999.,-99999.
107321,6154002,42.230732,-8.750407,0.,73,-99999,-99999.,-99999.,-99999.,-99999.,-99999.,-99999.
107321,6155623,42.23077,-8.75034,0.,73,-99999,-99999.,-99999.,-99999.,-99999.,-99999.,-99999.
107321,6156703,42.230743,-8.750393,0.,73,-99999,-99999.,-99999.,-99999.,-99999.,-99999.,-99999.
107321,6157780,42.230755,-8.750343,0.,73,-99999,-99999.,-99999.,-99999.,-99999.,-99999.,-99999.
107321,6158681,42.23076,-8.75035,0.,73,-99999,-99999.,-99999.,-99999.,-99999.,-99999.,-99999.
107321,6159760,42.230737,-8.75034,0.,73,-99999,-99999.,-99999.,-99999.,-99999.,-99999.,-99999.
107321,6160661,42.230752,-8.750342,0.,73,-99999,-99999.,-99999.,-99999.,-99999.,-99999.,-99999.
107321,6161740,42.230767,-8.750345,0.,73,-99999,-99999.,-99999.,-99999.,-99999.,-99999.,-99999.
107321,6162824,42.230767,-8.7503,0.,73,-99999,-99999.,-99999.,-99999.,-99999.,-99999.,-99999.
107321,6163901,42.230788,-8.750353,0.,73,-99999,-99999.,-99999.,-99999.,-99999.,-99999.,-99999.
107321,6164802,42.230742,-8.750353,0.,73,-99999,-99999.,-99999.,-99999.,-99999.,-99999.,-99999.
107321,6165880,42.230788,-8.750343,0.,73,-99999,-99999.,-99999.,-99999.,-99999.,-99999.,-99999.
107321,6166783,42.230782,-8.750365,0.,73,-99999,-99999.,-99999.,-99999.,-99999.,-99999.,-99999.
107321,6167863,42.230768,-8.750357,0.,73,-99999,-99999.,-99999.,-99999.,-99999.,-99999.,-99999.
107321,6168940,42.230767,-8.750402,0.,73,-99999,-99999.,-99999.,-99999.,-99999.,-99999.,-99999.
107321,6170020,42.230797,-8.75039,0.,73,-99999,-99999.,-99999.,-99999.,-99999.,-99999.,-99999.
107321,6171100,42.230772,-8.750365,0.,73,-99999,-99999.,-99999.,-99999.,-99999.,-99999.,-99999.
107321,6172180,42.230768,-8.750385,0.,73,-99999,-99999.,-99999.,-99999.,-99999.,-99999.,-99999.
107321,6173264,42.230768,-8.750368,0.,73,-99999,-99999.,-99999.,-99999.,-99999.,-99999.,-99999.
107321,6174340,42.230797,-8.75039,0.,73,-99999,-99999.,-99999.,-99999.,-99999.,-99999.,-99999.
107321,6175423,42.23079,-8.750337,0.,73,-99999,-99999.,-99999.,-99999.,-99999.,-99999.,-99999.
107321,6176502,42.230808,-8.750357,0.,73,-99999,-99999.,-99999.,-99999.,-99999.,-99999.,-99999.
107321,6177763,42.230772,-8.750412,0.,73,-99999,-99999.,-99999.,-99999.,-99999.,-99999.,-99999.
107321,6178840,42.230752,-8.750398,0.,73,-99999,-99999.,-99999.,-99999.,-99999.,-99999.,-99999.
107321,6179920,42.230773,-8.750412,0.,73,-99999,-99999.,-99999.,-99999.,-99999.,-99999.,-99999.
107321,6181180,42.230807,-8.750397,0.,73,-99999,-99999.,-99999.,-99999.,-99999.,-99999.,-99999.
107321,6182081,42.230755,-8.750375,0.,73,-99999,-99999.,-99999.,-99999.,-99999.,-99999.,-99999.
107321,6182982,42.230792,-8.750355,0.,73,-99999,-99999.,-99999.,-99999.,-99999.,-99999.,-99999.
107321,6184061,42.230768,-8.750388,0.,73,-99999,-99999.,-99999.,-99999.,-99999.,-99999.,-99999.
107321,6184962,42.230747,-8.750382,0.,73,-99999,-99999.,-99999.,-99999.,-99999.,-99999.,-99999.
107321,6186580,42.230772,-8.7504,0.,73,-99999,-99999.,-99999.,-99999.,-99999.,-99999.,-99999.
107321,6187840,42.230777,-8.750377,0.,73,-99999,-99999.,-99999.,-99999.,-99999.,-99999.,-99999.
107321,6190625,42.230772,-8.750378,0.,73,-99999,-99999.,-99999.,-99999.,-99999.,-99999.,-99999.
107321,6191527,42.230778,-8.75037,0.,73,-99999,-99999.,-99999.,-99999.,-99999.,-99999.,-99999.
107321,6192788,42.23079,-8.750385,0.,73,-99999,-99999.,-99999.,-99999.,-99999.,-99999.,-99999.
107321,6193867,42.230773,-8.750403,0.,73,-99999,-99999.,-99999.,-99999.,-99999.,-99999.,-99999.
107321,6195304,42.230797,-8.750348,0.,73,-99999,-99999.,-99999.,-99999.,-99999.,-99999.,-99999.
107321,6199083,42.230775,-8.750363,0.,73,-99999,-99999.,-99999.,-99999.,-99999.,-99999.,-99999.
107321,6203636,42.230755,-8.750415,0.,73,-99999,-99999.,-99999.,-99999.,-99999.,-99999.,-99999.
107321,6204328,42.230783,-8.750432,0.,73,-99999,-99999.,-99999.,-99999.,-99999.,-99999.,-99999.
107321,6205584,42.230785,-8.750382,0.,73,-99999,-99999.,-99999.,-99999.,-99999.,-99999.,-99999.
107321,6206234,42.230777,-8.75039,0.,73,-99999,-99999.,-99999.,-99999.,-99999.,-99999.,-99999.
107321,6206665,42.23072,-8.750358,0.,73,-99999,-99999.,-99999.,-99999.,-99999.,-99999.,-99999.
107321,6207567,42.230765,-8.750392,0.,73,-99999,-99999.,-99999.,-99999.,-99999.,-99999.,-99999.
107321,6207695,42.230897,-8.750385,0.,73,-99999,-99999.,-99999.,-99999.,-99999.,-99999.,-99999.
107321,6208648,42.230753,-8.750378,0.,73,-99999,-99999.,-99999.,-99999.,-99999.,-99999.,-99999.
107321,6208676,42.230752,-8.750375,0.,73,-99999,-99999.,-99999.,-99999.,-99999.,-99999.,-99999.
107321,6209732,42.230775,-8.750373,0.,73,-99999,-99999.,-99999.,-99999.,-99999.,-99999.,-99999.
107321,6210096,42.230752,-8.750353,0.,73,-99999,-99999.,-99999.,-99999.,-99999.,-99999.,-99999.
107321,6210990,42.230755,-8.750418,0.,73,-99999,-99999.,-99999.,-99999.,-99999.,-99999.,-99999.
107321,6211713,42.230782,-8.75036,0.,73,-99999,-99999.,-99999.,-99999.,-99999.,-99999.,-99999.
107321,6212070,42.230777,-8.750342,0.,73,-99999,-99999.,-99999.,-99999.,-99999.,-99999.,-99999.
107321,6212773,42.230798,-8.750365,0.,73,-99999,-99999.,-99999.,-99999.,-99999.,-99999.,-99999.
107321,6213150,42.230767,-8.75036,0.,73,-99999,-99999.,-99999.,-99999.,-99999.,-99999.,-99999.
107321,6214231,42.230788,-8.750373,0.,73,-99999,-99999.,-99999.,-99999.,-99999.,-99999.,-99999.
107321,6214294,42.230777,-8.750352,0.,73,-99999,-99999.,-99999.,-99999.,-99999.,-99999.,-99999.
107321,6215477,42.230755,-8.750347,0.,73,-99999,-99999.,-99999.,-99999.,-99999.,-99999.,-99999.
107321,6215816,42.230747,-8.750385,0.,73,-99999,-99999.,-99999.,-99999.,-99999.,-99999.,-99999.
107321,6216561,42.230802,-8.750372,0.,73,-99999,-99999.,-99999.,-99999.,-99999.,-99999.,-99999.
107321,6217074,42.23075,-8.75037,0.,73,-99999,-99999.,-99999.,-99999.,-99999.,-99999.,-99999.
107321,6217816,42.230745,-8.750377,0.,73,-99999,-99999.,-99999.,-99999.,-99999.,-99999.,-99999.
107321,6218216,42.230793,-8.75039,0.,73,-99999,-99999.,-99999.,-99999.,-99999.,-99999.,-99999.
107321,6218896,42.230703,-8.750365,0.,73,-99999,-99999.,-99999.,-99999.,-99999.,-99999.,-99999.
107321,6219994,42.230763,-8.750402,0.,73,-99999,-99999.,-99999.,-99999.,-99999.,-99999.,-99999.
107321,6221070,42.230758,-8.750352,0.,73,-99999,-99999.,-99999.,-99999.,-99999.,-99999.,-99999.
107321,6221154,42.230798,-8.750335,0.,73,-99999,-99999.,-99999.,-99999.,-99999.,-99999.,-99999.
107321,6222138,42.230768,-8.750373,0.,73,-99999,-99999.,-99999.,-99999.,-99999.,-99999.,-99999.
107321,6222915,42.23076,-8.750353,0.,73,-99999,-99999.,-99999.,-99999.,-99999.,-99999.,-99999.
107321,6223039,42.230783,-8.750373,0.,73,-99999,-99999.,-99999.,-99999.,-99999.,-99999.,-99999.
107321,6224115,42.23076,-8.75038,0.,73,-99999,-99999.,-99999.,-99999.,-99999.,-99999.,-99999.
107321,6224975,42.230797,-8.750337,0.,73,-99999,-99999.,-99999.,-99999.,-99999.,-99999.,-99999.
107321,6225212,42.230805,-8.750358,0.,73,-99999,-99999.,-99999.,-99999.,-99999.,-99999.,-99999.
107321,6226253,42.230762,-8.750367,0.,73,-99999,-99999.,-99999.,-99999.,-99999.,-99999.,-99999.
107321,6227396,42.230787,-8.750297,0.,73,-99999,-99999.,-99999.,-99999.,-99999.,-99999.,-99999.
107321,6231312,42.230767,-8.750417,0.,73,-99999,-99999.,-99999.,-99999.,-99999.,-99999.,-99999.
107321,6234965,42.230777,-8.750355,0.,73,-99999,-99999.,-99999.,-99999.,-99999.,-99999.,-99999.
107321,6236004,42.230767,-8.750368,0.,73,-99999,-99999.,-99999.,-99999.,-99999.,-99999.,-99999.
107321,6244006,42.230758,-8.750362,0.,73,-99999,-99999.,-99999.,-99999.,-99999.,-99999.,-99999.
107321,6244413,42.230773,-8.75035,0.,73,-99999,-99999.,-99999.,-99999.,-99999.,-99999.,-99999.
107321,6245082,42.23073,-8.750357,0.,73,-99999,-99999.,-99999.,-99999.,-99999.,-99999.,-99999.
107321,6245354,42.230753,-8.75037,0.,73,-99999,-99999.,-99999.,-99999.,-99999.,-99999.,-99999.
107321,6246343,42.230728,-8.750353,0.,73,-99999,-99999.,-99999.,-99999.,-99999.,-99999.,-99999.
107321,6246554,42.230723,-8.75035,0.,73,-99999,-99999.,-99999.,-99999.,-99999.,-99999.,-99999.
107321,6247426,42.230738,-8.75033,0.,73,-99999,-99999.,-99999.,-99999.,-99999.,-99999.,-99999.
107321,6248503,42.23081,-8.750335,0.,73,-99999,-99999.,-99999.,-99999.,-99999.,-99999.,-99999.
107321,6249273,42.2308,-8.750325,0.,73,-99999,-99999.,-99999.,-99999.,-99999.,-99999.,-99999.
107321,6249405,42.230793,-8.750295,0.,73,-99999,-99999.,-99999.,-99999.,-99999.,-99999.,-99999.
107321,6250485,42.230757,-8.750345,0.,73,-99999,-99999.,-99999.,-99999.,-99999.,-99999.,-99999.
107321,6251093,42.23075,-8.750355,0.,73,-99999,-99999.,-99999.,-99999.,-99999.,-99999.,-99999.
107321,6251565,42.23079,-8.750347,0.,73,-99999,-99999.,-99999.,-99999.,-99999.,-99999.,-99999.
107321,6252643,42.230785,-8.750323,0.,73,-99999,-99999.,-99999.,-99999.,-99999.,-99999.,-99999.
107321,6253723,42.230777,-8.750328,0.,73,-99999,-99999.,-99999.,-99999.,-99999.,-99999.,-99999.
107321,6254624,42.23078,-8.750353,0.,73,-99999,-99999.,-99999.,-99999.,-99999.,-99999.,-99999.
107321,6255525,42.230805,-8.75036,0.,73,-99999,-99999.,-99999.,-99999.,-99999.,-99999.,-99999.
107321,6256604,42.230732,-8.750388,0.,73,-99999,-99999.,-99999.,-99999.,-99999.,-99999.,-99999.
107321,6257506,42.23078,-8.750357,0.,73,-99999,-99999.,-99999.,-99999.,-99999.,-99999.,-99999.
107321,6258407,42.230807,-8.750345,0.,73,-99999,-99999.,-99999.,-99999.,-99999.,-99999.,-99999.
107321,6258677,42.230807,-8.750392,0.,73,-99999,-99999.,-99999.,-99999.,-99999.,-99999.,-99999.
107321,6259485,42.230805,-8.750348,0.,73,-99999,-99999.,-99999.,-99999.,-99999.,-99999.,-99999.
107321,6260564,42.23082,-8.750323,0.,73,-99999,-99999.,-99999.,-99999.,-99999.,-99999.,-99999.
107321,6261644,42.230833,-8.750413,0.,73,-99999,-99999.,-99999.,-99999.,-99999.,-99999.,-99999.
107321,6262173,42.230778,-8.750357,0.,73,-99999,-99999.,-99999.,-99999.,-99999.,-99999.,-99999.
107321,6262545,42.230795,-8.75034,0.,73,-99999,-99999.,-99999.,-99999.,-99999.,-99999.,-99999.
107321,6263622,42.230815,-8.750382,0.,73,-99999,-99999.,-99999.,-99999.,-99999.,-99999.,-99999.
107321,6264523,42.230782,-8.750332,0.,73,-99999,-99999.,-99999.,-99999.,-99999.,-99999.,-99999.
107321,6265602,42.230778,-8.750387,0.,73,-99999,-99999.,-99999.,-99999.,-99999.,-99999.,-99999.
107321,6266506,42.230767,-8.750362,0.,73,-99999,-99999.,-99999.,-99999.,-99999.,-99999.,-99999.
107321,6267586,42.230777,-8.750382,0.,73,-99999,-99999.,-99999.,-99999.,-99999.,-99999.,-99999.
107321,6268665,42.230763,-8.750358,0.,73,-99999,-99999.,-99999.,-99999.,-99999.,-99999.,-99999.
107321,6269922,42.230738,-8.75039,0.,73,-99999,-99999.,-99999.,-99999.,-99999.,-99999.,-99999.
107321,6270823,42.230775,-8.75038,0.,73,-99999,-99999.,-99999.,-99999.,-99999.,-99999.,-99999.
107321,6272265,42.230792,-8.750358,0.,73,-99999,-99999.,-99999.,-99999.,-99999.,-99999.,-99999.
107321,6274353,42.230778,-8.750387,0.,73,-99999,-99999.,-99999.,-99999.,-99999.,-99999.,-99999.
107321,6275613,42.23077,-8.75041,0.,73,-99999,-99999.,-99999.,-99999.,-99999.,-99999.,-99999.
107321,6277233,42.23079,-8.750387,0.,73,-99999,-99999.,-99999.,-99999.,-99999.,-99999.,-99999.
107321,6278309,42.230787,-8.750385,0.,73,-99999,-99999.,-99999.,-99999.,-99999.,-99999.,-99999.
107321,6279210,42.230783,-8.750382,0.,73,-99999,-99999.,-99999.,-99999.,-99999.,-99999.,-99999.
107321,6280289,42.230792,-8.750397,0.,73,-99999,-99999.,-99999.,-99999.,-99999.,-99999.,-99999.
107321,6281190,42.230777,-8.750417,0.,73,-99999,-99999.,-99999.,-99999.,-99999.,-99999.,-99999.
107321,6282270,42.230773,-8.750342,0.,73,-99999,-99999.,-99999.,-99999.,-99999.,-99999.,-99999.
107321,6283351,42.230783,-8.750345,0.,73,-99999,-99999.,-99999.,-99999.,-99999.,-99999.,-99999.
107321,6284791,42.23079,-8.750352,0.,73,-99999,-99999.,-99999.,-99999.,-99999.,-99999.,-99999.
107321,6285692,42.23083,-8.750325,0.,73,-99999,-99999.,-99999.,-99999.,-99999.,-99999.,-99999.
107321,6287309,42.230775,-8.750412,0.,73,-99999,-99999.,-99999.,-99999.,-99999.,-99999.,-99999.
107321,6292532,42.230812,-8.75042,0.,73,-99999,-99999.,-99999.,-99999.,-99999.,-99999.,-99999.
107321,6293433,42.230782,-8.750385,0.,73,-99999,-99999.,-99999.,-99999.,-99999.,-99999.,-99999.
107321,6294694,42.230798,-8.750358,0.,73,-99999,-99999.,-99999.,-99999.,-99999.,-99999.,-99999.
107321,6295474,42.230783,-8.750388,0.,73,-99999,-99999.,-99999.,-99999.,-99999.,-99999.,-99999.
107321,6295774,42.230753,-8.750417,0.,73,-99999,-99999.,-99999.,-99999.,-99999.,-99999.,-99999.
107321,6296815,42.23075,-8.750398,0.,73,-99999,-99999.,-99999.,-99999.,-99999.,-99999.,-99999.
107321,6297031,42.230763,-8.750353,0.,73,-99999,-99999.,-99999.,-99999.,-99999.,-99999.,-99999.
107321,6297934,42.230785,-8.750377,0.,73,-99999,-99999.,-99999.,-99999.,-99999.,-99999.,-99999.
107321,6298194,42.23076,-8.750392,0.,73,-99999,-99999.,-99999.,-99999.,-99999.,-99999.,-99999.
107321,6299014,42.230753,-8.75036,0.,73,-99999,-99999.,-99999.,-99999.,-99999.,-99999.,-99999.
107321,6299395,42.230748,-8.750413,0.,73,-99999,-99999.,-99999.,-99999.,-99999.,-99999.,-99999.
107321,6299915,42.230772,-8.750395,0.,73,-99999,-99999.,-99999.,-99999.,-99999.,-99999.,-99999.
107321,6300991,42.230755,-8.750355,0.,73,-99999,-99999.,-99999.,-99999.,-99999.,-99999.,-99999.
107321,6302071,42.230772,-8.750382,0.,73,-99999,-99999.,-99999.,-99999.,-99999.,-99999.,-99999.
107321,6303151,42.230757,-8.75037,0.,73,-99999,-99999.,-99999.,-99999.,-99999.,-99999.,-99999.
107321,6304235,42.230727,-8.75036,0.,73,-99999,-99999.,-99999.,-99999.,-99999.,-99999.,-99999.
107321,6304815,42.230742,-8.750353,0.,73,-99999,-99999.,-99999.,-99999.,-99999.,-99999.,-99999.
107321,6305311,42.230758,-8.75037,0.,73,-99999,-99999.,-99999.,-99999.,-99999.,-99999.,-99999.
107321,6306215,42.230757,-8.750373,0.,73,-99999,-99999.,-99999.,-99999.,-99999.,-99999.,-99999.
107321,6307291,42.230753,-8.750358,0.,73,-99999,-99999.,-99999.,-99999.,-99999.,-99999.,-99999.
107321,6308195,42.23078,-8.750355,0.,73,-99999,-99999.,-99999.,-99999.,-99999.,-99999.,-99999.
107321,6308515,42.230778,-8.750358,0.,73,-99999,-99999.,-99999.,-99999.,-99999.,-99999.,-99999.
107321,6309448,42.230758,-8.750357,0.,73,-99999,-99999.,-99999.,-99999.,-99999.,-99999.,-99999.
107321,6309452,42.230745,-8.750405,0.,73,-99999,-99999.,-99999.,-99999.,-99999.,-99999.,-99999.
107321,6310532,42.230783,-8.750358,0.,73,-99999,-99999.,-99999.,-99999.,-99999.,-99999.,-99999.
107321,6310536,42.230768,-8.750365,0.,73,-99999,-99999.,-99999.,-99999.,-99999.,-99999.,-99999.
107321,6311608,42.230788,-8.750333,0.,73,-99999,-99999.,-99999.,-99999.,-99999.,-99999.,-99999.
107321,6311896,42.230752,-8.750393,0.,73,-99999,-99999.,-99999.,-99999.,-99999.,-99999.,-99999.
107321,6312512,42.230757,-8.750365,0.,73,-99999,-99999.,-99999.,-99999.,-99999.,-99999.,-99999.
107321,6312952,42.230747,-8.750383,0.,73,-99999,-99999.,-99999.,-99999.,-99999.,-99999.,-99999.
107321,6313941,42.230918,-8.750368,0.,73,-99999,-99999.,-99999.,-99999.,-99999.,-99999.,-99999.
107321,6314593,42.230738,-8.750385,0.,73,-99999,-99999.,-99999.,-99999.,-99999.,-99999.,-99999.
107321,6315211,42.230777,-8.750363,0.,73,-99999,-99999.,-99999.,-99999.,-99999.,-99999.,-99999.
107321,6315694,42.230773,-8.750358,0.,73,-99999,-99999.,-99999.,-99999.,-99999.,-99999.,-99999.
107321,6316291,42.23073,-8.750372,0.,73,-99999,-99999.,-99999.,-99999.,-99999.,-99999.,-99999.
107321,6319549,42.230783,-8.750332,0.,73,-99999,-99999.,-99999.,-99999.,-99999.,-99999.,-99999.
107321,6321529,42.230803,-8.750373,0.,73,-99999,-99999.,-99999.,-99999.,-99999.,-99999.,-99999.
107321,6322789,42.230758,-8.750377,0.,73,-99999,-99999.,-99999.,-99999.,-99999.,-99999.,-99999.
107321,6324950,42.230792,-8.750368,0.,73,-99999,-99999.,-99999.,-99999.,-99999.,-99999.,-99999.
107321,6326931,42.23071,-8.750382,0.,73,-99999,-99999.,-99999.,-99999.,-99999.,-99999.,-99999.
107321,6329206,42.230807,-8.750372,0.,73,-99999,-99999.,-99999.,-99999.,-99999.,-99999.,-99999.
107321,6330673,42.23078,-8.750382,0.,73,-99999,-99999.,-99999.,-99999.,-99999.,-99999.,-99999.
107321,6334462,42.230775,-8.75031,0.,73,-99999,-99999.,-99999.,-99999.,-99999.,-99999.,-99999.
107321,6336082,42.230792,-8.750378,0.,73,-99999,-99999.,-99999.,-99999.,-99999.,-99999.,-99999.
107321,6337346,42.230752,-8.75035,0.,73,-99999,-99999.,-99999.,-99999.,-99999.,-99999.,-99999.
107321,6338418,42.230767,-8.750378,0.,73,-99999,-99999.,-99999.,-99999.,-99999.,-99999.,-99999.
107321,6339323,42.230783,-8.750358,0.,73,-99999,-99999.,-99999.,-99999.,-99999.,-99999.,-99999.
107321,6340399,42.230763,-8.750343,0.,73,-99999,-99999.,-99999.,-99999.,-99999.,-99999.,-99999.
107321,6341478,42.230792,-8.750357,0.,73,-99999,-99999.,-99999.,-99999.,-99999.,-99999.,-99999.
107321,6342563,42.230797,-8.750345,0.,73,-99999,-99999.,-99999.,-99999.,-99999.,-99999.,-99999.
107321,6343643,42.230795,-8.750368,0.,73,-99999,-99999.,-99999.,-99999.,-99999.,-99999.,-99999.
107321,6344722,42.230757,-8.75037,0.,73,-99999,-99999.,-99999.,-99999.,-99999.,-99999.,-99999.
107321,6345979,42.230777,-8.750357,0.,73,-99999,-99999.,-99999.,-99999.,-99999.,-99999.,-99999.
107321,6347059,42.230785,-8.750347,0.,73,-99999,-99999.,-99999.,-99999.,-99999.,-99999.,-99999.
107321,6348141,42.23077,-8.750375,0.,73,-99999,-99999.,-99999.,-99999.,-99999.,-99999.,-99999.
107321,6349218,42.230778,-8.750368,0.,73,-99999,-99999.,-99999.,-99999.,-99999.,-99999.,-99999.
107321,6350298,42.230778,-8.750353,0.,73,-99999,-99999.,-99999.,-99999.,-99999.,-99999.,-99999.
107321,6351199,42.230795,-8.750368,0.,73,-99999,-99999.,-99999.,-99999.,-99999.,-99999.,-99999.
107321,6352100,42.230768,-8.750363,0.,73,-99999,-99999.,-99999.,-99999.,-99999.,-99999.,-99999.
107321,6353540,42.230773,-8.750372,0.,73,-99999,-99999.,-99999.,-99999.,-99999.,-99999.,-99999.
107321,6354795,42.230755,-8.750377,0.,73,-99999,-99999.,-99999.,-99999.,-99999.,-99999.,-99999.
107321,6355875,42.230763,-8.750413,0.,73,-99999,-99999.,-99999.,-99999.,-99999.,-99999.,-99999.
107321,6356955,42.230762,-8.750378,0.,73,-99999,-99999.,-99999.,-99999.,-99999.,-99999.,-99999.
107321,6358215,42.230735,-8.750385,0.,73,-99999,-99999.,-99999.,-99999.,-99999.,-99999.,-99999.
107321,6359116,42.230755,-8.750395,0.,73,-99999,-99999.,-99999.,-99999.,-99999.,-99999.,-99999.
107321,6362743,42.230738,-8.750417,0.,73,-99999,-99999.,-99999.,-99999.,-99999.,-99999.,-99999.
107321,6364184,42.230785,-8.750382,0.,73,-99999,-99999.,-99999.,-99999.,-99999.,-99999.,-99999.
107321,6365593,42.23076,-8.750392,0.,73,-99999,-99999.,-99999.,-99999.,-99999.,-99999.,-99999.
107321,6366513,42.230785,-8.7504,0.,73,-99999,-99999.,-99999.,-99999.,-99999.,-99999.,-99999.
107321,6367601,42.230833,-8.750365,0.,73,-99999,-99999.,-99999.,-99999.,-99999.,-99999.,-99999.
107321,6368683,42.230812,-8.750343,0.,73,-99999,-99999.,-99999.,-99999.,-99999.,-99999.,-99999.
107321,6369727,42.230797,-8.750353,0.,73,-99999,-99999.,-99999.,-99999.,-99999.,-99999.,-99999.
107321,6371921,42.230782,-8.75037,0.,73,-99999,-99999.,-99999.,-99999.,-99999.,-99999.,-99999.
107321,6374709,42.230748,-8.750398,0.,73,-99999,-99999.,-99999.,-99999.,-99999.,-99999.,-99999.
107321,6376499,42.230783,-8.750407,0.,73,-99999,-99999.,-99999.,-99999.,-99999.,-99999.,-99999.
107321,6377948,42.23077,-8.750368,0.,73,-99999,-99999.,-99999.,-99999.,-99999.,-99999.,-99999.
107321,6379206,42.23075,-8.750423,0.,73,-99999,-99999.,-99999.,-99999.,-99999.,-99999.,-99999.
107321,6379951,42.230712,-8.75036,0.,73,-99999,-99999.,-99999.,-99999.,-99999.,-99999.,-99999.
107321,6381188,42.23073,-8.75037,0.,73,-99999,-99999.,-99999.,-99999.,-99999.,-99999.,-99999.
107321,6382267,42.230778,-8.750347,0.,73,-99999,-99999.,-99999.,-99999.,-99999.,-99999.,-99999.
107321,6383168,42.230763,-8.750402,0.,73,-99999,-99999.,-99999.,-99999.,-99999.,-99999.,-99999.
107321,6384240,42.23077,-8.75037,0.,73,-99999,-99999.,-99999.,-99999.,-99999.,-99999.,-99999.
107321,6385146,42.230765,-8.750393,0.,73,-99999,-99999.,-99999.,-99999.,-99999.,-99999.,-99999.
107321,6386049,42.23076,-8.750395,0.,73,-99999,-99999.,-99999.,-99999.,-99999.,-99999.,-99999.
107321,6386950,42.23075,-8.750357,0.,73,-99999,-99999.,-99999.,-99999.,-99999.,-99999.,-99999.
107321,6388017,42.230735,-8.750367,0.,73,-99999,-99999.,-99999.,-99999.,-99999.,-99999.,-99999.
107321,6388929,42.230782,-8.750382,0.,73,-99999,-99999.,-99999.,-99999.,-99999.,-99999.,-99999.
107321,6389433,42.230768,-8.750387,0.,73,-99999,-99999.,-99999.,-99999.,-99999.,-99999.,-99999.
107321,6390009,42.230773,-8.750368,0.,73,-99999,-99999.,-99999.,-99999.,-99999.,-99999.,-99999.
107321,6390910,42.230752,-8.750355,0.,73,-99999,-99999.,-99999.,-99999.,-99999.,-99999.,-99999.
107321,6390934,42.230747,-8.750383,0.,73,-99999,-99999.,-99999.,-99999.,-99999.,-99999.,-99999.
107321,6391912,42.230747,-8.75039,0.,73,-99999,-99999.,-99999.,-99999.,-99999.,-99999.,-99999.
107321,6391988,42.230753,-8.750325,0.,73,-99999,-99999.,-99999.,-99999.,-99999.,-99999.,-99999.
107321,6393068,42.230762,-8.750375,0.,73,-99999,-99999.,-99999.,-99999.,-99999.,-99999.,-99999.
107321,6394148,42.230777,-8.750372,0.,73,-99999,-99999.,-99999.,-99999.,-99999.,-99999.,-99999.
107321,6395229,42.230777,-8.750368,0.,73,-99999,-99999.,-99999.,-99999.,-99999.,-99999.,-99999.
107321,6396306,42.230758,-8.750362,0.,73,-99999,-99999.,-99999.,-99999.,-99999.,-99999.,-99999.
107321,6397210,42.23078,-8.750367,0.,73,-99999,-99999.,-99999.,-99999.,-99999.,-99999.,-99999.
107321,6398288,42.230758,-8.750375,0.,73,-99999,-99999.,-99999.,-99999.,-99999.,-99999.,-99999.
107321,6399367,42.230783,-8.750337,0.,73,-99999,-99999.,-99999.,-99999.,-99999.,-99999.,-99999.
107321,6400448,42.230753,-8.750372,0.,73,-99999,-99999.,-99999.,-99999.,-99999.,-99999.,-99999.
107321,6401252,42.230782,-8.750392,0.,73,-99999,-99999.,-99999.,-99999.,-99999.,-99999.,-99999.
107321,6401708,42.230753,-8.750402,0.,73,-99999,-99999.,-99999.,-99999.,-99999.,-99999.,-99999.
107321,6402788,42.230762,-8.750378,0.,73,-99999,-99999.,-99999.,-99999.,-99999.,-99999.,-99999.
107321,6403869,42.230758,-8.7504,0.,73,-99999,-99999.,-99999.,-99999.,-99999.,-99999.,-99999.
107321,6404947,42.230798,-8.75041,0.,73,-99999,-99999.,-99999.,-99999.,-99999.,-99999.,-99999.
107321,6405850,42.230813,-8.75035,0.,73,-99999,-99999.,-99999.,-99999.,-99999.,-99999.,-99999.
107321,6406926,42.230788,-8.75036,0.,73,-99999,-99999.,-99999.,-99999.,-99999.,-99999.,-99999.
107321,6408010,42.230783,-8.750372,0.,73,-99999,-99999.,-99999.,-99999.,-99999.,-99999.,-99999.
107321,6409089,42.230805,-8.75033,0.,73,-99999,-99999.,-99999.,-99999.,-99999.,-99999.,-99999.
107321,6410170,42.230752,-8.75036,0.,73,-99999,-99999.,-99999.,-99999.,-99999.,-99999.,-99999.
107321,6411428,42.230758,-8.750383,0.,73,-99999,-99999.,-99999.,-99999.,-99999.,-99999.,-99999.
107321,6412330,42.230817,-8.750385,0.,73,-99999,-99999.,-99999.,-99999.,-99999.,-99999.,-99999.
107321,6413410,42.230725,-8.750365,0.,73,-99999,-99999.,-99999.,-99999.,-99999.,-99999.,-99999.
107321,6414670,42.230803,-8.750308,0.,73,-99999,-99999.,-99999.,-99999.,-99999.,-99999.,-99999.
107321,6415930,42.230775,-8.750383,0.,73,-99999,-99999.,-99999.,-99999.,-99999.,-99999.,-99999.
107321,6416831,42.230765,-8.750378,0.,73,-99999,-99999.,-99999.,-99999.,-99999.,-99999.,-99999.
107321,6417911,42.230763,-8.750353,0.,73,-99999,-99999.,-99999.,-99999.,-99999.,-99999.,-99999.
107321,6421888,42.230772,-8.75036,0.,73,-99999,-99999.,-99999.,-99999.,-99999.,-99999.,-99999.
107321,6422969,42.230795,-8.750343,0.,73,-99999,-99999.,-99999.,-99999.,-99999.,-99999.,-99999.
107321,6424053,42.230805,-8.750345,0.,73,-99999,-99999.,-99999.,-99999.,-99999.,-99999.,-99999.
107321,6425129,42.230823,-8.750322,0.,73,-99999,-99999.,-99999.,-99999.,-99999.,-99999.,-99999.
107321,6426208,42.230777,-8.750347,0.,73,-99999,-99999.,-99999.,-99999.,-99999.,-99999.,-99999.
107321,6427109,42.230792,-8.750363,0.,73,-99999,-99999.,-99999.,-99999.,-99999.,-99999.,-99999.
107321,6428187,42.230817,-8.750375,0.,73,-99999,-99999.,-99999.,-99999.,-99999.,-99999.,-99999.
107321,6429269,42.230792,-8.750397,0.,73,-99999,-99999.,-99999.,-99999.,-99999.,-99999.,-99999.
107321,6430170,42.230773,-8.750355,0.,73,-99999,-99999.,-99999.,-99999.,-99999.,-99999.,-99999.
107321,6431249,42.230777,-8.750372,0.,73,-99999,-99999.,-99999.,-99999.,-99999.,-99999.,-99999.
107321,6432330,42.230832,-8.750388,0.,73,-99999,-99999.,-99999.,-99999.,-99999.,-99999.,-99999.
107321,6433410,42.23082,-8.750357,0.,73,-99999,-99999.,-99999.,-99999.,-99999.,-99999.,-99999.
107321,6434486,42.230793,-8.750333,0.,73,-99999,-99999.,-99999.,-99999.,-99999.,-99999.,-99999.
107321,6435390,42.23081,-8.750378,0.,73,-99999,-99999.,-99999.,-99999.,-99999.,-99999.,-99999.
107321,6436468,42.230808,-8.750352,0.,73,-99999,-99999.,-99999.,-99999.,-99999.,-99999.,-99999.
107321,6437370,42.2308,-8.75038,0.,73,-99999,-99999.,-99999.,-99999.,-99999.,-99999.,-99999.
107321,6438627,42.230795,-8.75038,0.,73,-99999,-99999.,-99999.,-99999.,-99999.,-99999.,-99999.
107321,6439707,42.230788,-8.750365,0.,73,-99999,-99999.,-99999.,-99999.,-99999.,-99999.,-99999.
107321,6440786,42.230753,-8.750362,0.,73,-99999,-99999.,-99999.,-99999.,-99999.,-99999.,-99999.
107321,6441687,42.230775,-8.750393,0.,73,-99999,-99999.,-99999.,-99999.,-99999.,-99999.,-99999.
107321,6442767,42.230777,-8.750352,0.,73,-99999,-99999.,-99999.,-99999.,-99999.,-99999.,-99999.
107321,6443847,42.23074,-8.750387,0.,73,-99999,-99999.,-99999.,-99999.,-99999.,-99999.,-99999.
107321,6444924,42.230758,-8.750407,0.,73,-99999,-99999.,-99999.,-99999.,-99999.,-99999.,-99999.
107321,6446004,42.230768,-8.750367,0.,73,-99999,-99999.,-99999.,-99999.,-99999.,-99999.,-99999.
107321,6446905,42.230762,-8.75041,0.,73,-99999,-99999.,-99999.,-99999.,-99999.,-99999.,-99999.
107321,6447806,42.230763,-8.75034,0.,73,-99999,-99999.,-99999.,-99999.,-99999.,-99999.,-99999.
107321,6448871,42.230763,-8.750378,0.,73,-99999,-99999.,-99999.,-99999.,-99999.,-99999.,-99999.
107321,6450144,42.230767,-8.750337,0.,73,-99999,-99999.,-99999.,-99999.,-99999.,-99999.,-99999.
107321,6452481,42.230782,-8.750377,0.,73,-99999,-99999.,-99999.,-99999.,-99999.,-99999.,-99999.
107321,6453561,42.230803,-8.750378,0.,73,-99999,-99999.,-99999.,-99999.,-99999.,-99999.,-99999.
107321,6454641,42.230792,-8.750403,0.,73,-99999,-99999.,-99999.,-99999.,-99999.,-99999.,-99999.
107321,6456802,42.230778,-8.750378,0.,73,-99999,-99999.,-99999.,-99999.,-99999.,-99999.,-99999.
107321,6457873,42.23081,-8.75038,0.,73,-99999,-99999.,-99999.,-99999.,-99999.,-99999.,-99999.
107321,6459129,42.230802,-8.750375,0.,73,-99999,-99999.,-99999.,-99999.,-99999.,-99999.,-99999.
107321,6460386,42.230772,-8.750385,0.,73,-99999,-99999.,-99999.,-99999.,-99999.,-99999.,-99999.
107321,6461826,42.230798,-8.750413,0.,73,-99999,-99999.,-99999.,-99999.,-99999.,-99999.,-99999.
107321,6463626,42.230758,-8.750372,0.,73,-99999,-99999.,-99999.,-99999.,-99999.,-99999.,-99999.
107321,6465441,42.230717,-8.750428,0.,73,-99999,-99999.,-99999.,-99999.,-99999.,-99999.,-99999.
107321,6468226,42.230778,-8.75038,0.,73,-99999,-99999.,-99999.,-99999.,-99999.,-99999.,-99999.
107321,6469482,42.230745,-8.750393,0.,73,-99999,-99999.,-99999.,-99999.,-99999.,-99999.,-99999.
107321,6469502,42.230738,-8.750385,0.,73,-99999,-99999.,-99999.,-99999.,-99999.,-99999.,-99999.
107321,6470386,42.230755,-8.750375,0.,73,-99999,-99999.,-99999.,-99999.,-99999.,-99999.,-99999.
107321,6471462,42.230753,-8.75036,0.,73,-99999,-99999.,-99999.,-99999.,-99999.,-99999.,-99999.
107321,6472546,42.230755,-8.750363,0.,73,-99999,-99999.,-99999.,-99999.,-99999.,-99999.,-99999.
107321,6473623,42.230737,-8.750368,0.,73,-99999,-99999.,-99999.,-99999.,-99999.,-99999.,-99999.
107321,6474704,42.230822,-8.750358,0.,73,-99999,-99999.,-99999.,-99999.,-99999.,-99999.,-99999.
107321,6475784,42.23077,-8.750388,0.,73,-99999,-99999.,-99999.,-99999.,-99999.,-99999.,-99999.
107321,6476688,42.230757,-8.750378,0.,73,-99999,-99999.,-99999.,-99999.,-99999.,-99999.,-99999.
107321,6477768,42.230773,-8.750332,0.,73,-99999,-99999.,-99999.,-99999.,-99999.,-99999.,-99999.
107321,6478848,42.230757,-8.750323,0.,73,-99999,-99999.,-99999.,-99999.,-99999.,-99999.,-99999.
107321,6479928,42.230777,-8.750335,0.,73,-99999,-99999.,-99999.,-99999.,-99999.,-99999.,-99999.
107321,6481010,42.230817,-8.75031,0.,73,-99999,-99999.,-99999.,-99999.,-99999.,-99999.,-99999.
107321,6482086,42.230783,-8.750358,0.,73,-99999,-99999.,-99999.,-99999.,-99999.,-99999.,-99999.
107321,6483171,42.230765,-8.750383,0.,73,-99999,-99999.,-99999.,-99999.,-99999.,-99999.,-99999.
107321,6484250,42.230768,-8.750397,0.,73,-99999,-99999.,-99999.,-99999.,-99999.,-99999.,-99999.
107321,6485329,42.230782,-8.75032,0.,73,-99999,-99999.,-99999.,-99999.,-99999.,-99999.,-99999.
107321,6486230,42.230775,-8.750282,0.,73,-99999,-99999.,-99999.,-99999.,-99999.,-99999.,-99999.
107321,6487310,42.230772,-8.750367,0.,73,-99999,-99999.,-99999.,-99999.,-99999.,-99999.,-99999.
107321,6488391,42.230733,-8.750382,0.,73,-99999,-99999.,-99999.,-99999.,-99999.,-99999.,-99999.
107321,6489831,42.230775,-8.75041,0.,73,-99999,-99999.,-99999.,-99999.,-99999.,-99999.,-99999.
107321,6491812,42.230802,-8.750368,0.,73,-99999,-99999.,-99999.,-99999.,-99999.,-99999.,-99999.
107321,6493072,42.230783,-8.75033,0.,73,-99999,-99999.,-99999.,-99999.,-99999.,-99999.,-99999.
107321,6495356,42.230793,-8.750338,0.,73,-99999,-99999.,-99999.,-99999.,-99999.,-99999.,-99999.
107321,6496435,42.230757,-8.750388,0.,73,-99999,-99999.,-99999.,-99999.,-99999.,-99999.,-99999.
107321,6497695,42.230793,-8.750387,0.,73,-99999,-99999.,-99999.,-99999.,-99999.,-99999.,-99999.
107321,6497963,42.230773,-8.750375,0.,73,-99999,-99999.,-99999.,-99999.,-99999.,-99999.,-99999.
107321,6498596,42.23076,-8.750373,0.,73,-99999,-99999.,-99999.,-99999.,-99999.,-99999.,-99999.
107321,6499676,42.230763,-8.750382,0.,73,-99999,-99999.,-99999.,-99999.,-99999.,-99999.,-99999.
107321,6500936,42.230758,-8.7504,0.,73,-99999,-99999.,-99999.,-99999.,-99999.,-99999.,-99999.
107321,6501837,42.230737,-8.750357,0.,73,-99999,-99999.,-99999.,-99999.,-99999.,-99999.,-99999.
107321,6503837,42.23076,-8.750418,0.,73,-99999,-99999.,-99999.,-99999.,-99999.,-99999.,-99999.
107321,6504917,42.230757,-8.750377,0.,73,-99999,-99999.,-99999.,-99999.,-99999.,-99999.,-99999.
107321,6506356,42.230742,-8.750333,0.,73,-99999,-99999.,-99999.,-99999.,-99999.,-99999.,-99999.
107321,6507438,42.230742,-8.750313,0.,73,-99999,-99999.,-99999.,-99999.,-99999.,-99999.,-99999.
107321,6508698,42.230782,-8.75035,0.,73,-99999,-99999.,-99999.,-99999.,-99999.,-99999.,-99999.
107321,6509599,42.230747,-8.750332,0.,73,-99999,-99999.,-99999.,-99999.,-99999.,-99999.,-99999.
107321,6510677,42.230798,-8.75038,0.,73,-99999,-99999.,-99999.,-99999.,-99999.,-99999.,-99999.
107321,6511760,42.230787,-8.750345,0.,73,-99999,-99999.,-99999.,-99999.,-99999.,-99999.,-99999.
107321,6512776,42.230762,-8.750357,0.,73,-99999,-99999.,-99999.,-99999.,-99999.,-99999.,-99999.
107321,6513729,42.230788,-8.750367,0.,73,-99999,-99999.,-99999.,-99999.,-99999.,-99999.,-99999.
107321,6514814,42.230775,-8.750358,0.,73,-99999,-99999.,-99999.,-99999.,-99999.,-99999.,-99999.
107321,6515898,42.2308,-8.750378,0.,73,-99999,-99999.,-99999.,-99999.,-99999.,-99999.,-99999.
107321,6516974,42.230808,-8.750342,0.,73,-99999,-99999.,-99999.,-99999.,-99999.,-99999.,-99999.
107321,6518050,42.230818,-8.750417,0.,73,-99999,-99999.,-99999.,-99999.,-99999.,-99999.,-99999.
107321,6518954,42.230795,-8.750398,0.,73,-99999,-99999.,-99999.,-99999.,-99999.,-99999.,-99999.
107321,6520031,42.230795,-8.750385,0.,73,-99999,-99999.,-99999.,-99999.,-99999.,-99999.,-99999.
107321,6521115,42.230798,-8.750355,0.,73,-99999,-99999.,-99999.,-99999.,-99999.,-99999.,-99999.
107321,6522196,42.230807,-8.750402,0.,73,-99999,-99999.,-99999.,-99999.,-99999.,-99999.,-99999.
107321,6523275,42.230802,-8.750377,0.,73,-99999,-99999.,-99999.,-99999.,-99999.,-99999.,-99999.
107321,6524353,42.230808,-8.750397,0.,73,-99999,-99999.,-99999.,-99999.,-99999.,-99999.,-99999.
107321,6525394,42.230778,-8.750375,0.,73,-99999,-99999.,-99999.,-99999.,-99999.,-99999.,-99999.
107321,6526335,42.230763,-8.75042,0.,73,-99999,-99999.,-99999.,-99999.,-99999.,-99999.,-99999.
107321,6527410,42.230773,-8.750373,0.,73,-99999,-99999.,-99999.,-99999.,-99999.,-99999.,-99999.
107321,6528482,42.230763,-8.75039,0.,73,-99999,-99999.,-99999.,-99999.,-99999.,-99999.,-99999.
107321,6529386,42.230732,-8.750405,0.,73,-99999,-99999.,-99999.,-99999.,-99999.,-99999.,-99999.
107321,6530466,42.230747,-8.750402,0.,73,-99999,-99999.,-99999.,-99999.,-99999.,-99999.,-99999.
107321,6531540,42.23073,-8.750367,0.,73,-99999,-99999.,-99999.,-99999.,-99999.,-99999.,-99999.
107321,6532573,42.230772,-8.750408,0.,73,-99999,-99999.,-99999.,-99999.,-99999.,-99999.,-99999.
107321,6533509,42.230747,-8.75038,0.,73,-99999,-99999.,-99999.,-99999.,-99999.,-99999.,-99999.
107321,6534597,42.23074,-8.75036,0.,73,-99999,-99999.,-99999.,-99999.,-99999.,-99999.,-99999.
107321,6535498,42.230755,-8.750383,0.,73,-99999,-99999.,-99999.,-99999.,-99999.,-99999.,-99999.
107321,6537271,42.230787,-8.75036,0.,73,-99999,-99999.,-99999.,-99999.,-99999.,-99999.,-99999.
107321,6538348,42.230783,-8.75041,0.,73,-99999,-99999.,-99999.,-99999.,-99999.,-99999.,-99999.
107321,6539701,42.230817,-8.750342,0.,73,-99999,-99999.,-99999.,-99999.,-99999.,-99999.,-99999.
107321,6543075,42.230802,-8.750383,0.,73,-99999,-99999.,-99999.,-99999.,-99999.,-99999.,-99999.
107321,6545597,42.230775,-8.750402,0.,73,-99999,-99999.,-99999.,-99999.,-99999.,-99999.,-99999.
107321,6547035,42.23077,-8.75041,0.,73,-99999,-99999.,-99999.,-99999.,-99999.,-99999.,-99999.
107321,6551562,42.230787,-8.750322,0.,73,-99999,-99999.,-99999.,-99999.,-99999.,-99999.,-99999.
107321,6552787,42.230742,-8.750402,0.,73,-99999,-99999.,-99999.,-99999.,-99999.,-99999.,-99999.
107321,6555647,42.23076,-8.750402,0.,73,-99999,-99999.,-99999.,-99999.,-99999.,-99999.,-99999.
107321,6556720,42.230787,-8.750367,0.,73,-99999,-99999.,-99999.,-99999.,-99999.,-99999.,-99999.
107321,6557661,42.230767,-8.750357,0.,73,-99999,-99999.,-99999.,-99999.,-99999.,-99999.,-99999.
107321,6558741,42.230785,-8.750375,0.,73,-99999,-99999.,-99999.,-99999.,-99999.,-99999.,-99999.
107321,6560000,42.230753,-8.750368,0.,73,-99999,-99999.,-99999.,-99999.,-99999.,-99999.,-99999.
107321,6561080,42.230798,-8.75039,0.,73,-99999,-99999.,-99999.,-99999.,-99999.,-99999.,-99999.
107321,6562160,42.23077,-8.75038,0.,73,-99999,-99999.,-99999.,-99999.,-99999.,-99999.,-99999.
107321,6563236,42.23077,-8.750352,0.,73,-99999,-99999.,-99999.,-99999.,-99999.,-99999.,-99999.
107321,6564140,42.230767,-8.750342,0.,73,-99999,-99999.,-99999.,-99999.,-99999.,-99999.,-99999.
107321,6565184,42.230773,-8.750353,0.,73,-99999,-99999.,-99999.,-99999.,-99999.,-99999.,-99999.
107321,6566302,42.230797,-8.750362,0.,73,-99999,-99999.,-99999.,-99999.,-99999.,-99999.,-99999.
107321,6567383,42.230765,-8.750377,0.,73,-99999,-99999.,-99999.,-99999.,-99999.,-99999.,-99999.
107321,6568466,42.230768,-8.750348,0.,73,-99999,-99999.,-99999.,-99999.,-99999.,-99999.,-99999.
107321,6569546,42.230762,-8.750358,0.,73,-99999,-99999.,-99999.,-99999.,-99999.,-99999.,-99999.
107321,6570623,42.230777,-8.750415,0.,73,-99999,-99999.,-99999.,-99999.,-99999.,-99999.,-99999.
107321,6571527,42.230775,-8.750373,0.,73,-99999,-99999.,-99999.,-99999.,-99999.,-99999.,-99999.
107321,6572593,42.230793,-8.750342,0.,73,-99999,-99999.,-99999.,-99999.,-99999.,-99999.,-99999.
107321,6573505,42.230733,-8.750357,0.,73,-99999,-99999.,-99999.,-99999.,-99999.,-99999.,-99999.
107321,6574768,42.230753,-8.750387,0.,73,-99999,-99999.,-99999.,-99999.,-99999.,-99999.,-99999.
107321,6575846,42.230747,-8.750415,0.,73,-99999,-99999.,-99999.,-99999.,-99999.,-99999.,-99999.
107321,6576926,42.230793,-8.750398,0.,73,-99999,-99999.,-99999.,-99999.,-99999.,-99999.,-99999.
107321,6578188,42.23079,-8.750348,0.,73,-99999,-99999.,-99999.,-99999.,-99999.,-99999.,-99999.
107321,6579265,42.230798,-8.750355,0.,73,-99999,-99999.,-99999.,-99999.,-99999.,-99999.,-99999.
107321,6580522,42.230785,-8.75034,0.,73,-99999,-99999.,-99999.,-99999.,-99999.,-99999.,-99999.
107321,6581424,42.230783,-8.750337,0.,73,-99999,-99999.,-99999.,-99999.,-99999.,-99999.,-99999.
107321,6582684,42.230733,-8.750352,0.,73,-99999,-99999.,-99999.,-99999.,-99999.,-99999.,-99999.
107321,6583768,42.23078,-8.750357,0.,73,-99999,-99999.,-99999.,-99999.,-99999.,-99999.,-99999.
107321,6585678,42.230733,-8.75039,0.,73,-99999,-99999.,-99999.,-99999.,-99999.,-99999.,-99999.
107321,6595477,42.230792,-8.750327,0.,73,-99999,-99999.,-99999.,-99999.,-99999.,-99999.,-99999.
107321,6596555,42.230788,-8.750352,0.,73,-99999,-99999.,-99999.,-99999.,-99999.,-99999.,-99999.
107321,6597456,42.230785,-8.750355,0.,73,-99999,-99999.,-99999.,-99999.,-99999.,-99999.,-99999.
107321,6598716,42.230802,-8.75035,0.,73,-99999,-99999.,-99999.,-99999.,-99999.,-99999.,-99999.
107321,6599620,42.230762,-8.750353,0.,73,-99999,-99999.,-99999.,-99999.,-99999.,-99999.,-99999.
107321,6600700,42.230773,-8.7504,0.,73,-99999,-99999.,-99999.,-99999.,-99999.,-99999.,-99999.
107321,6601780,42.2308,-8.750377,0.,73,-99999,-99999.,-99999.,-99999.,-99999.,-99999.,-99999.
107321,6602860,42.230768,-8.750343,0.,73,-99999,-99999.,-99999.,-99999.,-99999.,-99999.,-99999.
107321,6603936,42.230785,-8.750363,0.,73,-99999,-99999.,-99999.,-99999.,-99999.,-99999.,-99999.
107321,6604838,42.230808,-8.750383,0.,73,-99999,-99999.,-99999.,-99999.,-99999.,-99999.,-99999.
107321,6605921,42.230813,-8.750373,0.,73,-99999,-99999.,-99999.,-99999.,-99999.,-99999.,-99999.
107321,6606996,42.23081,-8.750375,0.,73,-99999,-99999.,-99999.,-99999.,-99999.,-99999.,-99999.
107321,6608078,42.230798,-8.750402,0.,73,-99999,-99999.,-99999.,-99999.,-99999.,-99999.,-99999.
107321,6609157,42.230802,-8.750388,0.,73,-99999,-99999.,-99999.,-99999.,-99999.,-99999.,-99999.
107321,6610058,42.230793,-8.750395,0.,73,-99999,-99999.,-99999.,-99999.,-99999.,-99999.,-99999.
107321,6611138,42.23078,-8.750373,0.,73,-99999,-99999.,-99999.,-99999.,-99999.,-99999.,-99999.
107321,6612216,42.230788,-8.750378,0.,73,-99999,-99999.,-99999.,-99999.,-99999.,-99999.,-99999.
107321,6613213,42.230767,-8.750365,0.,73,-99999,-99999.,-99999.,-99999.,-99999.,-99999.,-99999.
107321,6614375,42.230763,-8.750403,0.,73,-99999,-99999.,-99999.,-99999.,-99999.,-99999.,-99999.
107321,6615451,42.230743,-8.75038,0.,73,-99999,-99999.,-99999.,-99999.,-99999.,-99999.,-99999.
107321,6616356,42.230783,-8.750392,0.,73,-99999,-99999.,-99999.,-99999.,-99999.,-99999.,-99999.
107321,6617434,42.230753,-8.750392,0.,73,-99999,-99999.,-99999.,-99999.,-99999.,-99999.,-99999.
107321,6618511,42.230763,-8.750388,0.,73,-99999,-99999.,-99999.,-99999.,-99999.,-99999.,-99999.
107321,6619592,42.230762,-8.750402,0.,73,-99999,-99999.,-99999.,-99999.,-99999.,-99999.,-99999.
107321,6620493,42.230768,-8.750383,0.,73,-99999,-99999.,-99999.,-99999.,-99999.,-99999.,-99999.
107321,6621569,42.230762,-8.750383,0.,73,-99999,-99999.,-99999.,-99999.,-99999.,-99999.,-99999.
107321,6622585,42.230808,-8.750397,0.,73,-99999,-99999.,-99999.,-99999.,-99999.,-99999.,-99999.
107321,6623371,42.230765,-8.750383,0.,73,-99999,-99999.,-99999.,-99999.,-99999.,-99999.,-99999.
107321,6624181,42.230777,-8.750377,0.,73,-99999,-99999.,-99999.,-99999.,-99999.,-99999.,-99999.
107321,6624452,42.230777,-8.750378,0.,73,-99999,-99999.,-99999.,-99999.,-99999.,-99999.,-99999.
107321,6625527,42.230772,-8.750365,0.,73,-99999,-99999.,-99999.,-99999.,-99999.,-99999.,-99999.
107321,6626431,42.230812,-8.75039,0.,73,-99999,-99999.,-99999.,-99999.,-99999.,-99999.,-99999.
107321,6627332,42.23083,-8.750363,0.,73,-99999,-99999.,-99999.,-99999.,-99999.,-99999.,-99999.
107321,6628769,42.230822,-8.7504,0.,73,-99999,-99999.,-99999.,-99999.,-99999.,-99999.,-99999.
107321,6629847,42.230795,-8.750362,0.,73,-99999,-99999.,-99999.,-99999.,-99999.,-99999.,-99999.
107321,6630927,42.230805,-8.750415,0.,73,-99999,-99999.,-99999.,-99999.,-99999.,-99999.,-99999.
107321,6632365,42.230797,-8.750448,0.,73,-99999,-99999.,-99999.,-99999.,-99999.,-99999.,-99999.
107321,6633628,42.230793,-8.750408,0.,73,-99999,-99999.,-99999.,-99999.,-99999.,-99999.,-99999.
107321,6635982,42.230777,-8.750408,0.,73,-99999,-99999.,-99999.,-99999.,-99999.,-99999.,-99999.
107321,6637168,42.230732,-8.750388,0.,73,-99999,-99999.,-99999.,-99999.,-99999.,-99999.,-99999.
107321,6638140,42.230752,-8.750398,0.,73,-99999,-99999.,-99999.,-99999.,-99999.,-99999.,-99999.
107321,6639043,42.230725,-8.750387,0.,73,-99999,-99999.,-99999.,-99999.,-99999.,-99999.,-99999.
107321,6640303,42.230745,-8.75041,0.,73,-99999,-99999.,-99999.,-99999.,-99999.,-99999.,-99999.
107321,6641564,42.230767,-8.750383,0.,73,-99999,-99999.,-99999.,-99999.,-99999.,-99999.,-99999.
107321,6642645,42.230745,-8.750355,0.,73,-99999,-99999.,-99999.,-99999.,-99999.,-99999.,-99999.
107321,6643901,42.230757,-8.750357,0.,73,-99999,-99999.,-99999.,-99999.,-99999.,-99999.,-99999.
107321,6644986,42.230745,-8.750377,0.,73,-99999,-99999.,-99999.,-99999.,-99999.,-99999.,-99999.
107321,6645582,42.23073,-8.75035,0.,73,-99999,-99999.,-99999.,-99999.,-99999.,-99999.,-99999.
107321,6646059,42.230775,-8.750362,0.,73,-99999,-99999.,-99999.,-99999.,-99999.,-99999.,-99999.
107321,6646784,42.230787,-8.750385,0.,73,-99999,-99999.,-99999.,-99999.,-99999.,-99999.,-99999.
107321,6647121,42.230798,-8.750363,0.,73,-99999,-99999.,-99999.,-99999.,-99999.,-99999.,-99999.
107321,6648042,42.230797,-8.750393,0.,73,-99999,-99999.,-99999.,-99999.,-99999.,-99999.,-99999.
107321,6649125,42.230765,-8.750348,0.,73,-99999,-99999.,-99999.,-99999.,-99999.,-99999.,-99999.
107321,6650195,42.230767,-8.750347,0.,73,-99999,-99999.,-99999.,-99999.,-99999.,-99999.,-99999.
107321,6651104,42.230773,-8.750368,0.,73,-99999,-99999.,-99999.,-99999.,-99999.,-99999.,-99999.
107321,6651205,42.23076,-8.750363,0.,73,-99999,-99999.,-99999.,-99999.,-99999.,-99999.,-99999.
107321,6652185,42.230792,-8.750365,0.,73,-99999,-99999.,-99999.,-99999.,-99999.,-99999.,-99999.
107321,6653089,42.230783,-8.75035,0.,73,-99999,-99999.,-99999.,-99999.,-99999.,-99999.,-99999.
107321,6654165,42.230802,-8.750335,0.,73,-99999,-99999.,-99999.,-99999.,-99999.,-99999.,-99999.
107321,6655066,42.230758,-8.75033,0.,73,-99999,-99999.,-99999.,-99999.,-99999.,-99999.,-99999.
107321,6655967,42.230747,-8.750335,0.,73,-99999,-99999.,-99999.,-99999.,-99999.,-99999.,-99999.
107321,6657044,42.230775,-8.750358,0.,73,-99999,-99999.,-99999.,-99999.,-99999.,-99999.,-99999.
107321,6658124,42.230767,-8.75036,0.,73,-99999,-99999.,-99999.,-99999.,-99999.,-99999.,-99999.
107321,6659204,42.230772,-8.750362,0.,73,-99999,-99999.,-99999.,-99999.,-99999.,-99999.,-99999.
107321,6660286,42.230745,-8.750387,0.,73,-99999,-99999.,-99999.,-99999.,-99999.,-99999.,-99999.
107321,6661102,42.230748,-8.750383,0.,73,-99999,-99999.,-99999.,-99999.,-99999.,-99999.,-99999.
107321,6661550,42.230748,-8.750378,0.,73,-99999,-99999.,-99999.,-99999.,-99999.,-99999.,-99999.
107321,6662630,42.230735,-8.75041,0.,73,-99999,-99999.,-99999.,-99999.,-99999.,-99999.,-99999.
107321,6663710,42.230773,-8.750393,0.,73,-99999,-99999.,-99999.,-99999.,-99999.,-99999.,-99999.
107321,6664611,42.230753,-8.750317,0.,73,-99999,-99999.,-99999.,-99999.,-99999.,-99999.,-99999.
107321,6665692,42.230798,-8.750373,0.,73,-99999,-99999.,-99999.,-99999.,-99999.,-99999.,-99999.
107321,6666774,42.230815,-8.750425,0.,73,-99999,-99999.,-99999.,-99999.,-99999.,-99999.,-99999.
107321,6667851,42.23078,-8.750368,0.,73,-99999,-99999.,-99999.,-99999.,-99999.,-99999.,-99999.
107321,6668932,42.230752,-8.75037,0.,73,-99999,-99999.,-99999.,-99999.,-99999.,-99999.,-99999.
107321,6669835,42.23076,-8.750365,0.,73,-99999,-99999.,-99999.,-99999.,-99999.,-99999.,-99999.
107321,6670912,42.230768,-8.750373,0.,73,-99999,-99999.,-99999.,-99999.,-99999.,-99999.,-99999.
107321,6672173,42.230778,-8.750372,0.,73,-99999,-99999.,-99999.,-99999.,-99999.,-99999.,-99999.
107321,6673253,42.230793,-8.750378,0.,73,-99999,-99999.,-99999.,-99999.,-99999.,-99999.,-99999.
107321,6674154,42.230817,-8.750352,0.,73,-99999,-99999.,-99999.,-99999.,-99999.,-99999.,-99999.
107321,6677146,42.23076,-8.750392,0.,73,-99999,-99999.,-99999.,-99999.,-99999.,-99999.,-99999.
107321,6678312,42.230753,-8.750348,0.,73,-99999,-99999.,-99999.,-99999.,-99999.,-99999.,-99999.
107321,6679750,42.23076,-8.750327,0.,73,-99999,-99999.,-99999.,-99999.,-99999.,-99999.,-99999.
107321,6680830,42.230763,-8.750328,0.,73,-99999,-99999.,-99999.,-99999.,-99999.,-99999.,-99999.
107321,6681912,42.230762,-8.750377,0.,73,-99999,-99999.,-99999.,-99999.,-99999.,-99999.,-99999.
107321,6683170,42.230765,-8.750332,0.,73,-99999,-99999.,-99999.,-99999.,-99999.,-99999.,-99999.
107321,6684250,42.23078,-8.750317,0.,73,-99999,-99999.,-99999.,-99999.,-99999.,-99999.,-99999.
107321,6685329,42.230772,-8.750357,0.,73,-99999,-99999.,-99999.,-99999.,-99999.,-99999.,-99999.
107321,6686230,42.230755,-8.750388,0.,73,-99999,-99999.,-99999.,-99999.,-99999.,-99999.,-99999.
107321,6687311,42.230778,-8.7504,0.,73,-99999,-99999.,-99999.,-99999.,-99999.,-99999.,-99999.
107321,6688388,42.230773,-8.750358,0.,73,-99999,-99999.,-99999.,-99999.,-99999.,-99999.,-99999.
107321,6689472,42.23076,-8.750365,0.,73,-99999,-99999.,-99999.,-99999.,-99999.,-99999.,-99999.
107321,6690552,42.230795,-8.750357,0.,73,-99999,-99999.,-99999.,-99999.,-99999.,-99999.,-99999.
107321,6691633,42.23082,-8.750353,0.,73,-99999,-99999.,-99999.,-99999.,-99999.,-99999.,-99999.
107321,6692713,42.230787,-8.750377,0.,73,-99999,-99999.,-99999.,-99999.,-99999.,-99999.,-99999.
107321,6693790,42.230805,-8.750348,0.,73,-99999,-99999.,-99999.,-99999.,-99999.,-99999.,-99999.
107321,6694691,42.230805,-8.750367,0.,73,-99999,-99999.,-99999.,-99999.,-99999.,-99999.,-99999.
107321,6695771,42.230812,-8.750368,0.,73,-99999,-99999.,-99999.,-99999.,-99999.,-99999.,-99999.
107321,6696848,42.230783,-8.750363,0.,73,-99999,-99999.,-99999.,-99999.,-99999.,-99999.,-99999.
107321,6697933,42.230802,-8.750407,0.,73,-99999,-99999.,-99999.,-99999.,-99999.,-99999.,-99999.
107321,6699008,42.23076,-8.750362,0.,73,-99999,-99999.,-99999.,-99999.,-99999.,-99999.,-99999.
107321,6700089,42.23074,-8.750368,0.,73,-99999,-99999.,-99999.,-99999.,-99999.,-99999.,-99999.
107321,6701166,42.230747,-8.750398,0.,73,-99999,-99999.,-99999.,-99999.,-99999.,-99999.,-99999.
107321,6702068,42.23077,-8.750343,0.,73,-99999,-99999.,-99999.,-99999.,-99999.,-99999.,-99999.
107321,6703148,42.230758,-8.75037,0.,73,-99999,-99999.,-99999.,-99999.,-99999.,-99999.,-99999.
107321,6704224,42.230767,-8.750358,0.,73,-99999,-99999.,-99999.,-99999.,-99999.,-99999.,-99999.
107321,6705304,42.230778,-8.750387,0.,73,-99999,-99999.,-99999.,-99999.,-99999.,-99999.,-99999.
107321,6706386,42.230757,-8.750365,0.,73,-99999,-99999.,-99999.,-99999.,-99999.,-99999.,-99999.
107321,6707462,42.230758,-8.750358,0.,73,-99999,-99999.,-99999.,-99999.,-99999.,-99999.,-99999.
107321,6708543,42.230775,-8.750377,0.,73,-99999,-99999.,-99999.,-99999.,-99999.,-99999.,-99999.
107321,6709623,42.230788,-8.75037,0.,73,-99999,-99999.,-99999.,-99999.,-99999.,-99999.,-99999.
107321,6710524,42.230757,-8.750365,0.,73,-99999,-99999.,-99999.,-99999.,-99999.,-99999.,-99999.
107321,6710645,42.23081,-8.750377,0.,73,-99999,-99999.,-99999.,-99999.,-99999.,-99999.,-99999.
107321,6711605,42.230823,-8.750473,0.,73,-99999,-99999.,-99999.,-99999.,-99999.,-99999.,-99999.
107321,6711882,42.230797,-8.750333,0.,73,-99999,-99999.,-99999.,-99999.,-99999.,-99999.,-99999.
107321,6712685,42.230805,-8.750357,0.,73,-99999,-99999.,-99999.,-99999.,-99999.,-99999.,-99999.
107321,6713762,42.230813,-8.75037,0.,73,-99999,-99999.,-99999.,-99999.,-99999.,-99999.,-99999.
107321,6714823,42.230782,-8.750367,0.,73,-99999,-99999.,-99999.,-99999.,-99999.,-99999.,-99999.
107321,6715023,42.230785,-8.750347,0.,73,-99999,-99999.,-99999.,-99999.,-99999.,-99999.,-99999.
107321,6716102,42.2308,-8.750357,0.,73,-99999,-99999.,-99999.,-99999.,-99999.,-99999.,-99999.
107321,6717181,42.230823,-8.750387,0.,73,-99999,-99999.,-99999.,-99999.,-99999.,-99999.,-99999.
107321,6718404,42.23076,-8.750403,0.,73,-99999,-99999.,-99999.,-99999.,-99999.,-99999.,-99999.
107321,6718620,42.230767,-8.7504,0.,73,-99999,-99999.,-99999.,-99999.,-99999.,-99999.,-99999.
107321,6719424,42.230778,-8.750393,0.,73,-99999,-99999.,-99999.,-99999.,-99999.,-99999.,-99999.
107321,6720425,42.230778,-8.750402,0.,73,-99999,-99999.,-99999.,-99999.,-99999.,-99999.,-99999.
107321,6720545,42.230752,-8.750387,0.,73,-99999,-99999.,-99999.,-99999.,-99999.,-99999.,-99999.
107321,6721563,42.230793,-8.750382,0.,73,-99999,-99999.,-99999.,-99999.,-99999.,-99999.,-99999.
107321,6721683,42.230735,-8.750375,0.,73,-99999,-99999.,-99999.,-99999.,-99999.,-99999.,-99999.
107321,6723102,42.230745,-8.750388,0.,73,-99999,-99999.,-99999.,-99999.,-99999.,-99999.,-99999.
107321,6723302,42.230742,-8.750352,0.,73,-99999,-99999.,-99999.,-99999.,-99999.,-99999.,-99999.
107321,6724379,42.230758,-8.750393,0.,73,-99999,-99999.,-99999.,-99999.,-99999.,-99999.,-99999.
107321,6724423,42.23074,-8.750375,0.,73,-99999,-99999.,-99999.,-99999.,-99999.,-99999.,-99999.
107321,6725363,42.230772,-8.750377,0.,73,-99999,-99999.,-99999.,-99999.,-99999.,-99999.,-99999.
107321,6725460,42.230797,-8.75042,0.,73,-99999,-99999.,-99999.,-99999.,-99999.,-99999.,-99999.
107321,6726264,42.230815,-8.750402,0.,73,-99999,-99999.,-99999.,-99999.,-99999.,-99999.,-99999.
107321,6726720,42.230805,-8.750393,0.,73,-99999,-99999.,-99999.,-99999.,-99999.,-99999.,-99999.
107321,6727201,42.230723,-8.750397,0.,73,-99999,-99999.,-99999.,-99999.,-99999.,-99999.,-99999.
107321,6727625,42.230758,-8.750382,0.,73,-99999,-99999.,-99999.,-99999.,-99999.,-99999.,-99999.
107321,6728125,42.230788,-8.750412,0.,73,-99999,-99999.,-99999.,-99999.,-99999.,-99999.,-99999.
107321,6728933,42.230765,-8.750375,0.,73,-99999,-99999.,-99999.,-99999.,-99999.,-99999.,-99999.
107321,6729065,42.230792,-8.750383,0.,73,-99999,-99999.,-99999.,-99999.,-99999.,-99999.,-99999.
107321,6730005,42.230742,-8.750368,0.,73,-99999,-99999.,-99999.,-99999.,-99999.,-99999.,-99999.
107321,6730870,42.230762,-8.750377,0.,73,-99999,-99999.,-99999.,-99999.,-99999.,-99999.,-99999.
107321,6731206,42.230758,-8.750348,0.,73,-99999,-99999.,-99999.,-99999.,-99999.,-99999.,-99999.
107321,6732059,42.230747,-8.750387,0.,73,-99999,-99999.,-99999.,-99999.,-99999.,-99999.,-99999.
107321,6732183,42.23076,-8.750342,0.,73,-99999,-99999.,-99999.,-99999.,-99999.,-99999.,-99999.
107321,6733015,42.230765,-8.750352,0.,73,-99999,-99999.,-99999.,-99999.,-99999.,-99999.,-99999.
107321,6733107,42.23079,-8.750358,0.,73,-99999,-99999.,-99999.,-99999.,-99999.,-99999.,-99999.
107321,6734043,42.230758,-8.750355,0.,73,-99999,-99999.,-99999.,-99999.,-99999.,-99999.,-99999.
107321,6734467,42.230745,-8.750377,0.,73,-99999,-99999.,-99999.,-99999.,-99999.,-99999.,-99999.
107321,6734945,42.230752,-8.750343,0.,73,-99999,-99999.,-99999.,-99999.,-99999.,-99999.,-99999.
107321,6735607,42.230742,-8.75036,0.,73,-99999,-99999.,-99999.,-99999.,-99999.,-99999.,-99999.
107321,6735883,42.23074,-8.750377,0.,73,-99999,-99999.,-99999.,-99999.,-99999.,-99999.,-99999.
107321,6736803,42.230797,-8.750365,0.,73,-99999,-99999.,-99999.,-99999.,-99999.,-99999.,-99999.
107321,6737055,42.230777,-8.750345,0.,73,-99999,-99999.,-99999.,-99999.,-99999.,-99999.,-99999.
107321,6737723,42.230788,-8.750358,0.,73,-99999,-99999.,-99999.,-99999.,-99999.,-99999.,-99999.
107321,6738233,42.230775,-8.75036,0.,73,-99999,-99999.,-99999.,-99999.,-99999.,-99999.,-99999.
107321,6738666,42.230773,-8.750363,0.,73,-99999,-99999.,-99999.,-99999.,-99999.,-99999.,-99999.
107321,6739605,42.230788,-8.750333,0.,73,-99999,-99999.,-99999.,-99999.,-99999.,-99999.,-99999.
107321,6740585,42.230773,-8.750347,0.,73,-99999,-99999.,-99999.,-99999.,-99999.,-99999.,-99999.
107321,6740814,42.230763,-8.75035,0.,73,-99999,-99999.,-99999.,-99999.,-99999.,-99999.,-99999.
107321,6741523,42.230775,-8.750365,0.,73,-99999,-99999.,-99999.,-99999.,-99999.,-99999.,-99999.
107321,6741895,42.23077,-8.750373,0.,73,-99999,-99999.,-99999.,-99999.,-99999.,-99999.,-99999.
107321,6742464,42.230753,-8.75037,0.,73,-99999,-99999.,-99999.,-99999.,-99999.,-99999.,-99999.
107321,6743444,42.230772,-8.750378,0.,73,-99999,-99999.,-99999.,-99999.,-99999.,-99999.,-99999.
107321,6743593,42.230778,-8.75037,0.,73,-99999,-99999.,-99999.,-99999.,-99999.,-99999.,-99999.
107321,6744385,42.230798,-8.750343,0.,73,-99999,-99999.,-99999.,-99999.,-99999.,-99999.,-99999.
107321,6744714,42.230817,-8.75032,0.,73,-99999,-99999.,-99999.,-99999.,-99999.,-99999.,-99999.
107321,6745305,42.230767,-8.750387,0.,73,-99999,-99999.,-99999.,-99999.,-99999.,-99999.,-99999.
107321,6745629,42.230757,-8.750387,0.,73,-99999,-99999.,-99999.,-99999.,-99999.,-99999.,-99999.
107321,6746285,42.230723,-8.750373,0.,73,-99999,-99999.,-99999.,-99999.,-99999.,-99999.,-99999.
107321,6746673,42.230775,-8.750397,0.,73,-99999,-99999.,-99999.,-99999.,-99999.,-99999.,-99999.
107321,6747205,42.230753,-8.750387,0.,73,-99999,-99999.,-99999.,-99999.,-99999.,-99999.,-99999.
107321,6747835,42.230748,-8.75039,0.,73,-99999,-99999.,-99999.,-99999.,-99999.,-99999.,-99999.
107321,6748163,42.230735,-8.750365,0.,73,-99999,-99999.,-99999.,-99999.,-99999.,-99999.,-99999.
107321,6748814,42.230772,-8.750397,0.,73,-99999,-99999.,-99999.,-99999.,-99999.,-99999.,-99999.
107321,6749951,42.23076,-8.750355,0.,73,-99999,-99999.,-99999.,-99999.,-99999.,-99999.,-99999.
107321,6751031,42.230765,-8.750342,0.,73,-99999,-99999.,-99999.,-99999.,-99999.,-99999.,-99999.
107321,6752065,42.230797,-8.75036,0.,73,-99999,-99999.,-99999.,-99999.,-99999.,-99999.,-99999.
107321,6752289,42.230763,-8.750387,0.,73,-99999,-99999.,-99999.,-99999.,-99999.,-99999.,-99999.
107321,6753372,42.230802,-8.75044,0.,73,-99999,-99999.,-99999.,-99999.,-99999.,-99999.,-99999.
107321,6754453,42.230768,-8.750347,0.,73,-99999,-99999.,-99999.,-99999.,-99999.,-99999.,-99999.
107321,6755354,42.230778,-8.75036,0.,73,-99999,-99999.,-99999.,-99999.,-99999.,-99999.,-99999.
107321,6756420,42.230732,-8.750387,0.,73,-99999,-99999.,-99999.,-99999.,-99999.,-99999.,-99999.
107321,6757325,42.230772,-8.75039,0.,73,-99999,-99999.,-99999.,-99999.,-99999.,-99999.,-99999.
107321,6759314,42.23078,-8.750375,0.,73,-99999,-99999.,-99999.,-99999.,-99999.,-99999.,-99999.
107321,6765232,42.23076,-8.750332,0.,73,-99999,-99999.,-99999.,-99999.,-99999.,-99999.,-99999.
107321,6766682,42.230788,-8.750358,0.,73,-99999,-99999.,-99999.,-99999.,-99999.,-99999.,-99999.
107321,6767861,42.23079,-8.750348,0.,73,-99999,-99999.,-99999.,-99999.,-99999.,-99999.,-99999.
107321,6768938,42.230745,-8.75036,0.,73,-99999,-99999.,-99999.,-99999.,-99999.,-99999.,-99999.
107321,6770198,42.230768,-8.750367,0.,73,-99999,-99999.,-99999.,-99999.,-99999.,-99999.,-99999.
107321,6771458,42.230773,-8.750362,0.,73,-99999,-99999.,-99999.,-99999.,-99999.,-99999.,-99999.
107321,6772393,42.230782,-8.75036,0.,73,-99999,-99999.,-99999.,-99999.,-99999.,-99999.,-99999.
107321,6773469,42.230787,-8.75034,0.,73,-99999,-99999.,-99999.,-99999.,-99999.,-99999.,-99999.
107321,6774550,42.23078,-8.750367,0.,73,-99999,-99999.,-99999.,-99999.,-99999.,-99999.,-99999.
107321,6775630,42.2308,-8.750365,0.,73,-99999,-99999.,-99999.,-99999.,-99999.,-99999.,-99999.
107321,6776891,42.230823,-8.750368,0.,73,-99999,-99999.,-99999.,-99999.,-99999.,-99999.,-99999.
107321,6777970,42.230798,-8.750372,0.,73,-99999,-99999.,-99999.,-99999.,-99999.,-99999.,-99999.
107321,6779051,42.230793,-8.750313,0.,73,-99999,-99999.,-99999.,-99999.,-99999.,-99999.,-99999.
107321,6780131,42.230817,-8.750333,0.,73,-99999,-99999.,-99999.,-99999.,-99999.,-99999.,-99999.
107321,6781207,42.2308,-8.750353,0.,73,-99999,-99999.,-99999.,-99999.,-99999.,-99999.,-99999.
107321,6782287,42.230802,-8.750382,0.,73,-99999,-99999.,-99999.,-99999.,-99999.,-99999.,-99999.
107321,6782604,42.230783,-8.750352,0.,73,-99999,-99999.,-99999.,-99999.,-99999.,-99999.,-99999.
107321,6783367,42.230788,-8.750355,0.,73,-99999,-99999.,-99999.,-99999.,-99999.,-99999.,-99999.
107321,6784163,42.230758,-8.750352,0.,73,-99999,-99999.,-99999.,-99999.,-99999.,-99999.,-99999.
107321,6784447,42.230785,-8.75036,0.,73,-99999,-99999.,-99999.,-99999.,-99999.,-99999.,-99999.
107321,6785445,42.230765,-8.750362,0.,73,-99999,-99999.,-99999.,-99999.,-99999.,-99999.,-99999.
107321,6785526,42.230763,-8.750422,0.,73,-99999,-99999.,-99999.,-99999.,-99999.,-99999.,-99999.
107321,6786419,42.230765,-8.750377,0.,73,-99999,-99999.,-99999.,-99999.,-99999.,-99999.,-99999.
107321,6787398,42.23074,-8.750378,0.,73,-99999,-99999.,-99999.,-99999.,-99999.,-99999.,-99999.
107321,6787866,42.230715,-8.750385,0.,73,-99999,-99999.,-99999.,-99999.,-99999.,-99999.,-99999.
107321,6788946,42.230747,-8.750353,0.,73,-99999,-99999.,-99999.,-99999.,-99999.,-99999.,-99999.
107321,6790388,42.230747,-8.750355,0.,73,-99999,-99999.,-99999.,-99999.,-99999.,-99999.,-99999.
107321,6791098,42.230775,-8.750363,0.,73,-99999,-99999.,-99999.,-99999.,-99999.,-99999.,-99999.
107321,6791462,42.230755,-8.750362,0.,73,-99999,-99999.,-99999.,-99999.,-99999.,-99999.,-99999.
107321,6792542,42.230768,-8.75036,0.,73,-99999,-99999.,-99999.,-99999.,-99999.,-99999.,-99999.
107321,6793623,42.230773,-8.75037,0.,73,-99999,-99999.,-99999.,-99999.,-99999.,-99999.,-99999.
107321,6794705,42.2308,-8.750372,0.,73,-99999,-99999.,-99999.,-99999.,-99999.,-99999.,-99999.
107321,6795783,42.230788,-8.750398,0.,73,-99999,-99999.,-99999.,-99999.,-99999.,-99999.,-99999.
107321,6797043,42.230783,-8.750382,0.,73,-99999,-99999.,-99999.,-99999.,-99999.,-99999.,-99999.
107321,6797411,42.230787,-8.750447,0.,73,-99999,-99999.,-99999.,-99999.,-99999.,-99999.,-99999.
107321,6798481,42.230843,-8.75027,0.,73,-99999,-99999.,-99999.,-99999.,-99999.,-99999.,-99999.
107321,6798497,42.230838,-8.75037,0.,73,-99999,-99999.,-99999.,-99999.,-99999.,-99999.,-99999.
107321,6799741,42.230793,-8.750412,0.,73,-99999,-99999.,-99999.,-99999.,-99999.,-99999.,-99999.
107321,6800509,42.230795,-8.750385,0.,73,-99999,-99999.,-99999.,-99999.,-99999.,-99999.,-99999.
107321,6801818,42.230778,-8.750402,0.,73,-99999,-99999.,-99999.,-99999.,-99999.,-99999.,-99999.
107321,6802622,42.23076,-8.750353,0.,73,-99999,-99999.,-99999.,-99999.,-99999.,-99999.,-99999.
107321,6804240,42.230763,-8.750372,0.,73,-99999,-99999.,-99999.,-99999.,-99999.,-99999.,-99999.
107321,6806218,42.230805,-8.750397,0.,73,-99999,-99999.,-99999.,-99999.,-99999.,-99999.,-99999.
107321,6808019,42.230773,-8.750377,0.,73,-99999,-99999.,-99999.,-99999.,-99999.,-99999.,-99999.
107321,6809553,42.23076,-8.750403,0.,73,-99999,-99999.,-99999.,-99999.,-99999.,-99999.,-99999.
107321,6811145,42.230738,-8.750405,0.,73,-99999,-99999.,-99999.,-99999.,-99999.,-99999.,-99999.
107321,6812263,42.230772,-8.75037,0.,73,-99999,-99999.,-99999.,-99999.,-99999.,-99999.,-99999.
107321,6813594,42.230765,-8.750405,0.,73,-99999,-99999.,-99999.,-99999.,-99999.,-99999.,-99999.
107321,6814790,42.230767,-8.750408,0.,73,-99999,-99999.,-99999.,-99999.,-99999.,-99999.,-99999.
107321,6815770,42.230748,-8.750387,0.,73,-99999,-99999.,-99999.,-99999.,-99999.,-99999.,-99999.
107321,6816678,42.230777,-8.750403,0.,73,-99999,-99999.,-99999.,-99999.,-99999.,-99999.,-99999.
107321,6817278,42.230753,-8.750387,0.,73,-99999,-99999.,-99999.,-99999.,-99999.,-99999.,-99999.
107321,6818276,42.230763,-8.750353,0.,73,-99999,-99999.,-99999.,-99999.,-99999.,-99999.,-99999.
107321,6819464,42.23074,-8.750373,0.,73,-99999,-99999.,-99999.,-99999.,-99999.,-99999.,-99999.
107321,6820418,42.230743,-8.750378,0.,73,-99999,-99999.,-99999.,-99999.,-99999.,-99999.,-99999.
107321,6821322,42.230748,-8.750377,0.,73,-99999,-99999.,-99999.,-99999.,-99999.,-99999.,-99999.
107321,6822159,42.230738,-8.750387,0.,73,-99999,-99999.,-99999.,-99999.,-99999.,-99999.,-99999.
107321,6822279,42.230765,-8.75038,0.,73,-99999,-99999.,-99999.,-99999.,-99999.,-99999.,-99999.
107321,6823284,42.23078,-8.75034,0.,73,-99999,-99999.,-99999.,-99999.,-99999.,-99999.,-99999.
107321,6823495,42.230758,-8.750342,0.,73,-99999,-99999.,-99999.,-99999.,-99999.,-99999.,-99999.
107321,6824199,42.230762,-8.750368,0.,73,-99999,-99999.,-99999.,-99999.,-99999.,-99999.,-99999.
107321,6825157,42.23079,-8.750345,0.,73,-99999,-99999.,-99999.,-99999.,-99999.,-99999.,-99999.
107321,6825581,42.230757,-8.750382,0.,73,-99999,-99999.,-99999.,-99999.,-99999.,-99999.,-99999.
107321,6826102,42.230772,-8.750372,0.,73,-99999,-99999.,-99999.,-99999.,-99999.,-99999.,-99999.
107321,6826566,42.230762,-8.750338,0.,73,-99999,-99999.,-99999.,-99999.,-99999.,-99999.,-99999.
107321,6827042,42.230763,-8.750352,0.,73,-99999,-99999.,-99999.,-99999.,-99999.,-99999.,-99999.
107321,6827562,42.230772,-8.750335,0.,73,-99999,-99999.,-99999.,-99999.,-99999.,-99999.,-99999.
107321,6828138,42.23077,-8.750367,0.,73,-99999,-99999.,-99999.,-99999.,-99999.,-99999.,-99999.
107321,6829125,42.230762,-8.750373,0.,73,-99999,-99999.,-99999.,-99999.,-99999.,-99999.,-99999.
107321,6829360,42.230773,-8.750378,0.,73,-99999,-99999.,-99999.,-99999.,-99999.,-99999.,-99999.
107321,6830205,42.230777,-8.75032,0.,73,-99999,-99999.,-99999.,-99999.,-99999.,-99999.,-99999.
107321,6830261,42.23082,-8.750272,0.,73,-99999,-99999.,-99999.,-99999.,-99999.,-99999.,-99999.
107321,6831189,42.230757,-8.750317,0.,73,-99999,-99999.,-99999.,-99999.,-99999.,-99999.,-99999.
107321,6831729,42.23076,-8.750367,0.,73,-99999,-99999.,-99999.,-99999.,-99999.,-99999.,-99999.
107321,6832109,42.230753,-8.750375,0.,73,-99999,-99999.,-99999.,-99999.,-99999.,-99999.,-99999.
107321,6832960,42.230752,-8.750367,0.,73,-99999,-99999.,-99999.,-99999.,-99999.,-99999.,-99999.
107321,6833072,42.230745,-8.750378,0.,73,-99999,-99999.,-99999.,-99999.,-99999.,-99999.,-99999.
107321,6834112,42.230773,-8.75039,0.,73,-99999,-99999.,-99999.,-99999.,-99999.,-99999.,-99999.
107321,6834940,42.23074,-8.750415,0.,73,-99999,-99999.,-99999.,-99999.,-99999.,-99999.,-99999.
107321,6835117,42.230755,-8.7504,0.,73,-99999,-99999.,-99999.,-99999.,-99999.,-99999.,-99999.
107321,6835848,42.230727,-8.750405,0.,73,-99999,-99999.,-99999.,-99999.,-99999.,-99999.,-99999.
107321,6836924,42.230768,-8.750362,0.,73,-99999,-99999.,-99999.,-99999.,-99999.,-99999.,-99999.
107321,6837893,42.230787,-8.750363,0.,73,-99999,-99999.,-99999.,-99999.,-99999.,-99999.,-99999.
107321,6838837,42.2308,-8.750397,0.,73,-99999,-99999.,-99999.,-99999.,-99999.,-99999.,-99999.
107321,6839226,42.230777,-8.750375,0.,73,-99999,-99999.,-99999.,-99999.,-99999.,-99999.,-99999.
107321,6840163,42.230775,-8.750385,0.,73,-99999,-99999.,-99999.,-99999.,-99999.,-99999.,-99999.
107321,6841240,42.230765,-8.750348,0.,73,-99999,-99999.,-99999.,-99999.,-99999.,-99999.,-99999.
107321,6842320,42.230775,-8.750403,0.,73,-99999,-99999.,-99999.,-99999.,-99999.,-99999.,-99999.
107321,6843400,42.230747,-8.750402,0.,73,-99999,-99999.,-99999.,-99999.,-99999.,-99999.,-99999.
107321,6844482,42.23075,-8.750377,0.,73,-99999,-99999.,-99999.,-99999.,-99999.,-99999.,-99999.
107321,6845562,42.230772,-8.75038,0.,73,-99999,-99999.,-99999.,-99999.,-99999.,-99999.,-99999.
107321,6846639,42.230782,-8.750352,0.,73,-99999,-99999.,-99999.,-99999.,-99999.,-99999.,-99999.
107321,6847719,42.23075,-8.750375,0.,73,-99999,-99999.,-99999.,-99999.,-99999.,-99999.,-99999.
107321,6848620,42.230753,-8.750338,0.,73,-99999,-99999.,-99999.,-99999.,-99999.,-99999.,-99999.
107321,6850059,42.230755,-8.75035,0.,73,-99999,-99999.,-99999.,-99999.,-99999.,-99999.,-99999.
107321,6851500,42.230787,-8.75035,0.,73,-99999,-99999.,-99999.,-99999.,-99999.,-99999.,-99999.
107321,6852941,42.230773,-8.750353,0.,73,-99999,-99999.,-99999.,-99999.,-99999.,-99999.,-99999.
107321,6854021,42.230845,-8.75032,0.,73,-99999,-99999.,-99999.,-99999.,-99999.,-99999.,-99999.
107321,6855461,42.230748,-8.750377,0.,73,-99999,-99999.,-99999.,-99999.,-99999.,-99999.,-99999.
107321,6856725,42.230773,-8.750352,0.,73,-99999,-99999.,-99999.,-99999.,-99999.,-99999.,-99999.
107321,6857801,42.230765,-8.75037,0.,73,-99999,-99999.,-99999.,-99999.,-99999.,-99999.,-99999.
107321,6858881,42.230787,-8.750387,0.,73,-99999,-99999.,-99999.,-99999.,-99999.,-99999.,-99999.
107321,6860502,42.230772,-8.750342,0.,73,-99999,-99999.,-99999.,-99999.,-99999.,-99999.,-99999.
107321,6861763,42.230765,-8.750327,0.,73,-99999,-99999.,-99999.,-99999.,-99999.,-99999.,-99999.
107321,6863019,42.230818,-8.75037,0.,73,-99999,-99999.,-99999.,-99999.,-99999.,-99999.,-99999.
107321,6863920,42.230805,-8.750387,0.,73,-99999,-99999.,-99999.,-99999.,-99999.,-99999.,-99999.
107321,6865002,42.230793,-8.75035,0.,73,-99999,-99999.,-99999.,-99999.,-99999.,-99999.,-99999.
107321,6866080,42.230792,-8.750387,0.,73,-99999,-99999.,-99999.,-99999.,-99999.,-99999.,-99999.
107321,6867160,42.230807,-8.750392,0.,73,-99999,-99999.,-99999.,-99999.,-99999.,-99999.,-99999.
107321,6868240,42.230795,-8.750428,0.,73,-99999,-99999.,-99999.,-99999.,-99999.,-99999.,-99999.
107321,6869141,42.23081,-8.750392,0.,73,-99999,-99999.,-99999.,-99999.,-99999.,-99999.,-99999.
107321,6870221,42.230797,-8.750403,0.,73,-99999,-99999.,-99999.,-99999.,-99999.,-99999.,-99999.
107321,6871122,42.230795,-8.750395,0.,73,-99999,-99999.,-99999.,-99999.,-99999.,-99999.,-99999.
107321,6872202,42.230752,-8.7504,0.,73,-99999,-99999.,-99999.,-99999.,-99999.,-99999.,-99999.
107321,6873279,42.230742,-8.750378,0.,73,-99999,-99999.,-99999.,-99999.,-99999.,-99999.,-99999.
107321,6874180,42.230757,-8.75038,0.,73,-99999,-99999.,-99999.,-99999.,-99999.,-99999.,-99999.
107321,6875259,42.230748,-8.750352,0.,73,-99999,-99999.,-99999.,-99999.,-99999.,-99999.,-99999.
107321,6876160,42.23077,-8.750342,0.,73,-99999,-99999.,-99999.,-99999.,-99999.,-99999.,-99999.
107321,6877239,42.23078,-8.750335,0.,73,-99999,-99999.,-99999.,-99999.,-99999.,-99999.,-99999.
107321,6878141,42.23077,-8.750402,0.,73,-99999,-99999.,-99999.,-99999.,-99999.,-99999.,-99999.
107321,6879219,42.230763,-8.750362,0.,73,-99999,-99999.,-99999.,-99999.,-99999.,-99999.,-99999.
107321,6880299,42.230807,-8.750378,0.,73,-99999,-99999.,-99999.,-99999.,-99999.,-99999.,-99999.
107321,6881379,42.230787,-8.750402,0.,73,-99999,-99999.,-99999.,-99999.,-99999.,-99999.,-99999.
107321,6882280,42.230788,-8.750387,0.,73,-99999,-99999.,-99999.,-99999.,-99999.,-99999.,-99999.
107321,6882415,42.230773,-8.750385,0.,73,-99999,-99999.,-99999.,-99999.,-99999.,-99999.,-99999.
107321,6883361,42.230772,-8.750388,0.,73,-99999,-99999.,-99999.,-99999.,-99999.,-99999.,-99999.
107321,6883580,42.23078,-8.750463,0.,73,-99999,-99999.,-99999.,-99999.,-99999.,-99999.,-99999.
107321,6884440,42.230818,-8.750373,0.,73,-99999,-99999.,-99999.,-99999.,-99999.,-99999.,-99999.
107321,6885520,42.23081,-8.750375,0.,73,-99999,-99999.,-99999.,-99999.,-99999.,-99999.,-99999.
107321,6885800,42.230825,-8.750387,0.,73,-99999,-99999.,-99999.,-99999.,-99999.,-99999.,-99999.
107321,6886780,42.23081,-8.750348,0.,73,-99999,-99999.,-99999.,-99999.,-99999.,-99999.,-99999.
107321,6886988,42.230792,-8.750385,0.,73,-99999,-99999.,-99999.,-99999.,-99999.,-99999.,-99999.
107321,6887733,42.230788,-8.750393,0.,73,-99999,-99999.,-99999.,-99999.,-99999.,-99999.,-99999.
107321,6887900,42.230803,-8.750382,0.,73,-99999,-99999.,-99999.,-99999.,-99999.,-99999.,-99999.
107321,6888761,42.230805,-8.750402,0.,73,-99999,-99999.,-99999.,-99999.,-99999.,-99999.,-99999.
107321,6888913,42.230793,-8.750372,0.,73,-99999,-99999.,-99999.,-99999.,-99999.,-99999.,-99999.
107321,6889662,42.230753,-8.750382,0.,73,-99999,-99999.,-99999.,-99999.,-99999.,-99999.,-99999.
107321,6889981,42.230793,-8.750408,0.,73,-99999,-99999.,-99999.,-99999.,-99999.,-99999.,-99999.
107321,6890739,42.23079,-8.750412,0.,73,-99999,-99999.,-99999.,-99999.,-99999.,-99999.,-99999.
107321,6890899,42.230785,-8.750417,0.,73,-99999,-99999.,-99999.,-99999.,-99999.,-99999.,-99999.
107321,6891819,42.230768,-8.750383,0.,73,-99999,-99999.,-99999.,-99999.,-99999.,-99999.,-99999.
107321,6893155,42.230752,-8.75039,0.,73,-99999,-99999.,-99999.,-99999.,-99999.,-99999.,-99999.
107321,6894252,42.23073,-8.750365,0.,73,-99999,-99999.,-99999.,-99999.,-99999.,-99999.,-99999.
107321,6894521,42.230767,-8.750382,0.,73,-99999,-99999.,-99999.,-99999.,-99999.,-99999.,-99999.
107321,6895961,42.230738,-8.750392,0.,73,-99999,-99999.,-99999.,-99999.,-99999.,-99999.,-99999.
107321,6897041,42.23078,-8.750382,0.,73,-99999,-99999.,-99999.,-99999.,-99999.,-99999.,-99999.
107321,6901141,42.230757,-8.7504,0.,73,-99999,-99999.,-99999.,-99999.,-99999.,-99999.,-99999.
107321,6902473,42.230767,-8.750357,0.,73,-99999,-99999.,-99999.,-99999.,-99999.,-99999.,-99999.
107321,6903700,42.230765,-8.750367,0.,73,-99999,-99999.,-99999.,-99999.,-99999.,-99999.,-99999.
107321,6904819,42.23078,-8.75034,0.,73,-99999,-99999.,-99999.,-99999.,-99999.,-99999.,-99999.
107321,6905839,42.230795,-8.750372,0.,73,-99999,-99999.,-99999.,-99999.,-99999.,-99999.,-99999.
107321,6905967,42.230757,-8.750355,0.,73,-99999,-99999.,-99999.,-99999.,-99999.,-99999.,-99999.
107321,6906879,42.230773,-8.750347,0.,73,-99999,-99999.,-99999.,-99999.,-99999.,-99999.,-99999.
107321,6907227,42.230752,-8.750338,0.,73,-99999,-99999.,-99999.,-99999.,-99999.,-99999.,-99999.
107321,6907880,42.230798,-8.750347,0.,73,-99999,-99999.,-99999.,-99999.,-99999.,-99999.,-99999.
107321,6908487,42.230763,-8.750365,0.,73,-99999,-99999.,-99999.,-99999.,-99999.,-99999.,-99999.
107321,6908920,42.230767,-8.750365,0.,73,-99999,-99999.,-99999.,-99999.,-99999.,-99999.,-99999.
107321,6909952,42.230767,-8.750355,0.,73,-99999,-99999.,-99999.,-99999.,-99999.,-99999.,-99999.
107321,6911005,42.230777,-8.750363,0.,73,-99999,-99999.,-99999.,-99999.,-99999.,-99999.,-99999.
107321,6911918,42.230783,-8.750382,0.,73,-99999,-99999.,-99999.,-99999.,-99999.,-99999.,-99999.
107321,6912987,42.230775,-8.750352,0.,73,-99999,-99999.,-99999.,-99999.,-99999.,-99999.,-99999.
107321,6913022,42.230768,-8.750342,0.,73,-99999,-99999.,-99999.,-99999.,-99999.,-99999.,-99999.
107321,6914067,42.230775,-8.750338,0.,73,-99999,-99999.,-99999.,-99999.,-99999.,-99999.,-99999.
107321,6915143,42.230792,-8.750368,0.,73,-99999,-99999.,-99999.,-99999.,-99999.,-99999.,-99999.
107321,6915371,42.230765,-8.750338,0.,73,-99999,-99999.,-99999.,-99999.,-99999.,-99999.,-99999.
107321,6916348,42.230833,-8.750295,0.,73,-99999,-99999.,-99999.,-99999.,-99999.,-99999.,-99999.
107321,6916584,42.230822,-8.750312,0.,73,-99999,-99999.,-99999.,-99999.,-99999.,-99999.,-99999.
107321,6917673,42.230757,-8.750345,0.,73,-99999,-99999.,-99999.,-99999.,-99999.,-99999.,-99999.
107321,6917681,42.230762,-8.750373,0.,73,-99999,-99999.,-99999.,-99999.,-99999.,-99999.,-99999.
107321,6918719,42.230718,-8.75037,0.,73,-99999,-99999.,-99999.,-99999.,-99999.,-99999.,-99999.
107321,6919471,42.230732,-8.750363,0.,73,-99999,-99999.,-99999.,-99999.,-99999.,-99999.,-99999.
107321,6919915,42.230735,-8.750377,0.,73,-99999,-99999.,-99999.,-99999.,-99999.,-99999.,-99999.
107321,6920551,42.230735,-8.750348,0.,73,-99999,-99999.,-99999.,-99999.,-99999.,-99999.,-99999.
107321,6921620,42.230755,-8.750377,0.,73,-99999,-99999.,-99999.,-99999.,-99999.,-99999.,-99999.
107321,6922532,42.23079,-8.750293,0.,73,-99999,-99999.,-99999.,-99999.,-99999.,-99999.,-99999.
107321,6923606,42.230775,-8.750357,0.,73,-99999,-99999.,-99999.,-99999.,-99999.,-99999.,-99999.
107321,6924514,42.230758,-8.750342,0.,73,-99999,-99999.,-99999.,-99999.,-99999.,-99999.,-99999.
107321,6925416,42.230803,-8.750385,0.,73,-99999,-99999.,-99999.,-99999.,-99999.,-99999.,-99999.
107321,6926496,42.230772,-8.75037,0.,73,-99999,-99999.,-99999.,-99999.,-99999.,-99999.,-99999.
107321,6927576,42.230718,-8.750357,0.,73,-99999,-99999.,-99999.,-99999.,-99999.,-99999.,-99999.
107321,6928728,42.230787,-8.750358,0.,73,-99999,-99999.,-99999.,-99999.,-99999.,-99999.,-99999.
107321,6929650,42.230745,-8.750418,0.,73,-99999,-99999.,-99999.,-99999.,-99999.,-99999.,-99999.
107321,6930638,42.230765,-8.750392,0.,73,-99999,-99999.,-99999.,-99999.,-99999.,-99999.,-99999.
107321,6931900,42.230753,-8.750367,0.,73,-99999,-99999.,-99999.,-99999.,-99999.,-99999.,-99999.
107321,6932979,42.230795,-8.750353,0.,73,-99999,-99999.,-99999.,-99999.,-99999.,-99999.,-99999.
107321,6934037,42.230787,-8.750342,0.,73,-99999,-99999.,-99999.,-99999.,-99999.,-99999.,-99999.
107321,6934956,42.230778,-8.750367,0.,73,-99999,-99999.,-99999.,-99999.,-99999.,-99999.,-99999.
107321,6936220,42.23076,-8.75035,0.,73,-99999,-99999.,-99999.,-99999.,-99999.,-99999.,-99999.
107321,6937300,42.23075,-8.75031,0.,73,-99999,-99999.,-99999.,-99999.,-99999.,-99999.,-99999.
107321,6938560,42.23077,-8.750308,0.,73,-99999,-99999.,-99999.,-99999.,-99999.,-99999.,-99999.
107321,6945510,42.230768,-8.750377,0.,73,-99999,-99999.,-99999.,-99999.,-99999.,-99999.,-99999.
107321,6946946,42.230785,-8.750347,0.,73,-99999,-99999.,-99999.,-99999.,-99999.,-99999.,-99999.
107321,6947848,42.230798,-8.750342,0.,73,-99999,-99999.,-99999.,-99999.,-99999.,-99999.,-99999.
107321,6949647,42.230792,-8.750348,0.,73,-99999,-99999.,-99999.,-99999.,-99999.,-99999.,-99999.
107321,6950907,42.230808,-8.750378,0.,73,-99999,-99999.,-99999.,-99999.,-99999.,-99999.,-99999.
107321,6951987,42.230782,-8.750343,0.,73,-99999,-99999.,-99999.,-99999.,-99999.,-99999.,-99999.
107321,6952889,42.230793,-8.750335,0.,73,-99999,-99999.,-99999.,-99999.,-99999.,-99999.,-99999.
107321,6953958,42.230802,-8.750392,0.,73,-99999,-99999.,-99999.,-99999.,-99999.,-99999.,-99999.
107321,6955015,42.230777,-8.750345,0.,73,-99999,-99999.,-99999.,-99999.,-99999.,-99999.,-99999.
107321,6955948,42.230765,-8.750392,0.,73,-99999,-99999.,-99999.,-99999.,-99999.,-99999.,-99999.
107321,6957028,42.230765,-8.750368,0.,73,-99999,-99999.,-99999.,-99999.,-99999.,-99999.,-99999.
107321,6958108,42.230758,-8.750372,0.,73,-99999,-99999.,-99999.,-99999.,-99999.,-99999.,-99999.
107321,6959189,42.230775,-8.750388,0.,73,-99999,-99999.,-99999.,-99999.,-99999.,-99999.,-99999.
107321,6960269,42.230742,-8.750408,0.,73,-99999,-99999.,-99999.,-99999.,-99999.,-99999.,-99999.
107321,6961346,42.230768,-8.750372,0.,73,-99999,-99999.,-99999.,-99999.,-99999.,-99999.,-99999.
107321,6962606,42.230757,-8.750357,0.,73,-99999,-99999.,-99999.,-99999.,-99999.,-99999.,-99999.
107321,6963687,42.23079,-8.750453,0.,73,-99999,-99999.,-99999.,-99999.,-99999.,-99999.,-99999.
107321,6964588,42.230757,-8.75037,0.,73,-99999,-99999.,-99999.,-99999.,-99999.,-99999.,-99999.
107321,6965664,42.230752,-8.750427,0.,73,-99999,-99999.,-99999.,-99999.,-99999.,-99999.,-99999.
107321,6966568,42.230755,-8.750383,0.,73,-99999,-99999.,-99999.,-99999.,-99999.,-99999.,-99999.
107321,6967824,42.230797,-8.75037,0.,73,-99999,-99999.,-99999.,-99999.,-99999.,-99999.,-99999.
107321,6968907,42.230775,-8.750403,0.,73,-99999,-99999.,-99999.,-99999.,-99999.,-99999.,-99999.
107321,6969986,42.230808,-8.750417,0.,73,-99999,-99999.,-99999.,-99999.,-99999.,-99999.,-99999.
107321,6970522,42.230758,-8.750403,0.,73,-99999,-99999.,-99999.,-99999.,-99999.,-99999.,-99999.
107321,6971066,42.230778,-8.75042,0.,73,-99999,-99999.,-99999.,-99999.,-99999.,-99999.,-99999.
107321,6972147,42.230818,-8.750357,0.,73,-99999,-99999.,-99999.,-99999.,-99999.,-99999.,-99999.
107321,6972243,42.230782,-8.750367,0.,73,-99999,-99999.,-99999.,-99999.,-99999.,-99999.,-99999.
107321,6973203,42.230807,-8.75036,0.,73,-99999,-99999.,-99999.,-99999.,-99999.,-99999.,-99999.
107321,6973763,42.23079,-8.75037,0.,73,-99999,-99999.,-99999.,-99999.,-99999.,-99999.,-99999.
107321,6974503,42.230762,-8.750363,0.,73,-99999,-99999.,-99999.,-99999.,-99999.,-99999.,-99999.
107321,6975023,42.230828,-8.750388,0.,73,-99999,-99999.,-99999.,-99999.,-99999.,-99999.,-99999.
107321,6975564,42.230793,-8.750403,0.,73,-99999,-99999.,-99999.,-99999.,-99999.,-99999.,-99999.
107321,6976644,42.230807,-8.750433,0.,73,-99999,-99999.,-99999.,-99999.,-99999.,-99999.,-99999.
107321,6976744,42.230757,-8.75043,0.,73,-99999,-99999.,-99999.,-99999.,-99999.,-99999.,-99999.
107321,6977705,42.2308,-8.750433,0.,73,-99999,-99999.,-99999.,-99999.,-99999.,-99999.,-99999.
107321,6978802,42.230775,-8.750415,0.,73,-99999,-99999.,-99999.,-99999.,-99999.,-99999.,-99999.
107321,6978906,42.230783,-8.750417,0.,73,-99999,-99999.,-99999.,-99999.,-99999.,-99999.,-99999.
107321,6979942,42.230765,-8.75039,0.,73,-99999,-99999.,-99999.,-99999.,-99999.,-99999.,-99999.
107321,6981226,42.230727,-8.75034,0.,73,-99999,-99999.,-99999.,-99999.,-99999.,-99999.,-99999.
107321,6982266,42.23079,-8.750418,0.,73,-99999,-99999.,-99999.,-99999.,-99999.,-99999.,-99999.
107321,6983483,42.23071,-8.750415,0.,73,-99999,-99999.,-99999.,-99999.,-99999.,-99999.,-99999.
107321,6984985,42.23077,-8.750392,0.,73,-99999,-99999.,-99999.,-99999.,-99999.,-99999.,-99999.
107321,6986953,42.23076,-8.750367,0.,73,-99999,-99999.,-99999.,-99999.,-99999.,-99999.,-99999.
107321,6991105,42.230717,-8.750352,0.,73,-99999,-99999.,-99999.,-99999.,-99999.,-99999.,-99999.
107321,6992525,42.230723,-8.750362,0.,73,-99999,-99999.,-99999.,-99999.,-99999.,-99999.,-99999.
107321,6993823,42.230772,-8.750338,0.,73,-99999,-99999.,-99999.,-99999.,-99999.,-99999.,-99999.
107321,6994883,42.230765,-8.750355,0.,73,-99999,-99999.,-99999.,-99999.,-99999.,-99999.,-99999.
107321,6995803,42.230793,-8.750373,0.,73,-99999,-99999.,-99999.,-99999.,-99999.,-99999.,-99999.
107321,6995884,42.230745,-8.750368,0.,73,-99999,-99999.,-99999.,-99999.,-99999.,-99999.,-99999.
107321,6996786,42.230765,-8.750363,0.,73,-99999,-99999.,-99999.,-99999.,-99999.,-99999.,-99999.
107321,6997603,42.230797,-8.750322,0.,73,-99999,-99999.,-99999.,-99999.,-99999.,-99999.,-99999.
107321,6997843,42.230793,-8.750368,0.,73,-99999,-99999.,-99999.,-99999.,-99999.,-99999.,-99999.
107321,6998883,42.230763,-8.750362,0.,73,-99999,-99999.,-99999.,-99999.,-99999.,-99999.,-99999.
107321,7000043,42.230758,-8.750352,0.,73,-99999,-99999.,-99999.,-99999.,-99999.,-99999.,-99999.
107321,7000483,42.23076,-8.750328,0.,73,-99999,-99999.,-99999.,-99999.,-99999.,-99999.,-99999.
107321,7001063,42.230797,-8.750348,0.,73,-99999,-99999.,-99999.,-99999.,-99999.,-99999.,-99999.
107321,7001563,42.230758,-8.75034,0.,73,-99999,-99999.,-99999.,-99999.,-99999.,-99999.,-99999.
107321,7002302,42.230805,-8.750323,0.,73,-99999,-99999.,-99999.,-99999.,-99999.,-99999.,-99999.
107321,7002822,42.23078,-8.750368,0.,73,-99999,-99999.,-99999.,-99999.,-99999.,-99999.,-99999.
107321,7003502,42.230767,-8.750365,0.,73,-99999,-99999.,-99999.,-99999.,-99999.,-99999.,-99999.
107321,7004624,42.230763,-8.750383,0.,73,-99999,-99999.,-99999.,-99999.,-99999.,-99999.,-99999.
107321,7005564,42.230738,-8.750387,0.,73,-99999,-99999.,-99999.,-99999.,-99999.,-99999.,-99999.
107321,7005704,42.230757,-8.750387,0.,73,-99999,-99999.,-99999.,-99999.,-99999.,-99999.,-99999.
107321,7006780,42.230738,-8.750377,0.,73,-99999,-99999.,-99999.,-99999.,-99999.,-99999.,-99999.
107321,7007681,42.230772,-8.750382,0.,73,-99999,-99999.,-99999.,-99999.,-99999.,-99999.,-99999.
107321,7008585,42.230755,-8.75035,0.,73,-99999,-99999.,-99999.,-99999.,-99999.,-99999.,-99999.
107321,7009846,42.230778,-8.750393,0.,73,-99999,-99999.,-99999.,-99999.,-99999.,-99999.,-99999.
107321,7010926,42.230798,-8.750375,0.,73,-99999,-99999.,-99999.,-99999.,-99999.,-99999.,-99999.
107321,7012001,42.230765,-8.75033,0.,73,-99999,-99999.,-99999.,-99999.,-99999.,-99999.,-99999.
107321,7013085,42.230765,-8.750423,0.,73,-99999,-99999.,-99999.,-99999.,-99999.,-99999.,-99999.
107321,7014162,42.230735,-8.750345,0.,73,-99999,-99999.,-99999.,-99999.,-99999.,-99999.,-99999.
107321,7015247,42.230742,-8.750392,0.,73,-99999,-99999.,-99999.,-99999.,-99999.,-99999.,-99999.
107321,7016328,42.230743,-8.750398,0.,73,-99999,-99999.,-99999.,-99999.,-99999.,-99999.,-99999.
107321,7017229,42.230763,-8.750403,0.,73,-99999,-99999.,-99999.,-99999.,-99999.,-99999.,-99999.
107321,7018311,42.230768,-8.750357,0.,73,-99999,-99999.,-99999.,-99999.,-99999.,-99999.,-99999.
107321,7019388,42.230755,-8.750365,0.,73,-99999,-99999.,-99999.,-99999.,-99999.,-99999.,-99999.
107321,7020472,42.23072,-8.750355,0.,73,-99999,-99999.,-99999.,-99999.,-99999.,-99999.,-99999.
107321,7021732,42.230758,-8.750368,0.,73,-99999,-99999.,-99999.,-99999.,-99999.,-99999.,-99999.
107321,7022812,42.230772,-8.75039,0.,73,-99999,-99999.,-99999.,-99999.,-99999.,-99999.,-99999.
107321,7024069,42.230808,-8.75039,0.,73,-99999,-99999.,-99999.,-99999.,-99999.,-99999.,-99999.
107321,7025150,42.230797,-8.75038,0.,73,-99999,-99999.,-99999.,-99999.,-99999.,-99999.,-99999.
107321,7026227,42.230802,-8.75034,0.,73,-99999,-99999.,-99999.,-99999.,-99999.,-99999.,-99999.
107321,7027668,42.230772,-8.750357,0.,73,-99999,-99999.,-99999.,-99999.,-99999.,-99999.,-99999.
107321,7028747,42.230793,-8.75036,0.,73,-99999,-99999.,-99999.,-99999.,-99999.,-99999.,-99999.
107321,7029651,42.230778,-8.750363,0.,73,-99999,-99999.,-99999.,-99999.,-99999.,-99999.,-99999.
107321,7032158,42.230787,-8.750378,0.,73,-99999,-99999.,-99999.,-99999.,-99999.,-99999.,-99999.
107321,7033236,42.230795,-8.75037,0.,73,-99999,-99999.,-99999.,-99999.,-99999.,-99999.,-99999.
107321,7034138,42.230797,-8.750362,0.,73,-99999,-99999.,-99999.,-99999.,-99999.,-99999.,-99999.
107321,7035215,42.230777,-8.750363,0.,73,-99999,-99999.,-99999.,-99999.,-99999.,-99999.,-99999.
107321,7036478,42.230827,-8.750387,0.,73,-99999,-99999.,-99999.,-99999.,-99999.,-99999.,-99999.
107321,7037558,42.230788,-8.750343,0.,73,-99999,-99999.,-99999.,-99999.,-99999.,-99999.,-99999.
107321,7038816,42.230812,-8.750368,0.,73,-99999,-99999.,-99999.,-99999.,-99999.,-99999.,-99999.
107321,7039897,42.23078,-8.750363,0.,73,-99999,-99999.,-99999.,-99999.,-99999.,-99999.,-99999.
107321,7041150,42.230777,-8.750358,0.,73,-99999,-99999.,-99999.,-99999.,-99999.,-99999.,-99999.
107321,7042053,42.230787,-8.750355,0.,73,-99999,-99999.,-99999.,-99999.,-99999.,-99999.,-99999.
107321,7043135,42.230785,-8.750365,0.,73,-99999,-99999.,-99999.,-99999.,-99999.,-99999.,-99999.
107321,7044395,42.230748,-8.750342,0.,73,-99999,-99999.,-99999.,-99999.,-99999.,-99999.,-99999.
107321,7045651,42.230755,-8.750367,0.,73,-99999,-99999.,-99999.,-99999.,-99999.,-99999.,-99999.
107321,7046733,42.23074,-8.750312,0.,73,-99999,-99999.,-99999.,-99999.,-99999.,-99999.,-99999.
107321,7047813,42.230753,-8.750397,0.,73,-99999,-99999.,-99999.,-99999.,-99999.,-99999.,-99999.
107321,7048891,42.230768,-8.750383,0.,73,-99999,-99999.,-99999.,-99999.,-99999.,-99999.,-99999.
107321,7049792,42.230782,-8.750383,0.,73,-99999,-99999.,-99999.,-99999.,-99999.,-99999.,-99999.
107321,7050873,42.23076,-8.750347,0.,73,-99999,-99999.,-99999.,-99999.,-99999.,-99999.,-99999.
107321,7051954,42.230793,-8.750382,0.,73,-99999,-99999.,-99999.,-99999.,-99999.,-99999.,-99999.
107321,7053031,42.23073,-8.750418,0.,73,-99999,-99999.,-99999.,-99999.,-99999.,-99999.,-99999.
107321,7054111,42.230778,-8.750375,0.,73,-99999,-99999.,-99999.,-99999.,-99999.,-99999.,-99999.
107321,7055191,42.23079,-8.750372,0.,73,-99999,-99999.,-99999.,-99999.,-99999.,-99999.,-99999.
107321,7055684,42.230783,-8.750382,0.,73,-99999,-99999.,-99999.,-99999.,-99999.,-99999.,-99999.
107321,7056633,42.230843,-8.750365,0.,73,-99999,-99999.,-99999.,-99999.,-99999.,-99999.,-99999.
107321,7056785,42.230825,-8.750363,0.,73,-99999,-99999.,-99999.,-99999.,-99999.,-99999.,-99999.
107321,7057785,42.23081,-8.750393,0.,73,-99999,-99999.,-99999.,-99999.,-99999.,-99999.,-99999.
107321,7058785,42.230797,-8.750325,0.,73,-99999,-99999.,-99999.,-99999.,-99999.,-99999.,-99999.
107321,7059513,42.230785,-8.750343,0.,73,-99999,-99999.,-99999.,-99999.,-99999.,-99999.,-99999.
107321,7059865,42.23079,-8.750378,0.,73,-99999,-99999.,-99999.,-99999.,-99999.,-99999.,-99999.
107321,7060950,42.230802,-8.750335,0.,73,-99999,-99999.,-99999.,-99999.,-99999.,-99999.,-99999.
107321,7061182,42.230815,-8.750367,0.,73,-99999,-99999.,-99999.,-99999.,-99999.,-99999.,-99999.
107321,7062030,42.230772,-8.750407,0.,73,-99999,-99999.,-99999.,-99999.,-99999.,-99999.,-99999.
107321,7062283,42.230833,-8.750388,0.,73,-99999,-99999.,-99999.,-99999.,-99999.,-99999.,-99999.
107321,7063108,42.230765,-8.750398,0.,73,-99999,-99999.,-99999.,-99999.,-99999.,-99999.,-99999.
107321,7063224,42.230775,-8.750413,0.,73,-99999,-99999.,-99999.,-99999.,-99999.,-99999.,-99999.
107321,7064204,42.230765,-8.750402,0.,73,-99999,-99999.,-99999.,-99999.,-99999.,-99999.,-99999.
107321,7064372,42.230753,-8.750413,0.,73,-99999,-99999.,-99999.,-99999.,-99999.,-99999.,-99999.
107321,7065450,42.23079,-8.750442,0.,73,-99999,-99999.,-99999.,-99999.,-99999.,-99999.,-99999.
107321,7066351,42.230745,-8.750387,0.,73,-99999,-99999.,-99999.,-99999.,-99999.,-99999.,-99999.
107321,7067432,42.230767,-8.750392,0.,73,-99999,-99999.,-99999.,-99999.,-99999.,-99999.,-99999.
107321,7068690,42.230733,-8.750385,0.,73,-99999,-99999.,-99999.,-99999.,-99999.,-99999.,-99999.
107321,7069170,42.230745,-8.75038,0.,73,-99999,-99999.,-99999.,-99999.,-99999.,-99999.,-99999.
107321,7069594,42.230735,-8.750398,0.,73,-99999,-99999.,-99999.,-99999.,-99999.,-99999.,-99999.
107321,7070650,42.230732,-8.75039,0.,73,-99999,-99999.,-99999.,-99999.,-99999.,-99999.,-99999.
107321,7070854,42.230753,-8.750417,0.,73,-99999,-99999.,-99999.,-99999.,-99999.,-99999.,-99999.
107321,7071931,42.230753,-8.750353,0.,73,-99999,-99999.,-99999.,-99999.,-99999.,-99999.,-99999.
107321,7072835,42.23076,-8.750418,0.,73,-99999,-99999.,-99999.,-99999.,-99999.,-99999.,-99999.
107321,7073911,42.230765,-8.750393,0.,73,-99999,-99999.,-99999.,-99999.,-99999.,-99999.,-99999.
107321,7075171,42.230783,-8.750378,0.,73,-99999,-99999.,-99999.,-99999.,-99999.,-99999.,-99999.
107321,7076075,42.230757,-8.750353,0.,73,-99999,-99999.,-99999.,-99999.,-99999.,-99999.,-99999.
107321,7078195,42.2308,-8.75041,0.,73,-99999,-99999.,-99999.,-99999.,-99999.,-99999.,-99999.
107321,7079528,42.230787,-8.750377,0.,73,-99999,-99999.,-99999.,-99999.,-99999.,-99999.,-99999.
107321,7080592,42.230782,-8.750358,0.,73,-99999,-99999.,-99999.,-99999.,-99999.,-99999.,-99999.
107321,7081671,42.230773,-8.75036,0.,73,-99999,-99999.,-99999.,-99999.,-99999.,-99999.,-99999.
107321,7082172,42.23076,-8.750377,0.,73,-99999,-99999.,-99999.,-99999.,-99999.,-99999.,-99999.
107321,7082752,42.23077,-8.750353,0.,73,-99999,-99999.,-99999.,-99999.,-99999.,-99999.,-99999.
107321,7083189,42.230753,-8.750388,0.,73,-99999,-99999.,-99999.,-99999.,-99999.,-99999.,-99999.
107321,7084109,42.230792,-8.75034,0.,73,-99999,-99999.,-99999.,-99999.,-99999.,-99999.,-99999.
107321,7084581,42.230753,-8.750377,0.,73,-99999,-99999.,-99999.,-99999.,-99999.,-99999.,-99999.
107321,7085089,42.230765,-8.750365,0.,73,-99999,-99999.,-99999.,-99999.,-99999.,-99999.,-99999.
107321,7086009,42.230778,-8.750415,0.,73,-99999,-99999.,-99999.,-99999.,-99999.,-99999.,-99999.
107321,7087029,42.23074,-8.750343,0.,73,-99999,-99999.,-99999.,-99999.,-99999.,-99999.,-99999.
107321,7087615,42.230763,-8.75035,0.,73,-99999,-99999.,-99999.,-99999.,-99999.,-99999.,-99999.
107321,7087971,42.23077,-8.750393,0.,73,-99999,-99999.,-99999.,-99999.,-99999.,-99999.,-99999.
107321,7088988,42.230862,-8.750337,0.,73,-99999,-99999.,-99999.,-99999.,-99999.,-99999.,-99999.
107321,7089160,42.230802,-8.750382,0.,73,-99999,-99999.,-99999.,-99999.,-99999.,-99999.,-99999.
107321,7089929,42.23077,-8.750393,0.,73,-99999,-99999.,-99999.,-99999.,-99999.,-99999.,-99999.
107321,7090909,42.230742,-8.750367,0.,73,-99999,-99999.,-99999.,-99999.,-99999.,-99999.,-99999.
107321,7091753,42.230757,-8.750363,0.,73,-99999,-99999.,-99999.,-99999.,-99999.,-99999.,-99999.
107321,7091969,42.230727,-8.750387,0.,73,-99999,-99999.,-99999.,-99999.,-99999.,-99999.,-99999.
107321,7092654,42.230752,-8.750373,0.,73,-99999,-99999.,-99999.,-99999.,-99999.,-99999.,-99999.
107321,7093070,42.230765,-8.750408,0.,73,-99999,-99999.,-99999.,-99999.,-99999.,-99999.,-99999.
107321,7093838,42.230792,-8.750382,0.,73,-99999,-99999.,-99999.,-99999.,-99999.,-99999.,-99999.
107321,7095715,42.23077,-8.750405,0.,73,-99999,-99999.,-99999.,-99999.,-99999.,-99999.,-99999.
107321,7096812,42.230763,-8.750362,0.,73,-99999,-99999.,-99999.,-99999.,-99999.,-99999.,-99999.
107321,7097892,42.230777,-8.750333,0.,73,-99999,-99999.,-99999.,-99999.,-99999.,-99999.,-99999.
107321,7098818,42.230777,-8.750368,0.,73,-99999,-99999.,-99999.,-99999.,-99999.,-99999.,-99999.
107321,7100048,42.23082,-8.750357,0.,73,-99999,-99999.,-99999.,-99999.,-99999.,-99999.,-99999.
107321,7101309,42.230783,-8.7504,0.,73,-99999,-99999.,-99999.,-99999.,-99999.,-99999.,-99999.
107321,7102241,42.23075,-8.750392,0.,73,-99999,-99999.,-99999.,-99999.,-99999.,-99999.,-99999.
107321,7103468,42.23082,-8.750352,0.,73,-99999,-99999.,-99999.,-99999.,-99999.,-99999.,-99999.
107321,7104549,42.230765,-8.750367,0.,73,-99999,-99999.,-99999.,-99999.,-99999.,-99999.,-99999.
107321,7105451,42.230765,-8.750378,0.,73,-99999,-99999.,-99999.,-99999.,-99999.,-99999.,-99999.
107321,7107071,42.230727,-8.750333,0.,73,-99999,-99999.,-99999.,-99999.,-99999.,-99999.,-99999.
107321,7108148,42.230752,-8.750323,0.,73,-99999,-99999.,-99999.,-99999.,-99999.,-99999.,-99999.
107321,7109052,42.23075,-8.750332,0.,73,-99999,-99999.,-99999.,-99999.,-99999.,-99999.,-99999.
107321,7110130,42.230713,-8.750277,0.,73,-99999,-99999.,-99999.,-99999.,-99999.,-99999.,-99999.
107321,7111209,42.230733,-8.750318,0.,73,-99999,-99999.,-99999.,-99999.,-99999.,-99999.,-99999.
107321,7112287,42.230783,-8.75031,0.,73,-99999,-99999.,-99999.,-99999.,-99999.,-99999.,-99999.
107321,7113189,42.230743,-8.750312,0.,73,-99999,-99999.,-99999.,-99999.,-99999.,-99999.,-99999.
107321,7114449,42.23079,-8.750298,0.,73,-99999,-99999.,-99999.,-99999.,-99999.,-99999.,-99999.
107321,7115526,42.23076,-8.750348,0.,73,-99999,-99999.,-99999.,-99999.,-99999.,-99999.,-99999.
107321,7116599,42.230737,-8.750372,0.,73,-99999,-99999.,-99999.,-99999.,-99999.,-99999.,-99999.
107321,7117506,42.230735,-8.750388,0.,73,-99999,-99999.,-99999.,-99999.,-99999.,-99999.,-99999.
107321,7118579,42.23078,-8.750358,0.,73,-99999,-99999.,-99999.,-99999.,-99999.,-99999.,-99999.
107321,7119480,42.23074,-8.750355,0.,73,-99999,-99999.,-99999.,-99999.,-99999.,-99999.,-99999.
107321,7120560,42.230753,-8.750367,0.,73,-99999,-99999.,-99999.,-99999.,-99999.,-99999.,-99999.
107321,7121640,42.230727,-8.750392,0.,73,-99999,-99999.,-99999.,-99999.,-99999.,-99999.,-99999.
107321,7122544,42.230808,-8.750365,0.,73,-99999,-99999.,-99999.,-99999.,-99999.,-99999.,-99999.
107321,7125186,42.230817,-8.750357,0.,73,-99999,-99999.,-99999.,-99999.,-99999.,-99999.,-99999.
107321,7126123,42.230807,-8.750358,0.,73,-99999,-99999.,-99999.,-99999.,-99999.,-99999.,-99999.
107321,7127160,42.230788,-8.750358,0.,73,-99999,-99999.,-99999.,-99999.,-99999.,-99999.,-99999.
107321,7128063,42.230783,-8.750352,0.,73,-99999,-99999.,-99999.,-99999.,-99999.,-99999.,-99999.
107321,7129143,42.230772,-8.750377,0.,73,-99999,-99999.,-99999.,-99999.,-99999.,-99999.,-99999.
107321,7130401,42.230728,-8.75038,0.,73,-99999,-99999.,-99999.,-99999.,-99999.,-99999.,-99999.
107321,7131481,42.230755,-8.75036,0.,73,-99999,-99999.,-99999.,-99999.,-99999.,-99999.,-99999.
107321,7132382,42.230765,-8.750362,0.,73,-99999,-99999.,-99999.,-99999.,-99999.,-99999.,-99999.
107321,7133464,42.23076,-8.750352,0.,73,-99999,-99999.,-99999.,-99999.,-99999.,-99999.,-99999.
107321,7134540,42.230768,-8.750363,0.,73,-99999,-99999.,-99999.,-99999.,-99999.,-99999.,-99999.
107321,7135617,42.230763,-8.75036,0.,73,-99999,-99999.,-99999.,-99999.,-99999.,-99999.,-99999.
107321,7136521,42.230742,-8.750377,0.,73,-99999,-99999.,-99999.,-99999.,-99999.,-99999.,-99999.
107321,7137602,42.23076,-8.750377,0.,73,-99999,-99999.,-99999.,-99999.,-99999.,-99999.,-99999.
107321,7138665,42.230807,-8.750385,0.,73,-99999,-99999.,-99999.,-99999.,-99999.,-99999.,-99999.
107321,7139569,42.230802,-8.75037,0.,73,-99999,-99999.,-99999.,-99999.,-99999.,-99999.,-99999.
107321,7140650,42.230783,-8.750415,0.,73,-99999,-99999.,-99999.,-99999.,-99999.,-99999.,-99999.
107321,7141247,42.230768,-8.750355,0.,73,-99999,-99999.,-99999.,-99999.,-99999.,-99999.,-99999.
107321,7142216,42.230797,-8.750327,0.,73,-99999,-99999.,-99999.,-99999.,-99999.,-99999.,-99999.
107321,7143288,42.230825,-8.750365,0.,73,-99999,-99999.,-99999.,-99999.,-99999.,-99999.,-99999.
107321,7143531,42.230847,-8.75035,0.,73,-99999,-99999.,-99999.,-99999.,-99999.,-99999.,-99999.
107321,7144475,42.230812,-8.750343,0.,73,-99999,-99999.,-99999.,-99999.,-99999.,-99999.,-99999.
107321,7145331,42.230793,-8.750358,0.,73,-99999,-99999.,-99999.,-99999.,-99999.,-99999.,-99999.
107321,7145672,42.23078,-8.750373,0.,73,-99999,-99999.,-99999.,-99999.,-99999.,-99999.,-99999.
107321,7146412,42.230793,-8.75039,0.,73,-99999,-99999.,-99999.,-99999.,-99999.,-99999.,-99999.
107321,7146841,42.230813,-8.750357,0.,73,-99999,-99999.,-99999.,-99999.,-99999.,-99999.,-99999.
107321,7147873,42.230782,-8.750377,0.,73,-99999,-99999.,-99999.,-99999.,-99999.,-99999.,-99999.
107321,7148028,42.2308,-8.750388,0.,73,-99999,-99999.,-99999.,-99999.,-99999.,-99999.,-99999.
107321,7148789,42.230797,-8.750467,0.,73,-99999,-99999.,-99999.,-99999.,-99999.,-99999.,-99999.
107321,7149468,42.23078,-8.750442,0.,73,-99999,-99999.,-99999.,-99999.,-99999.,-99999.,-99999.
107321,7149768,42.230758,-8.750415,0.,73,-99999,-99999.,-99999.,-99999.,-99999.,-99999.,-99999.
107321,7150728,42.23077,-8.750432,0.,73,-99999,-99999.,-99999.,-99999.,-99999.,-99999.,-99999.
107321,7150848,42.230815,-8.750447,0.,73,-99999,-99999.,-99999.,-99999.,-99999.,-99999.,-99999.
107321,7151926,42.230798,-8.750403,0.,73,-99999,-99999.,-99999.,-99999.,-99999.,-99999.,-99999.
107321,7152906,42.230818,-8.75039,0.,73,-99999,-99999.,-99999.,-99999.,-99999.,-99999.,-99999.
107321,7153853,42.230742,-8.750382,0.,73,-99999,-99999.,-99999.,-99999.,-99999.,-99999.,-99999.
107321,7154855,42.230797,-8.750372,0.,73,-99999,-99999.,-99999.,-99999.,-99999.,-99999.,-99999.
107321,7155780,42.230742,-8.750388,0.,73,-99999,-99999.,-99999.,-99999.,-99999.,-99999.,-99999.
107321,7156780,42.230775,-8.750435,0.,73,-99999,-99999.,-99999.,-99999.,-99999.,-99999.,-99999.
107321,7157761,42.230763,-8.750355,0.,73,-99999,-99999.,-99999.,-99999.,-99999.,-99999.,-99999.
107321,7158702,42.230783,-8.750383,0.,73,-99999,-99999.,-99999.,-99999.,-99999.,-99999.,-99999.
107321,7159702,42.23075,-8.750387,0.,73,-99999,-99999.,-99999.,-99999.,-99999.,-99999.,-99999.
107321,7160734,42.230763,-8.7504,0.,73,-99999,-99999.,-99999.,-99999.,-99999.,-99999.,-99999.
107321,7161706,42.23079,-8.750387,0.,73,-99999,-99999.,-99999.,-99999.,-99999.,-99999.,-99999.
107321,7162742,42.230745,-8.750378,0.,73,-99999,-99999.,-99999.,-99999.,-99999.,-99999.,-99999.
107321,7162830,42.230757,-8.75036,0.,73,-99999,-99999.,-99999.,-99999.,-99999.,-99999.,-99999.
107321,7164070,42.230785,-8.750392,0.,73,-99999,-99999.,-99999.,-99999.,-99999.,-99999.,-99999.
107321,7164262,42.230795,-8.750387,0.,73,-99999,-99999.,-99999.,-99999.,-99999.,-99999.,-99999.
107321,7164990,42.230787,-8.750345,0.,73,-99999,-99999.,-99999.,-99999.,-99999.,-99999.,-99999.
107321,7165990,42.23076,-8.750358,0.,73,-99999,-99999.,-99999.,-99999.,-99999.,-99999.,-99999.
107321,7166678,42.230757,-8.750367,0.,73,-99999,-99999.,-99999.,-99999.,-99999.,-99999.,-99999.
107321,7167791,42.230732,-8.750392,0.,73,-99999,-99999.,-99999.,-99999.,-99999.,-99999.,-99999.
107321,7168392,42.230778,-8.750368,0.,73,-99999,-99999.,-99999.,-99999.,-99999.,-99999.,-99999.
107321,7168732,42.230803,-8.750342,0.,73,-99999,-99999.,-99999.,-99999.,-99999.,-99999.,-99999.
107321,7169474,42.23078,-8.750367,0.,73,-99999,-99999.,-99999.,-99999.,-99999.,-99999.,-99999.
107321,7169705,42.230763,-8.75037,0.,73,-99999,-99999.,-99999.,-99999.,-99999.,-99999.,-99999.
107321,7170625,42.230773,-8.750345,0.,73,-99999,-99999.,-99999.,-99999.,-99999.,-99999.,-99999.
107321,7170921,42.230755,-8.750378,0.,73,-99999,-99999.,-99999.,-99999.,-99999.,-99999.,-99999.
107321,7171565,42.230767,-8.750367,0.,73,-99999,-99999.,-99999.,-99999.,-99999.,-99999.,-99999.
107321,7171961,42.23077,-8.75035,0.,73,-99999,-99999.,-99999.,-99999.,-99999.,-99999.,-99999.
107321,7173433,42.23074,-8.75035,0.,73,-99999,-99999.,-99999.,-99999.,-99999.,-99999.,-99999.
107321,7174629,42.230847,-8.750358,0.,73,-99999,-99999.,-99999.,-99999.,-99999.,-99999.,-99999.
107321,7175614,42.23083,-8.750368,0.,73,-99999,-99999.,-99999.,-99999.,-99999.,-99999.,-99999.
107321,7176545,42.230805,-8.750358,0.,73,-99999,-99999.,-99999.,-99999.,-99999.,-99999.,-99999.
107321,7177627,42.230748,-8.750405,0.,73,-99999,-99999.,-99999.,-99999.,-99999.,-99999.,-99999.
107321,7178600,42.230745,-8.750385,0.,73,-99999,-99999.,-99999.,-99999.,-99999.,-99999.,-99999.
107321,7179673,42.230763,-8.750377,0.,73,-99999,-99999.,-99999.,-99999.,-99999.,-99999.,-99999.
107321,7183886,42.230792,-8.750383,0.,73,-99999,-99999.,-99999.,-99999.,-99999.,-99999.,-99999.
107321,7184795,42.230822,-8.750382,0.,73,-99999,-99999.,-99999.,-99999.,-99999.,-99999.,-99999.
107321,7185875,42.230782,-8.75036,0.,73,-99999,-99999.,-99999.,-99999.,-99999.,-99999.,-99999.
107321,7187125,42.230757,-8.750378,0.,73,-99999,-99999.,-99999.,-99999.,-99999.,-99999.,-99999.
107321,7188208,42.230725,-8.750383,0.,73,-99999,-99999.,-99999.,-99999.,-99999.,-99999.,-99999.
107321,7189288,42.23083,-8.750355,0.,73,-99999,-99999.,-99999.,-99999.,-99999.,-99999.,-99999.
107321,7190192,42.230802,-8.750348,0.,73,-99999,-99999.,-99999.,-99999.,-99999.,-99999.,-99999.
107321,7191274,42.230737,-8.7504,0.,73,-99999,-99999.,-99999.,-99999.,-99999.,-99999.,-99999.
107321,7192530,42.230727,-8.75029,0.,73,-99999,-99999.,-99999.,-99999.,-99999.,-99999.,-99999.
107321,7193610,42.230743,-8.7504,0.,73,-99999,-99999.,-99999.,-99999.,-99999.,-99999.,-99999.
107321,7194866,42.230755,-8.75032,0.,73,-99999,-99999.,-99999.,-99999.,-99999.,-99999.,-99999.
107321,7195770,42.230777,-8.750375,0.,73,-99999,-99999.,-99999.,-99999.,-99999.,-99999.,-99999.
107321,7196841,42.230777,-8.750322,0.,73,-99999,-99999.,-99999.,-99999.,-99999.,-99999.,-99999.
107321,7197749,42.230778,-8.750333,0.,73,-99999,-99999.,-99999.,-99999.,-99999.,-99999.,-99999.
107321,7198822,42.230772,-8.750342,0.,73,-99999,-99999.,-99999.,-99999.,-99999.,-99999.,-99999.
107321,7199732,42.23077,-8.750365,0.,73,-99999,-99999.,-99999.,-99999.,-99999.,-99999.,-99999.
107321,7200804,42.230773,-8.750353,0.,73,-99999,-99999.,-99999.,-99999.,-99999.,-99999.,-99999.
107321,7201881,42.230777,-8.750343,0.,73,-99999,-99999.,-99999.,-99999.,-99999.,-99999.,-99999.
107321,7202961,42.230743,-8.750343,0.,73,-99999,-99999.,-99999.,-99999.,-99999.,-99999.,-99999.
107321,7204043,42.23078,-8.750382,0.,73,-99999,-99999.,-99999.,-99999.,-99999.,-99999.,-99999.
107321,7204951,42.23077,-8.75039,0.,73,-99999,-99999.,-99999.,-99999.,-99999.,-99999.,-99999.
107321,7206207,42.230777,-8.75039,0.,73,-99999,-99999.,-99999.,-99999.,-99999.,-99999.,-99999.
107321,7207321,42.2308,-8.75036,0.,73,-99999,-99999.,-99999.,-99999.,-99999.,-99999.,-99999.
107321,7208548,42.23082,-8.75035,0.,73,-99999,-99999.,-99999.,-99999.,-99999.,-99999.,-99999.
107321,7210349,42.230805,-8.750363,0.,73,-99999,-99999.,-99999.,-99999.,-99999.,-99999.,-99999.
107321,7211789,42.230808,-8.750348,0.,73,-99999,-99999.,-99999.,-99999.,-99999.,-99999.,-99999.
107321,7213947,42.230792,-8.75038,0.,73,-99999,-99999.,-99999.,-99999.,-99999.,-99999.,-99999.
107321,7215025,42.230782,-8.75037,0.,73,-99999,-99999.,-99999.,-99999.,-99999.,-99999.,-99999.
107321,7216105,42.230767,-8.750435,0.,73,-99999,-99999.,-99999.,-99999.,-99999.,-99999.,-99999.
107321,7217007,42.230743,-8.75038,0.,73,-99999,-99999.,-99999.,-99999.,-99999.,-99999.,-99999.
107321,7218084,42.230755,-8.75041,0.,73,-99999,-99999.,-99999.,-99999.,-99999.,-99999.,-99999.
107321,7219163,42.230738,-8.750422,0.,73,-99999,-99999.,-99999.,-99999.,-99999.,-99999.,-99999.
107321,7220244,42.230748,-8.750405,0.,73,-99999,-99999.,-99999.,-99999.,-99999.,-99999.,-99999.
107321,7221323,42.230767,-8.750383,0.,73,-99999,-99999.,-99999.,-99999.,-99999.,-99999.,-99999.
107321,7222403,42.230763,-8.750373,0.,73,-99999,-99999.,-99999.,-99999.,-99999.,-99999.,-99999.
107321,7223480,42.23077,-8.750378,0.,73,-99999,-99999.,-99999.,-99999.,-99999.,-99999.,-99999.
107321,7224561,42.230742,-8.750377,0.,73,-99999,-99999.,-99999.,-99999.,-99999.,-99999.,-99999.
107321,7225637,42.230775,-8.750433,0.,73,-99999,-99999.,-99999.,-99999.,-99999.,-99999.,-99999.
107321,7226717,42.230808,-8.750415,0.,73,-99999,-99999.,-99999.,-99999.,-99999.,-99999.,-99999.
107321,7227801,42.230768,-8.750367,0.,73,-99999,-99999.,-99999.,-99999.,-99999.,-99999.,-99999.
107321,7228878,42.230773,-8.750397,0.,73,-99999,-99999.,-99999.,-99999.,-99999.,-99999.,-99999.
107321,7229962,42.230803,-8.750383,0.,73,-99999,-99999.,-99999.,-99999.,-99999.,-99999.,-99999.
107321,7230282,42.230808,-8.750382,0.,73,-99999,-99999.,-99999.,-99999.,-99999.,-99999.,-99999.
107321,7231039,42.230815,-8.750413,0.,73,-99999,-99999.,-99999.,-99999.,-99999.,-99999.,-99999.
107321,7232123,42.230793,-8.750372,0.,73,-99999,-99999.,-99999.,-99999.,-99999.,-99999.,-99999.
107321,7233203,42.230813,-8.750355,0.,73,-99999,-99999.,-99999.,-99999.,-99999.,-99999.,-99999.
107321,7234105,42.230802,-8.750373,0.,73,-99999,-99999.,-99999.,-99999.,-99999.,-99999.,-99999.
107321,7234909,42.230802,-8.750428,0.,73,-99999,-99999.,-99999.,-99999.,-99999.,-99999.,-99999.
107321,7235183,42.230795,-8.750435,0.,73,-99999,-99999.,-99999.,-99999.,-99999.,-99999.,-99999.
107321,7236443,42.230788,-8.750408,0.,73,-99999,-99999.,-99999.,-99999.,-99999.,-99999.,-99999.
107321,7237524,42.230782,-8.750407,0.,73,-99999,-99999.,-99999.,-99999.,-99999.,-99999.,-99999.
107321,7238601,42.230765,-8.750402,0.,73,-99999,-99999.,-99999.,-99999.,-99999.,-99999.,-99999.
107321,7239681,42.230817,-8.75038,0.,73,-99999,-99999.,-99999.,-99999.,-99999.,-99999.,-99999.
107321,7240761,42.230732,-8.750373,0.,73,-99999,-99999.,-99999.,-99999.,-99999.,-99999.,-99999.
107321,7241662,42.23081,-8.75037,0.,73,-99999,-99999.,-99999.,-99999.,-99999.,-99999.,-99999.
107321,7242740,42.230747,-8.750385,0.,73,-99999,-99999.,-99999.,-99999.,-99999.,-99999.,-99999.
107321,7243820,42.230798,-8.750405,0.,73,-99999,-99999.,-99999.,-99999.,-99999.,-99999.,-99999.
107321,7244904,42.230777,-8.750418,0.,73,-99999,-99999.,-99999.,-99999.,-99999.,-99999.,-99999.
107321,7245985,42.23079,-8.750383,0.,73,-99999,-99999.,-99999.,-99999.,-99999.,-99999.,-99999.
107321,7247061,42.230752,-8.750367,0.,73,-99999,-99999.,-99999.,-99999.,-99999.,-99999.,-99999.
107321,7248137,42.230768,-8.750408,0.,73,-99999,-99999.,-99999.,-99999.,-99999.,-99999.,-99999.
107321,7249221,42.23076,-8.750347,0.,73,-99999,-99999.,-99999.,-99999.,-99999.,-99999.,-99999.
107321,7250301,42.230773,-8.750355,0.,73,-99999,-99999.,-99999.,-99999.,-99999.,-99999.,-99999.
107321,7251382,42.230762,-8.750378,0.,73,-99999,-99999.,-99999.,-99999.,-99999.,-99999.,-99999.
107321,7252462,42.230727,-8.750358,0.,73,-99999,-99999.,-99999.,-99999.,-99999.,-99999.,-99999.
107321,7253542,42.230738,-8.750362,0.,73,-99999,-99999.,-99999.,-99999.,-99999.,-99999.,-99999.
107321,7254622,42.23079,-8.750367,0.,73,-99999,-99999.,-99999.,-99999.,-99999.,-99999.,-99999.
107321,7255702,42.23078,-8.750342,0.,73,-99999,-99999.,-99999.,-99999.,-99999.,-99999.,-99999.
107321,7256786,42.230733,-8.75035,0.,73,-99999,-99999.,-99999.,-99999.,-99999.,-99999.,-99999.
107321,7257863,42.230772,-8.750347,0.,73,-99999,-99999.,-99999.,-99999.,-99999.,-99999.,-99999.
107321,7258946,42.230772,-8.750352,0.,73,-99999,-99999.,-99999.,-99999.,-99999.,-99999.,-99999.
107321,7260016,42.23077,-8.750358,0.,73,-99999,-99999.,-99999.,-99999.,-99999.,-99999.,-99999.
107321,7260926,42.230743,-8.750447,0.,73,-99999,-99999.,-99999.,-99999.,-99999.,-99999.,-99999.
107321,7261828,42.230785,-8.750342,0.,73,-99999,-99999.,-99999.,-99999.,-99999.,-99999.,-99999.
107321,7262905,42.230795,-8.750323,0.,73,-99999,-99999.,-99999.,-99999.,-99999.,-99999.,-99999.
107321,7263809,42.230788,-8.750358,0.,73,-99999,-99999.,-99999.,-99999.,-99999.,-99999.,-99999.
107321,7264890,42.230768,-8.750347,0.,73,-99999,-99999.,-99999.,-99999.,-99999.,-99999.,-99999.
107321,7265970,42.230777,-8.750408,0.,73,-99999,-99999.,-99999.,-99999.,-99999.,-99999.,-99999.
107321,7266871,42.23079,-8.750357,0.,73,-99999,-99999.,-99999.,-99999.,-99999.,-99999.,-99999.
107321,7267951,42.230785,-8.750358,0.,73,-99999,-99999.,-99999.,-99999.,-99999.,-99999.,-99999.
107321,7269933,42.2308,-8.750392,0.,73,-99999,-99999.,-99999.,-99999.,-99999.,-99999.,-99999.
107321,7271012,42.23075,-8.750367,0.,73,-99999,-99999.,-99999.,-99999.,-99999.,-99999.,-99999.
107321,7272092,42.23077,-8.75036,0.,73,-99999,-99999.,-99999.,-99999.,-99999.,-99999.,-99999.
107321,7273170,42.230842,-8.750382,0.,73,-99999,-99999.,-99999.,-99999.,-99999.,-99999.,-99999.
107321,7274253,42.230743,-8.75038,0.,73,-99999,-99999.,-99999.,-99999.,-99999.,-99999.,-99999.
107321,7275693,42.230745,-8.750373,0.,73,-99999,-99999.,-99999.,-99999.,-99999.,-99999.,-99999.
107321,7277486,42.230787,-8.750375,0.,73,-99999,-99999.,-99999.,-99999.,-99999.,-99999.,-99999.
107321,7278591,42.230773,-8.75038,0.,73,-99999,-99999.,-99999.,-99999.,-99999.,-99999.,-99999.
107321,7279662,42.230742,-8.750332,0.,73,-99999,-99999.,-99999.,-99999.,-99999.,-99999.,-99999.
107321,7280659,42.230728,-8.750345,0.,73,-99999,-99999.,-99999.,-99999.,-99999.,-99999.,-99999.
107321,7281737,42.230778,-8.750335,0.,73,-99999,-99999.,-99999.,-99999.,-99999.,-99999.,-99999.
107321,7282638,42.230743,-8.750362,0.,73,-99999,-99999.,-99999.,-99999.,-99999.,-99999.,-99999.
107321,7283715,42.230772,-8.750327,0.,73,-99999,-99999.,-99999.,-99999.,-99999.,-99999.,-99999.
107321,7284619,42.230797,-8.750332,0.,73,-99999,-99999.,-99999.,-99999.,-99999.,-99999.,-99999.
107321,7285696,42.23076,-8.75035,0.,73,-99999,-99999.,-99999.,-99999.,-99999.,-99999.,-99999.
107321,7286775,42.230775,-8.750347,0.,73,-99999,-99999.,-99999.,-99999.,-99999.,-99999.,-99999.
107321,7287676,42.230747,-8.750372,0.,73,-99999,-99999.,-99999.,-99999.,-99999.,-99999.,-99999.
107321,7288577,42.230758,-8.750373,0.,73,-99999,-99999.,-99999.,-99999.,-99999.,-99999.,-99999.
107321,7289837,42.230778,-8.750392,0.,73,-99999,-99999.,-99999.,-99999.,-99999.,-99999.,-99999.
107321,7290989,42.230782,-8.750345,0.,73,-99999,-99999.,-99999.,-99999.,-99999.,-99999.,-99999.
107321,7292193,42.230795,-8.750368,0.,73,-99999,-99999.,-99999.,-99999.,-99999.,-99999.,-99999.
107321,7293530,42.23081,-8.750367,0.,73,-99999,-99999.,-99999.,-99999.,-99999.,-99999.,-99999.
107321,7294550,42.2308,-8.750353,0.,73,-99999,-99999.,-99999.,-99999.,-99999.,-99999.,-99999.
107321,7295590,42.230782,-8.750382,0.,73,-99999,-99999.,-99999.,-99999.,-99999.,-99999.,-99999.
107321,7296495,42.23081,-8.750368,0.,73,-99999,-99999.,-99999.,-99999.,-99999.,-99999.,-99999.
107321,7297755,42.230807,-8.750368,0.,73,-99999,-99999.,-99999.,-99999.,-99999.,-99999.,-99999.
107321,7298835,42.230792,-8.750372,0.,73,-99999,-99999.,-99999.,-99999.,-99999.,-99999.,-99999.
107321,7300095,42.230778,-8.750367,0.,73,-99999,-99999.,-99999.,-99999.,-99999.,-99999.,-99999.
107321,7301175,42.23078,-8.7504,0.,73,-99999,-99999.,-99999.,-99999.,-99999.,-99999.,-99999.
107321,7302255,42.230763,-8.750405,0.,73,-99999,-99999.,-99999.,-99999.,-99999.,-99999.,-99999.
107321,7303333,42.230743,-8.75041,0.,73,-99999,-99999.,-99999.,-99999.,-99999.,-99999.,-99999.
107321,7304234,42.230748,-8.75039,0.,73,-99999,-99999.,-99999.,-99999.,-99999.,-99999.,-99999.
107321,7305314,42.23076,-8.750408,0.,73,-99999,-99999.,-99999.,-99999.,-99999.,-99999.,-99999.
107321,7306395,42.230738,-8.75038,0.,73,-99999,-99999.,-99999.,-99999.,-99999.,-99999.,-99999.
107321,7307475,42.230763,-8.7504,0.,73,-99999,-99999.,-99999.,-99999.,-99999.,-99999.,-99999.
107321,7308554,42.230778,-8.750408,0.,73,-99999,-99999.,-99999.,-99999.,-99999.,-99999.,-99999.
107321,7309634,42.230755,-8.750388,0.,73,-99999,-99999.,-99999.,-99999.,-99999.,-99999.,-99999.
107321,7310713,42.230765,-8.750378,0.,73,-99999,-99999.,-99999.,-99999.,-99999.,-99999.,-99999.
107321,7311614,42.230767,-8.75039,0.,73,-99999,-99999.,-99999.,-99999.,-99999.,-99999.,-99999.
107321,7312694,42.230787,-8.750413,0.,73,-99999,-99999.,-99999.,-99999.,-99999.,-99999.,-99999.
107321,7313774,42.230768,-8.750372,0.,73,-99999,-99999.,-99999.,-99999.,-99999.,-99999.,-99999.
107321,7314675,42.230805,-8.750412,0.,73,-99999,-99999.,-99999.,-99999.,-99999.,-99999.,-99999.
107321,7315752,42.230838,-8.750385,0.,73,-99999,-99999.,-99999.,-99999.,-99999.,-99999.,-99999.
107321,7316833,42.230798,-8.750363,0.,73,-99999,-99999.,-99999.,-99999.,-99999.,-99999.,-99999.
107321,7317911,42.230808,-8.750367,0.,73,-99999,-99999.,-99999.,-99999.,-99999.,-99999.,-99999.
107321,7318604,42.230807,-8.750377,0.,73,-99999,-99999.,-99999.,-99999.,-99999.,-99999.,-99999.
107321,7318812,42.230798,-8.750378,0.,73,-99999,-99999.,-99999.,-99999.,-99999.,-99999.,-99999.
107321,7319713,42.230837,-8.750382,0.,73,-99999,-99999.,-99999.,-99999.,-99999.,-99999.,-99999.
107321,7320284,42.230787,-8.750378,0.,73,-99999,-99999.,-99999.,-99999.,-99999.,-99999.,-99999.
107321,7320792,42.230803,-8.750402,0.,73,-99999,-99999.,-99999.,-99999.,-99999.,-99999.,-99999.
107321,7321872,42.230807,-8.750392,0.,73,-99999,-99999.,-99999.,-99999.,-99999.,-99999.,-99999.
107321,7322773,42.23079,-8.750403,0.,73,-99999,-99999.,-99999.,-99999.,-99999.,-99999.,-99999.
107321,7323853,42.230772,-8.750397,0.,73,-99999,-99999.,-99999.,-99999.,-99999.,-99999.,-99999.
107321,7324933,42.230798,-8.750397,0.,73,-99999,-99999.,-99999.,-99999.,-99999.,-99999.,-99999.
107321,7326010,42.230727,-8.750393,0.,73,-99999,-99999.,-99999.,-99999.,-99999.,-99999.,-99999.
107321,7326911,42.230748,-8.75035,0.,73,-99999,-99999.,-99999.,-99999.,-99999.,-99999.,-99999.
107321,7327812,42.230757,-8.750353,0.,73,-99999,-99999.,-99999.,-99999.,-99999.,-99999.,-99999.
107321,7328892,42.230745,-8.750373,0.,73,-99999,-99999.,-99999.,-99999.,-99999.,-99999.,-99999.
107321,7329793,42.230797,-8.750387,0.,73,-99999,-99999.,-99999.,-99999.,-99999.,-99999.,-99999.
107321,7330875,42.230732,-8.750418,0.,73,-99999,-99999.,-99999.,-99999.,-99999.,-99999.,-99999.
107321,7332132,42.230752,-8.750402,0.,73,-99999,-99999.,-99999.,-99999.,-99999.,-99999.,-99999.
107321,7333214,42.230765,-8.750397,0.,73,-99999,-99999.,-99999.,-99999.,-99999.,-99999.,-99999.
107321,7334293,42.230765,-8.750377,0.,73,-99999,-99999.,-99999.,-99999.,-99999.,-99999.,-99999.
107321,7335373,42.230745,-8.750358,0.,73,-99999,-99999.,-99999.,-99999.,-99999.,-99999.,-99999.
107321,7336453,42.230773,-8.75036,0.,73,-99999,-99999.,-99999.,-99999.,-99999.,-99999.,-99999.
107321,7337533,42.230788,-8.750387,0.,73,-99999,-99999.,-99999.,-99999.,-99999.,-99999.,-99999.
107321,7338611,42.23076,-8.750367,0.,73,-99999,-99999.,-99999.,-99999.,-99999.,-99999.,-99999.
107321,7339690,42.230733,-8.75037,0.,73,-99999,-99999.,-99999.,-99999.,-99999.,-99999.,-99999.
107321,7340774,42.230785,-8.750365,0.,73,-99999,-99999.,-99999.,-99999.,-99999.,-99999.,-99999.
107321,7342031,42.230767,-8.750403,0.,73,-99999,-99999.,-99999.,-99999.,-99999.,-99999.,-99999.
107321,7343111,42.23077,-8.750372,0.,73,-99999,-99999.,-99999.,-99999.,-99999.,-99999.,-99999.
107321,7344192,42.230773,-8.750353,0.,73,-99999,-99999.,-99999.,-99999.,-99999.,-99999.,-99999.
107321,7345093,42.23078,-8.750357,0.,73,-99999,-99999.,-99999.,-99999.,-99999.,-99999.,-99999.
107321,7346173,42.230762,-8.750367,0.,73,-99999,-99999.,-99999.,-99999.,-99999.,-99999.,-99999.
107321,7347252,42.230867,-8.750377,0.,73,-99999,-99999.,-99999.,-99999.,-99999.,-99999.,-99999.
107321,7348153,42.230838,-8.750363,0.,73,-99999,-99999.,-99999.,-99999.,-99999.,-99999.,-99999.
107321,7349231,42.230798,-8.750373,0.,73,-99999,-99999.,-99999.,-99999.,-99999.,-99999.,-99999.
107321,7350491,42.23076,-8.75038,0.,73,-99999,-99999.,-99999.,-99999.,-99999.,-99999.,-99999.
107321,7351392,42.230758,-8.750397,0.,73,-99999,-99999.,-99999.,-99999.,-99999.,-99999.,-99999.
107321,7352295,42.230778,-8.750405,0.,73,-99999,-99999.,-99999.,-99999.,-99999.,-99999.,-99999.
107321,7353367,42.230762,-8.750362,0.,73,-99999,-99999.,-99999.,-99999.,-99999.,-99999.,-99999.
107321,7354271,42.230763,-8.750368,0.,73,-99999,-99999.,-99999.,-99999.,-99999.,-99999.,-99999.
107321,7355172,42.230765,-8.750353,0.,73,-99999,-99999.,-99999.,-99999.,-99999.,-99999.,-99999.
107321,7356436,42.230787,-8.750342,0.,73,-99999,-99999.,-99999.,-99999.,-99999.,-99999.,-99999.
107321,7357515,42.230742,-8.750363,0.,73,-99999,-99999.,-99999.,-99999.,-99999.,-99999.,-99999.
107321,7358591,42.230742,-8.750363,0.,73,-99999,-99999.,-99999.,-99999.,-99999.,-99999.,-99999.
107321,7359672,42.230755,-8.750408,0.,73,-99999,-99999.,-99999.,-99999.,-99999.,-99999.,-99999.
107321,7360574,42.230752,-8.75038,0.,73,-99999,-99999.,-99999.,-99999.,-99999.,-99999.,-99999.
107321,7361475,42.230782,-8.750375,0.,73,-99999,-99999.,-99999.,-99999.,-99999.,-99999.,-99999.
107321,7362734,42.230728,-8.75041,0.,73,-99999,-99999.,-99999.,-99999.,-99999.,-99999.,-99999.
107321,7363745,42.229783,-8.749513,1.4,11,-99999,-99999.,-99999.,-99999.,-99999.,-99999.,-99999.
107321,7364713,42.226678,-8.74865,0.1,14,-99999,-99999.,-99999.,-99999.,-99999.,-99999.,-99999.
107321,7365614,42.226733,-8.748613,0.,14,-99999,-99999.,-99999.,-99999.,-99999.,-99999.,-99999.
107321,7366525,42.226483,-8.74862,0.,14,-99999,-99999.,-99999.,-99999.,-99999.,-99999.,-99999.
107321,7367545,42.226437,-8.748568,0.,14,-99999,-99999.,-99999.,-99999.,-99999.,-99999.,-99999.
107321,7368494,42.226322,-8.748507,0.1,14,-99999,-99999.,-99999.,-99999.,-99999.,-99999.,-99999.
107321,7369398,42.225708,-8.748297,0.1,14,-99999,-99999.,-99999.,-99999.,-99999.,-99999.,-99999.
107321,7370407,42.22521,-8.748143,0.,15,-99999,-99999.,-99999.,-99999.,-99999.,-99999.,-99999.
107321,7371367,42.22519,-8.74812,0.,15,-99999,-99999.,-99999.,-99999.,-99999.,-99999.,-99999.
107321,7372345,42.225175,-8.748147,0.,15,-99999,-99999.,-99999.,-99999.,-99999.,-99999.,-99999.
107321,7373309,42.225175,-8.748127,0.,15,-99999,-99999.,-99999.,-99999.,-99999.,-99999.,-99999.
107321,7374250,42.225203,-8.748135,0.,15,-99999,-99999.,-99999.,-99999.,-99999.,-99999.,-99999.
107321,7375334,42.22519,-8.748147,0.,15,-99999,-99999.,-99999.,-99999.,-99999.,-99999.,-99999.
107321,7376328,42.225188,-8.748142,0.,15,-99999,-99999.,-99999.,-99999.,-99999.,-99999.,-99999.
107321,7377306,42.225218,-8.748125,0.,15,-99999,-99999.,-99999.,-99999.,-99999.,-99999.,-99999.
107321,7378286,42.22525,-8.74813,0.,15,-99999,-99999.,-99999.,-99999.,-99999.,-99999.,-99999.
107321,7379194,42.22521,-8.74812,0.,15,-99999,-99999.,-99999.,-99999.,-99999.,-99999.,-99999.
107321,7380166,42.225247,-8.748163,0.,15,-99999,-99999.,-99999.,-99999.,-99999.,-99999.,-99999.
107321,7381206,42.22523,-8.748152,0.,15,-99999,-99999.,-99999.,-99999.,-99999.,-99999.,-99999.
107321,7382387,42.225245,-8.74817,0.,15,-99999,-99999.,-99999.,-99999.,-99999.,-99999.,-99999.
107321,7383288,42.225237,-8.748142,0.,15,-99999,-99999.,-99999.,-99999.,-99999.,-99999.,-99999.
107321,7384076,42.225233,-8.748163,0.,15,-99999,-99999.,-99999.,-99999.,-99999.,-99999.,-99999.
107321,7384193,42.225217,-8.748157,0.,15,-99999,-99999.,-99999.,-99999.,-99999.,-99999.,-99999.
107321,7385264,42.225257,-8.748163,0.,15,-99999,-99999.,-99999.,-99999.,-99999.,-99999.,-99999.
107321,7386345,42.225235,-8.748153,0.,15,-99999,-99999.,-99999.,-99999.,-99999.,-99999.,-99999.
107321,7387246,42.22522,-8.74817,0.,15,-99999,-99999.,-99999.,-99999.,-99999.,-99999.,-99999.
107321,7388225,42.2252,-8.748163,0.,15,-99999,-99999.,-99999.,-99999.,-99999.,-99999.,-99999.
107321,7389204,42.225192,-8.748205,0.,15,-99999,-99999.,-99999.,-99999.,-99999.,-99999.,-99999.
107321,7390117,42.225185,-8.748155,0.,15,-99999,-99999.,-99999.,-99999.,-99999.,-99999.,-99999.
107321,7391233,42.225193,-8.748155,0.,15,-99999,-99999.,-99999.,-99999.,-99999.,-99999.,-99999.
107321,7392289,42.22518,-8.748157,0.,15,-99999,-99999.,-99999.,-99999.,-99999.,-99999.,-99999.
107321,7393245,42.225203,-8.748145,0.,15,-99999,-99999.,-99999.,-99999.,-99999.,-99999.,-99999.
107321,7394246,42.225185,-8.748162,0.,15,-99999,-99999.,-99999.,-99999.,-99999.,-99999.,-99999.
107321,7395166,42.225217,-8.748155,0.,15,-99999,-99999.,-99999.,-99999.,-99999.,-99999.,-99999.
107321,7396185,42.225227,-8.748145,0.,15,-99999,-99999.,-99999.,-99999.,-99999.,-99999.,-99999.
107321,7397205,42.22521,-8.74818,0.,15,-99999,-99999.,-99999.,-99999.,-99999.,-99999.,-99999.
107321,7398126,42.225212,-8.748187,0.,15,-99999,-99999.,-99999.,-99999.,-99999.,-99999.,-99999.
107321,7399122,42.225202,-8.748127,0.,15,-99999,-99999.,-99999.,-99999.,-99999.,-99999.,-99999.
107321,7400199,42.225217,-8.74816,0.,15,-99999,-99999.,-99999.,-99999.,-99999.,-99999.,-99999.
107321,7401147,42.22521,-8.748175,0.,15,-99999,-99999.,-99999.,-99999.,-99999.,-99999.,-99999.
107321,7402067,42.22522,-8.748162,0.,15,-99999,-99999.,-99999.,-99999.,-99999.,-99999.,-99999.
107321,7403007,42.22517,-8.74818,0.,15,-99999,-99999.,-99999.,-99999.,-99999.,-99999.,-99999.
107321,7403979,42.225222,-8.748168,0.,15,-99999,-99999.,-99999.,-99999.,-99999.,-99999.,-99999.
107321,7405060,42.225232,-8.748162,0.,15,-99999,-99999.,-99999.,-99999.,-99999.,-99999.,-99999.
107321,7406026,42.22522,-8.748178,0.,15,-99999,-99999.,-99999.,-99999.,-99999.,-99999.,-99999.
107321,7406949,42.225207,-8.748203,0.,15,-99999,-99999.,-99999.,-99999.,-99999.,-99999.,-99999.
107321,7407898,42.225225,-8.748182,0.,15,-99999,-99999.,-99999.,-99999.,-99999.,-99999.,-99999.
107321,7408839,42.22519,-8.748188,0.,15,-99999,-99999.,-99999.,-99999.,-99999.,-99999.,-99999.
107321,7409740,42.225192,-8.748192,0.,15,-99999,-99999.,-99999.,-99999.,-99999.,-99999.,-99999.
107321,7410707,42.225172,-8.748187,0.,15,-99999,-99999.,-99999.,-99999.,-99999.,-99999.,-99999.
107321,7411687,42.225197,-8.748163,0.,15,-99999,-99999.,-99999.,-99999.,-99999.,-99999.,-99999.
107321,7412625,42.225232,-8.748202,0.,15,-99999,-99999.,-99999.,-99999.,-99999.,-99999.,-99999.
107321,7413625,42.225177,-8.748182,0.,15,-99999,-99999.,-99999.,-99999.,-99999.,-99999.,-99999.
107321,7414546,42.22517,-8.748145,0.,15,-99999,-99999.,-99999.,-99999.,-99999.,-99999.,-99999.
107321,7415527,42.225143,-8.748213,0.,15,-99999,-99999.,-99999.,-99999.,-99999.,-99999.,-99999.
107321,7416467,42.225182,-8.748157,0.,15,-99999,-99999.,-99999.,-99999.,-99999.,-99999.,-99999.
107321,7417427,42.225195,-8.748173,0.,15,-99999,-99999.,-99999.,-99999.,-99999.,-99999.,-99999.
107321,7418344,42.225188,-8.748195,0.,15,-99999,-99999.,-99999.,-99999.,-99999.,-99999.,-99999.
107321,7419280,42.225193,-8.748162,0.,15,-99999,-99999.,-99999.,-99999.,-99999.,-99999.,-99999.
107321,7420185,42.225202,-8.748143,0.,15,-99999,-99999.,-99999.,-99999.,-99999.,-99999.,-99999.
107321,7421188,42.225178,-8.74812,0.,15,-99999,-99999.,-99999.,-99999.,-99999.,-99999.,-99999.
107321,7422167,42.225193,-8.74814,0.,15,-99999,-99999.,-99999.,-99999.,-99999.,-99999.,-99999.
107321,7423102,42.225235,-8.748118,0.,15,-99999,-99999.,-99999.,-99999.,-99999.,-99999.,-99999.
107321,7424003,42.225195,-8.748145,0.,15,-99999,-99999.,-99999.,-99999.,-99999.,-99999.,-99999.
107321,7424988,42.225232,-8.748198,0.,15,-99999,-99999.,-99999.,-99999.,-99999.,-99999.,-99999.
107321,7425979,42.225168,-8.748175,0.,15,-99999,-99999.,-99999.,-99999.,-99999.,-99999.,-99999.
107321,7426947,42.225188,-8.748103,0.,15,-99999,-99999.,-99999.,-99999.,-99999.,-99999.,-99999.
107321,7427966,42.225207,-8.748152,0.,15,-99999,-99999.,-99999.,-99999.,-99999.,-99999.,-99999.
107321,7428954,42.225215,-8.74814,0.,15,-99999,-99999.,-99999.,-99999.,-99999.,-99999.,-99999.
107321,7429898,42.225203,-8.748152,0.,15,-99999,-99999.,-99999.,-99999.,-99999.,-99999.,-99999.
107321,7430807,42.225193,-8.748147,0.,15,-99999,-99999.,-99999.,-99999.,-99999.,-99999.,-99999.
107321,7431746,42.22521,-8.748132,0.,15,-99999,-99999.,-99999.,-99999.,-99999.,-99999.,-99999.
107321,7432686,42.225213,-8.74817,0.,15,-99999,-99999.,-99999.,-99999.,-99999.,-99999.,-99999.
107321,7433724,42.225198,-8.748167,0.,15,-99999,-99999.,-99999.,-99999.,-99999.,-99999.,-99999.
107321,7434625,42.225182,-8.748145,0.,15,-99999,-99999.,-99999.,-99999.,-99999.,-99999.,-99999.
107321,7435545,42.225177,-8.748153,0.,15,-99999,-99999.,-99999.,-99999.,-99999.,-99999.,-99999.
107321,7436466,42.225263,-8.748127,0.,15,-99999,-99999.,-99999.,-99999.,-99999.,-99999.,-99999.
107321,7437467,42.225177,-8.748143,0.,15,-99999,-99999.,-99999.,-99999.,-99999.,-99999.,-99999.
107321,7438409,42.2252,-8.748153,0.,15,-99999,-99999.,-99999.,-99999.,-99999.,-99999.,-99999.
107321,7439408,42.225213,-8.748147,0.,15,-99999,-99999.,-99999.,-99999.,-99999.,-99999.,-99999.
107321,7440404,42.225198,-8.748123,0.,15,-99999,-99999.,-99999.,-99999.,-99999.,-99999.,-99999.
107321,7441564,42.225233,-8.748157,0.,15,-99999,-99999.,-99999.,-99999.,-99999.,-99999.,-99999.
107321,7442545,42.225195,-8.748128,0.,15,-99999,-99999.,-99999.,-99999.,-99999.,-99999.,-99999.
107321,7443450,42.225202,-8.74813,0.,15,-99999,-99999.,-99999.,-99999.,-99999.,-99999.,-99999.
107321,7444485,42.225203,-8.748135,0.,15,-99999,-99999.,-99999.,-99999.,-99999.,-99999.,-99999.
107321,7445430,42.225228,-8.748155,0.,15,-99999,-99999.,-99999.,-99999.,-99999.,-99999.,-99999.
107321,7446339,42.225195,-8.748168,0.,15,-99999,-99999.,-99999.,-99999.,-99999.,-99999.,-99999.
107321,7447326,42.225203,-8.748197,0.,15,-99999,-99999.,-99999.,-99999.,-99999.,-99999.,-99999.
107321,7448266,42.225225,-8.74814,0.,15,-99999,-99999.,-99999.,-99999.,-99999.,-99999.,-99999.
107321,7449210,42.225168,-8.748167,0.,15,-99999,-99999.,-99999.,-99999.,-99999.,-99999.,-99999.
107321,7450111,42.2252,-8.74812,0.,15,-99999,-99999.,-99999.,-99999.,-99999.,-99999.,-99999.
107321,7451124,42.225178,-8.748147,0.,15,-99999,-99999.,-99999.,-99999.,-99999.,-99999.,-99999.
107321,7452089,42.2252,-8.748133,0.,15,-99999,-99999.,-99999.,-99999.,-99999.,-99999.,-99999.
107321,7453117,42.225205,-8.748135,0.,15,-99999,-99999.,-99999.,-99999.,-99999.,-99999.,-99999.
107321,7454076,42.225178,-8.748162,0.,15,-99999,-99999.,-99999.,-99999.,-99999.,-99999.,-99999.
107321,7455065,42.2252,-8.748148,0.,15,-99999,-99999.,-99999.,-99999.,-99999.,-99999.,-99999.
107321,7455985,42.225235,-8.748132,0.,15,-99999,-99999.,-99999.,-99999.,-99999.,-99999.,-99999.
107321,7456937,42.225222,-8.748113,0.,15,-99999,-99999.,-99999.,-99999.,-99999.,-99999.,-99999.
107321,7458097,42.225178,-8.748115,0.,15,-99999,-99999.,-99999.,-99999.,-99999.,-99999.,-99999.
107321,7459097,42.225213,-8.748148,0.,15,-99999,-99999.,-99999.,-99999.,-99999.,-99999.,-99999.
107321,7460046,42.225193,-8.74813,0.,15,-99999,-99999.,-99999.,-99999.,-99999.,-99999.,-99999.
107321,7460966,42.225208,-8.74813,0.,15,-99999,-99999.,-99999.,-99999.,-99999.,-99999.,-99999.
107321,7461883,42.225187,-8.748157,0.,15,-99999,-99999.,-99999.,-99999.,-99999.,-99999.,-99999.
107321,7462796,42.22521,-8.74815,0.,15,-99999,-99999.,-99999.,-99999.,-99999.,-99999.,-99999.
107321,7463777,42.225203,-8.74813,0.,15,-99999,-99999.,-99999.,-99999.,-99999.,-99999.,-99999.
107321,7464727,42.225253,-8.748112,0.,15,-99999,-99999.,-99999.,-99999.,-99999.,-99999.,-99999.
107321,7465735,42.225232,-8.748108,0.,15,-99999,-99999.,-99999.,-99999.,-99999.,-99999.,-99999.
107321,7466655,42.22525,-8.748142,0.,15,-99999,-99999.,-99999.,-99999.,-99999.,-99999.,-99999.
107321,7467587,42.225193,-8.748138,0.,15,-99999,-99999.,-99999.,-99999.,-99999.,-99999.,-99999.
107321,7468527,42.225242,-8.748167,0.,15,-99999,-99999.,-99999.,-99999.,-99999.,-99999.,-99999.
107321,7469477,42.22523,-8.74812,0.,15,-99999,-99999.,-99999.,-99999.,-99999.,-99999.,-99999.
107321,7470385,42.225238,-8.74814,0.,15,-99999,-99999.,-99999.,-99999.,-99999.,-99999.,-99999.
107321,7471333,42.225248,-8.748152,0.,15,-99999,-99999.,-99999.,-99999.,-99999.,-99999.,-99999.
107321,7472245,42.22522,-8.748142,0.,15,-99999,-99999.,-99999.,-99999.,-99999.,-99999.,-99999.
107321,7473237,42.225225,-8.748148,0.,15,-99999,-99999.,-99999.,-99999.,-99999.,-99999.,-99999.
107321,7474145,42.22523,-8.748172,0.,15,-99999,-99999.,-99999.,-99999.,-99999.,-99999.,-99999.
107321,7475145,42.225227,-8.748153,0.,15,-99999,-99999.,-99999.,-99999.,-99999.,-99999.,-99999.
107321,7476057,42.225203,-8.748168,0.,15,-99999,-99999.,-99999.,-99999.,-99999.,-99999.,-99999.
107321,7477029,42.225157,-8.748173,0.,15,-99999,-99999.,-99999.,-99999.,-99999.,-99999.,-99999.
107321,7477993,42.225193,-8.748157,0.,15,-99999,-99999.,-99999.,-99999.,-99999.,-99999.,-99999.
107321,7478945,42.225195,-8.748137,0.,15,-99999,-99999.,-99999.,-99999.,-99999.,-99999.,-99999.
107321,7479846,42.225222,-8.748152,0.,15,-99999,-99999.,-99999.,-99999.,-99999.,-99999.,-99999.
107321,7480807,42.22523,-8.748152,0.,15,-99999,-99999.,-99999.,-99999.,-99999.,-99999.,-99999.
107321,7481736,42.225242,-8.748178,0.,15,-99999,-99999.,-99999.,-99999.,-99999.,-99999.,-99999.
107321,7482669,42.225188,-8.748182,0.,15,-99999,-99999.,-99999.,-99999.,-99999.,-99999.,-99999.
107321,7483570,42.225208,-8.748158,0.,15,-99999,-99999.,-99999.,-99999.,-99999.,-99999.,-99999.
107321,7484487,42.225207,-8.748128,0.,15,-99999,-99999.,-99999.,-99999.,-99999.,-99999.,-99999.
107321,7485436,42.225207,-8.748165,0.,15,-99999,-99999.,-99999.,-99999.,-99999.,-99999.,-99999.
107321,7486428,42.225225,-8.748165,0.,15,-99999,-99999.,-99999.,-99999.,-99999.,-99999.,-99999.
107321,7487346,42.225193,-8.748168,0.,15,-99999,-99999.,-99999.,-99999.,-99999.,-99999.,-99999.
107321,7487857,42.225222,-8.748178,0.,15,-99999,-99999.,-99999.,-99999.,-99999.,-99999.,-99999.
107321,7488277,42.22522,-8.74816,0.,15,-99999,-99999.,-99999.,-99999.,-99999.,-99999.,-99999.
107321,7489194,42.225185,-8.748175,0.,15,-99999,-99999.,-99999.,-99999.,-99999.,-99999.,-99999.
107321,7489246,42.225215,-8.748155,0.,15,-99999,-99999.,-99999.,-99999.,-99999.,-99999.,-99999.
107321,7490204,42.225225,-8.748173,0.,15,-99999,-99999.,-99999.,-99999.,-99999.,-99999.,-99999.
107321,7490256,42.225205,-8.748173,0.,15,-99999,-99999.,-99999.,-99999.,-99999.,-99999.,-99999.
107321,7491176,42.225235,-8.748175,0.,15,-99999,-99999.,-99999.,-99999.,-99999.,-99999.,-99999.
107321,7491993,42.225228,-8.748157,0.,15,-99999,-99999.,-99999.,-99999.,-99999.,-99999.,-99999.
107321,7492148,42.225238,-8.748175,0.,15,-99999,-99999.,-99999.,-99999.,-99999.,-99999.,-99999.
107321,7493104,42.225245,-8.748185,0.,15,-99999,-99999.,-99999.,-99999.,-99999.,-99999.,-99999.
107321,7494005,42.225232,-8.748207,0.,15,-99999,-99999.,-99999.,-99999.,-99999.,-99999.,-99999.
107321,7494906,42.225225,-8.748192,0.,15,-99999,-99999.,-99999.,-99999.,-99999.,-99999.,-99999.
107321,7495098,42.225227,-8.748195,0.,15,-99999,-99999.,-99999.,-99999.,-99999.,-99999.,-99999.
107321,7495828,42.225207,-8.748197,0.,15,-99999,-99999.,-99999.,-99999.,-99999.,-99999.,-99999.
107321,7496096,42.225168,-8.748173,0.,15,-99999,-99999.,-99999.,-99999.,-99999.,-99999.,-99999.
107321,7496796,42.225215,-8.74818,0.,15,-99999,-99999.,-99999.,-99999.,-99999.,-99999.,-99999.
107321,7497716,42.225245,-8.748172,0.,15,-99999,-99999.,-99999.,-99999.,-99999.,-99999.,-99999.
107321,7497956,42.225192,-8.748163,0.,15,-99999,-99999.,-99999.,-99999.,-99999.,-99999.,-99999.
107321,7498705,42.225207,-8.74818,0.,15,-99999,-99999.,-99999.,-99999.,-99999.,-99999.,-99999.
107321,7499294,42.225192,-8.748172,0.,15,-99999,-99999.,-99999.,-99999.,-99999.,-99999.,-99999.
107321,7499666,42.225172,-8.748157,0.,15,-99999,-99999.,-99999.,-99999.,-99999.,-99999.,-99999.
107321,7500417,42.225235,-8.748132,0.,15,-99999,-99999.,-99999.,-99999.,-99999.,-99999.,-99999.
107321,7500618,42.225185,-8.748138,0.,15,-99999,-99999.,-99999.,-99999.,-99999.,-99999.,-99999.
107321,7501555,42.225125,-8.748167,0.,15,-99999,-99999.,-99999.,-99999.,-99999.,-99999.,-99999.
107321,7501587,42.22516,-8.74819,0.,15,-99999,-99999.,-99999.,-99999.,-99999.,-99999.,-99999.
107321,7502538,42.225178,-8.748165,0.,15,-99999,-99999.,-99999.,-99999.,-99999.,-99999.,-99999.
107321,7502974,42.225212,-8.748122,0.,15,-99999,-99999.,-99999.,-99999.,-99999.,-99999.,-99999.
107321,7503486,42.225165,-8.748155,0.,15,-99999,-99999.,-99999.,-99999.,-99999.,-99999.,-99999.
107321,7503995,42.225178,-8.74812,0.,15,-99999,-99999.,-99999.,-99999.,-99999.,-99999.,-99999.
107321,7504443,42.22523,-8.748143,0.,15,-99999,-99999.,-99999.,-99999.,-99999.,-99999.,-99999.
107321,7505387,42.225212,-8.748162,0.,15,-99999,-99999.,-99999.,-99999.,-99999.,-99999.,-99999.
107321,7505735,42.225233,-8.748177,0.,15,-99999,-99999.,-99999.,-99999.,-99999.,-99999.,-99999.
107321,7506375,42.225212,-8.748175,0.,15,-99999,-99999.,-99999.,-99999.,-99999.,-99999.,-99999.
107321,7506675,42.225213,-8.748153,0.,15,-99999,-99999.,-99999.,-99999.,-99999.,-99999.,-99999.
107321,7507416,42.225173,-8.748115,0.,15,-99999,-99999.,-99999.,-99999.,-99999.,-99999.,-99999.
107321,7508357,42.225217,-8.748128,0.,15,-99999,-99999.,-99999.,-99999.,-99999.,-99999.,-99999.
107321,7508417,42.225213,-8.748137,0.,15,-99999,-99999.,-99999.,-99999.,-99999.,-99999.,-99999.
107321,7509438,42.225185,-8.748148,0.,15,-99999,-99999.,-99999.,-99999.,-99999.,-99999.,-99999.
107321,7509815,42.225215,-8.748178,0.,15,-99999,-99999.,-99999.,-99999.,-99999.,-99999.,-99999.
107321,7510383,42.225188,-8.748145,0.,15,-99999,-99999.,-99999.,-99999.,-99999.,-99999.,-99999.
107321,7510974,42.22519,-8.748142,0.,15,-99999,-99999.,-99999.,-99999.,-99999.,-99999.,-99999.
107321,7511374,42.225163,-8.74816,0.,15,-99999,-99999.,-99999.,-99999.,-99999.,-99999.,-99999.
107321,7512346,42.225182,-8.748158,0.,15,-99999,-99999.,-99999.,-99999.,-99999.,-99999.,-99999.
107321,7512579,42.22519,-8.748152,0.,15,-99999,-99999.,-99999.,-99999.,-99999.,-99999.,-99999.
107321,7513287,42.225183,-8.74814,0.,15,-99999,-99999.,-99999.,-99999.,-99999.,-99999.,-99999.
107321,7513655,42.225215,-8.748105,0.,15,-99999,-99999.,-99999.,-99999.,-99999.,-99999.,-99999.
107321,7514247,42.225212,-8.748157,0.,15,-99999,-99999.,-99999.,-99999.,-99999.,-99999.,-99999.
107321,7514575,42.225233,-8.748112,0.,15,-99999,-99999.,-99999.,-99999.,-99999.,-99999.,-99999.
107321,7515223,42.22518,-8.748152,0.,15,-99999,-99999.,-99999.,-99999.,-99999.,-99999.,-99999.
107321,7516134,42.225188,-8.748125,0.,15,-99999,-99999.,-99999.,-99999.,-99999.,-99999.,-99999.
107321,7516246,42.225203,-8.748135,0.,15,-99999,-99999.,-99999.,-99999.,-99999.,-99999.,-99999.
107321,7517226,42.225182,-8.748158,0.,15,-99999,-99999.,-99999.,-99999.,-99999.,-99999.,-99999.
107321,7518127,42.225203,-8.748152,0.,15,-99999,-99999.,-99999.,-99999.,-99999.,-99999.,-99999.
107321,7519068,42.225195,-8.748175,0.,15,-99999,-99999.,-99999.,-99999.,-99999.,-99999.,-99999.
107321,7520087,42.22521,-8.748157,0.,15,-99999,-99999.,-99999.,-99999.,-99999.,-99999.,-99999.
107321,7520715,42.225188,-8.748135,0.,15,-99999,-99999.,-99999.,-99999.,-99999.,-99999.,-99999.
107321,7521003,42.225213,-8.7481,0.,15,-99999,-99999.,-99999.,-99999.,-99999.,-99999.,-99999.
107321,7521968,42.22519,-8.748168,0.,15,-99999,-99999.,-99999.,-99999.,-99999.,-99999.,-99999.
107321,7522984,42.225277,-8.748125,0.,15,-99999,-99999.,-99999.,-99999.,-99999.,-99999.,-99999.
107321,7524028,42.225195,-8.74816,0.,15,-99999,-99999.,-99999.,-99999.,-99999.,-99999.,-99999.
107321,7524961,42.225183,-8.748173,0.,15,-99999,-99999.,-99999.,-99999.,-99999.,-99999.,-99999.
107321,7525865,42.225225,-8.74816,0.,15,-99999,-99999.,-99999.,-99999.,-99999.,-99999.,-99999.
107321,7526766,42.225225,-8.748152,0.,15,-99999,-99999.,-99999.,-99999.,-99999.,-99999.,-99999.
107321,7527777,42.225193,-8.74814,0.,15,-99999,-99999.,-99999.,-99999.,-99999.,-99999.,-99999.
107321,7528725,42.225197,-8.748128,0.,15,-99999,-99999.,-99999.,-99999.,-99999.,-99999.,-99999.
107321,7529626,42.225168,-8.748103,0.,15,-99999,-99999.,-99999.,-99999.,-99999.,-99999.,-99999.
107321,7530550,42.225218,-8.748095,0.,15,-99999,-99999.,-99999.,-99999.,-99999.,-99999.,-99999.
107321,7531514,42.225268,-8.748123,0.,15,-99999,-99999.,-99999.,-99999.,-99999.,-99999.,-99999.
107321,7532545,42.22521,-8.748163,0.,15,-99999,-99999.,-99999.,-99999.,-99999.,-99999.,-99999.
107321,7533466,42.225195,-8.748168,0.,15,-99999,-99999.,-99999.,-99999.,-99999.,-99999.,-99999.
107321,7534435,42.225217,-8.748145,0.,15,-99999,-99999.,-99999.,-99999.,-99999.,-99999.,-99999.
107321,7535366,42.225193,-8.74815,0.,15,-99999,-99999.,-99999.,-99999.,-99999.,-99999.,-99999.
107321,7536311,42.225202,-8.74812,0.,15,-99999,-99999.,-99999.,-99999.,-99999.,-99999.,-99999.
107321,7537213,42.225177,-8.74816,0.,15,-99999,-99999.,-99999.,-99999.,-99999.,-99999.,-99999.
107321,7538149,42.22518,-8.748152,0.,15,-99999,-99999.,-99999.,-99999.,-99999.,-99999.,-99999.
107321,7539165,42.225183,-8.748125,0.,15,-99999,-99999.,-99999.,-99999.,-99999.,-99999.,-99999.
107321,7540093,42.22522,-8.748135,0.,15,-99999,-99999.,-99999.,-99999.,-99999.,-99999.,-99999.
107321,7541025,42.225198,-8.748132,0.,15,-99999,-99999.,-99999.,-99999.,-99999.,-99999.,-99999.
107321,7542026,42.225217,-8.748093,0.,15,-99999,-99999.,-99999.,-99999.,-99999.,-99999.,-99999.
107321,7542975,42.225212,-8.748123,0.,15,-99999,-99999.,-99999.,-99999.,-99999.,-99999.,-99999.
107321,7543984,42.225208,-8.74812,0.,15,-99999,-99999.,-99999.,-99999.,-99999.,-99999.,-99999.
107321,7544928,42.22521,-8.748137,0.,15,-99999,-99999.,-99999.,-99999.,-99999.,-99999.,-99999.
107321,7545864,42.225195,-8.748145,0.,15,-99999,-99999.,-99999.,-99999.,-99999.,-99999.,-99999.
107321,7546828,42.225192,-8.74813,0.,15,-99999,-99999.,-99999.,-99999.,-99999.,-99999.,-99999.
107321,7547828,42.225202,-8.748145,0.,15,-99999,-99999.,-99999.,-99999.,-99999.,-99999.,-99999.
107321,7548732,42.225153,-8.74815,0.,15,-99999,-99999.,-99999.,-99999.,-99999.,-99999.,-99999.
107321,7549764,42.225247,-8.748148,0.,15,-99999,-99999.,-99999.,-99999.,-99999.,-99999.,-99999.
107321,7550685,42.22523,-8.748105,0.,15,-99999,-99999.,-99999.,-99999.,-99999.,-99999.,-99999.
107321,7551654,42.225242,-8.748133,0.,15,-99999,-99999.,-99999.,-99999.,-99999.,-99999.,-99999.
107321,7552555,42.225255,-8.748128,0.,15,-99999,-99999.,-99999.,-99999.,-99999.,-99999.,-99999.
107321,7553575,42.225257,-8.748105,0.,15,-99999,-99999.,-99999.,-99999.,-99999.,-99999.,-99999.
107321,7554492,42.22526,-8.748152,0.,15,-99999,-99999.,-99999.,-99999.,-99999.,-99999.,-99999.
107321,7555434,42.225235,-8.748122,0.,15,-99999,-99999.,-99999.,-99999.,-99999.,-99999.,-99999.
107321,7556469,42.225238,-8.748147,0.,15,-99999,-99999.,-99999.,-99999.,-99999.,-99999.,-99999.
107321,7557370,42.225262,-8.748133,0.,15,-99999,-99999.,-99999.,-99999.,-99999.,-99999.,-99999.
107321,7558311,42.225247,-8.748185,0.,15,-99999,-99999.,-99999.,-99999.,-99999.,-99999.,-99999.
107321,7559333,42.22522,-8.748162,0.,15,-99999,-99999.,-99999.,-99999.,-99999.,-99999.,-99999.
107321,7560252,42.2252,-8.74811,0.,15,-99999,-99999.,-99999.,-99999.,-99999.,-99999.,-99999.
107321,7561275,42.2252,-8.748145,0.,15,-99999,-99999.,-99999.,-99999.,-99999.,-99999.,-99999.
107321,7562295,42.225208,-8.74818,0.,15,-99999,-99999.,-99999.,-99999.,-99999.,-99999.,-99999.
107321,7563310,42.225185,-8.748188,0.,15,-99999,-99999.,-99999.,-99999.,-99999.,-99999.,-99999.
107321,7564335,42.225198,-8.748147,0.,15,-99999,-99999.,-99999.,-99999.,-99999.,-99999.,-99999.
107321,7565287,42.225197,-8.748128,0.,15,-99999,-99999.,-99999.,-99999.,-99999.,-99999.,-99999.
107321,7566195,42.22522,-8.748155,0.,15,-99999,-99999.,-99999.,-99999.,-99999.,-99999.,-99999.
107321,7567216,42.22521,-8.748155,0.,15,-99999,-99999.,-99999.,-99999.,-99999.,-99999.,-99999.
107321,7568136,42.225233,-8.748133,0.,15,-99999,-99999.,-99999.,-99999.,-99999.,-99999.,-99999.
107321,7569053,42.225213,-8.748138,0.,15,-99999,-99999.,-99999.,-99999.,-99999.,-99999.,-99999.
107321,7570013,42.225232,-8.74816,0.,15,-99999,-99999.,-99999.,-99999.,-99999.,-99999.,-99999.
107321,7570946,42.225188,-8.748107,0.,15,-99999,-99999.,-99999.,-99999.,-99999.,-99999.,-99999.
107321,7571914,42.225207,-8.748155,0.,15,-99999,-99999.,-99999.,-99999.,-99999.,-99999.,-99999.
107321,7572855,42.22521,-8.74815,0.,15,-99999,-99999.,-99999.,-99999.,-99999.,-99999.,-99999.
107321,7573854,42.225223,-8.7482,0.,15,-99999,-99999.,-99999.,-99999.,-99999.,-99999.,-99999.
107321,7574827,42.225237,-8.748173,0.,15,-99999,-99999.,-99999.,-99999.,-99999.,-99999.,-99999.
107321,7575783,42.22526,-8.748145,0.,15,-99999,-99999.,-99999.,-99999.,-99999.,-99999.,-99999.
107321,7576773,42.225263,-8.748182,0.,15,-99999,-99999.,-99999.,-99999.,-99999.,-99999.,-99999.
107321,7577705,42.2252,-8.748163,0.,15,-99999,-99999.,-99999.,-99999.,-99999.,-99999.,-99999.
107321,7578606,42.225218,-8.748178,0.,15,-99999,-99999.,-99999.,-99999.,-99999.,-99999.,-99999.
107321,7579606,42.225245,-8.748205,0.,15,-99999,-99999.,-99999.,-99999.,-99999.,-99999.,-99999.
107321,7580554,42.225277,-8.748182,0.,15,-99999,-99999.,-99999.,-99999.,-99999.,-99999.,-99999.
107321,7581485,42.225242,-8.748197,0.,15,-99999,-99999.,-99999.,-99999.,-99999.,-99999.,-99999.
107321,7582496,42.225197,-8.748167,0.,15,-99999,-99999.,-99999.,-99999.,-99999.,-99999.,-99999.
107321,7583425,42.225165,-8.74819,0.,15,-99999,-99999.,-99999.,-99999.,-99999.,-99999.,-99999.
107321,7584362,42.225183,-8.748125,0.,15,-99999,-99999.,-99999.,-99999.,-99999.,-99999.,-99999.
107321,7585263,42.225208,-8.748188,0.,15,-99999,-99999.,-99999.,-99999.,-99999.,-99999.,-99999.
107321,7586168,42.225183,-8.748168,0.,15,-99999,-99999.,-99999.,-99999.,-99999.,-99999.,-99999.
107321,7587243,42.225193,-8.748177,0.,15,-99999,-99999.,-99999.,-99999.,-99999.,-99999.,-99999.
107321,7588167,42.225153,-8.748183,0.,15,-99999,-99999.,-99999.,-99999.,-99999.,-99999.,-99999.
107321,7589071,42.225178,-8.748143,0.,15,-99999,-99999.,-99999.,-99999.,-99999.,-99999.,-99999.
107321,7590043,42.225225,-8.748163,0.,15,-99999,-99999.,-99999.,-99999.,-99999.,-99999.,-99999.
107321,7591023,42.225163,-8.748145,0.,15,-99999,-99999.,-99999.,-99999.,-99999.,-99999.,-99999.
107321,7592027,42.225205,-8.748193,0.,15,-99999,-99999.,-99999.,-99999.,-99999.,-99999.,-99999.
107321,7592941,42.225182,-8.748153,0.,15,-99999,-99999.,-99999.,-99999.,-99999.,-99999.,-99999.
107321,7593881,42.225197,-8.748132,0.,15,-99999,-99999.,-99999.,-99999.,-99999.,-99999.,-99999.
107321,7594803,42.225198,-8.748123,0.,15,-99999,-99999.,-99999.,-99999.,-99999.,-99999.,-99999.
107321,7595836,42.225197,-8.748155,0.,15,-99999,-99999.,-99999.,-99999.,-99999.,-99999.,-99999.
107321,7596755,42.225205,-8.748155,0.,15,-99999,-99999.,-99999.,-99999.,-99999.,-99999.,-99999.
107321,7597680,42.225172,-8.748157,0.,15,-99999,-99999.,-99999.,-99999.,-99999.,-99999.,-99999.
107321,7598604,42.225172,-8.748157,0.,15,-99999,-99999.,-99999.,-99999.,-99999.,-99999.,-99999.
107321,7599604,42.225215,-8.74814,0.,15,-99999,-99999.,-99999.,-99999.,-99999.,-99999.,-99999.
107321,7600545,42.225195,-8.748142,0.,15,-99999,-99999.,-99999.,-99999.,-99999.,-99999.,-99999.
107321,7601477,42.225168,-8.748152,0.,15,-99999,-99999.,-99999.,-99999.,-99999.,-99999.,-99999.
107321,7602424,42.225195,-8.74815,0.,15,-99999,-99999.,-99999.,-99999.,-99999.,-99999.,-99999.
107321,7603441,42.225202,-8.748175,0.,15,-99999,-99999.,-99999.,-99999.,-99999.,-99999.,-99999.
107321,7604342,42.225205,-8.748142,0.,15,-99999,-99999.,-99999.,-99999.,-99999.,-99999.,-99999.
107321,7605243,42.22521,-8.748152,0.,15,-99999,-99999.,-99999.,-99999.,-99999.,-99999.,-99999.
107321,7606223,42.225228,-8.748162,0.,15,-99999,-99999.,-99999.,-99999.,-99999.,-99999.,-99999.
107321,7607175,42.22523,-8.74816,0.,15,-99999,-99999.,-99999.,-99999.,-99999.,-99999.,-99999.
107321,7608187,42.22521,-8.748178,0.,15,-99999,-99999.,-99999.,-99999.,-99999.,-99999.,-99999.
107321,7609144,42.22525,-8.748175,0.,15,-99999,-99999.,-99999.,-99999.,-99999.,-99999.,-99999.
107321,7610104,42.225222,-8.748185,0.,15,-99999,-99999.,-99999.,-99999.,-99999.,-99999.,-99999.
107321,7611104,42.225193,-8.748165,0.,15,-99999,-99999.,-99999.,-99999.,-99999.,-99999.,-99999.
107321,7612085,42.225208,-8.748155,0.,15,-99999,-99999.,-99999.,-99999.,-99999.,-99999.,-99999.
107321,7613086,42.225192,-8.748153,0.,15,-99999,-99999.,-99999.,-99999.,-99999.,-99999.,-99999.
107321,7614063,42.22517,-8.748135,0.,15,-99999,-99999.,-99999.,-99999.,-99999.,-99999.,-99999.
107321,7614994,42.22519,-8.748118,0.,15,-99999,-99999.,-99999.,-99999.,-99999.,-99999.,-99999.
107321,7615903,42.225207,-8.748128,0.,15,-99999,-99999.,-99999.,-99999.,-99999.,-99999.,-99999.
107321,7616855,42.22517,-8.748137,0.,15,-99999,-99999.,-99999.,-99999.,-99999.,-99999.,-99999.
107321,7617845,42.225195,-8.748135,0.,15,-99999,-99999.,-99999.,-99999.,-99999.,-99999.,-99999.
107321,7618845,42.225193,-8.748155,0.,15,-99999,-99999.,-99999.,-99999.,-99999.,-99999.,-99999.
107321,7619794,42.225198,-8.748148,0.,15,-99999,-99999.,-99999.,-99999.,-99999.,-99999.,-99999.
107321,7620727,42.225203,-8.748118,0.,15,-99999,-99999.,-99999.,-99999.,-99999.,-99999.,-99999.
107321,7621642,42.225213,-8.748133,0.,15,-99999,-99999.,-99999.,-99999.,-99999.,-99999.,-99999.
107321,7622710,42.225225,-8.748147,0.,15,-99999,-99999.,-99999.,-99999.,-99999.,-99999.,-99999.
107321,7623635,42.225188,-8.74814,0.,15,-99999,-99999.,-99999.,-99999.,-99999.,-99999.,-99999.
107321,7624613,42.225185,-8.748145,0.,15,-99999,-99999.,-99999.,-99999.,-99999.,-99999.,-99999.
107321,7625588,42.225197,-8.748122,0.,15,-99999,-99999.,-99999.,-99999.,-99999.,-99999.,-99999.
107321,7626512,42.225197,-8.74815,0.,15,-99999,-99999.,-99999.,-99999.,-99999.,-99999.,-99999.
107321,7627474,42.225203,-8.748118,0.,15,-99999,-99999.,-99999.,-99999.,-99999.,-99999.,-99999.
107321,7628443,42.225227,-8.748085,0.,15,-99999,-99999.,-99999.,-99999.,-99999.,-99999.,-99999.
107321,7629452,42.22521,-8.74813,0.,15,-99999,-99999.,-99999.,-99999.,-99999.,-99999.,-99999.
107321,7630436,42.22521,-8.74812,0.,15,-99999,-99999.,-99999.,-99999.,-99999.,-99999.,-99999.
107321,7631349,42.225225,-8.748152,0.,15,-99999,-99999.,-99999.,-99999.,-99999.,-99999.,-99999.
107321,7632353,42.225223,-8.748123,0.,15,-99999,-99999.,-99999.,-99999.,-99999.,-99999.,-99999.
107321,7633330,42.22519,-8.74812,0.,15,-99999,-99999.,-99999.,-99999.,-99999.,-99999.,-99999.
107321,7634232,42.225212,-8.748125,0.,15,-99999,-99999.,-99999.,-99999.,-99999.,-99999.,-99999.
107321,7635235,42.22525,-8.748133,0.,15,-99999,-99999.,-99999.,-99999.,-99999.,-99999.,-99999.
107321,7636209,42.225218,-8.748143,0.,15,-99999,-99999.,-99999.,-99999.,-99999.,-99999.,-99999.
107321,7637206,42.225235,-8.748152,0.,15,-99999,-99999.,-99999.,-99999.,-99999.,-99999.,-99999.
107321,7638162,42.225255,-8.748162,0.,15,-99999,-99999.,-99999.,-99999.,-99999.,-99999.,-99999.
107321,7639090,42.225237,-8.748153,0.,15,-99999,-99999.,-99999.,-99999.,-99999.,-99999.,-99999.
107321,7640102,42.225233,-8.748153,0.,15,-99999,-99999.,-99999.,-99999.,-99999.,-99999.,-99999.
107321,7641070,42.225225,-8.748145,0.,15,-99999,-99999.,-99999.,-99999.,-99999.,-99999.,-99999.
107321,7642083,42.225238,-8.74819,0.,15,-99999,-99999.,-99999.,-99999.,-99999.,-99999.,-99999.
107321,7643050,42.22524,-8.748132,0.,15,-99999,-99999.,-99999.,-99999.,-99999.,-99999.,-99999.
107321,7643975,42.225225,-8.74817,0.,15,-99999,-99999.,-99999.,-99999.,-99999.,-99999.,-99999.
107321,7644956,42.225202,-8.748135,0.,15,-99999,-99999.,-99999.,-99999.,-99999.,-99999.,-99999.
107321,7645928,42.22522,-8.748165,0.,15,-99999,-99999.,-99999.,-99999.,-99999.,-99999.,-99999.
107321,7646903,42.225225,-8.748145,0.,15,-99999,-99999.,-99999.,-99999.,-99999.,-99999.,-99999.
107321,7647903,42.225182,-8.748148,0.,15,-99999,-99999.,-99999.,-99999.,-99999.,-99999.,-99999.
107321,7648892,42.22521,-8.748155,0.,15,-99999,-99999.,-99999.,-99999.,-99999.,-99999.,-99999.
107321,7649874,42.225212,-8.74814,0.,15,-99999,-99999.,-99999.,-99999.,-99999.,-99999.,-99999.
107321,7650783,42.225208,-8.74817,0.,15,-99999,-99999.,-99999.,-99999.,-99999.,-99999.,-99999.
107321,7651775,42.225187,-8.748167,0.,15,-99999,-99999.,-99999.,-99999.,-99999.,-99999.,-99999.
107321,7652735,42.2252,-8.748133,0.,15,-99999,-99999.,-99999.,-99999.,-99999.,-99999.,-99999.
107321,7653716,42.22521,-8.748142,0.,15,-99999,-99999.,-99999.,-99999.,-99999.,-99999.,-99999.
107321,7654714,42.225198,-8.748158,0.,15,-99999,-99999.,-99999.,-99999.,-99999.,-99999.,-99999.
107321,7655641,42.225212,-8.748175,0.,15,-99999,-99999.,-99999.,-99999.,-99999.,-99999.,-99999.
107321,7656542,42.225192,-8.748157,0.,15,-99999,-99999.,-99999.,-99999.,-99999.,-99999.,-99999.
107321,7657614,42.225253,-8.748168,0.,15,-99999,-99999.,-99999.,-99999.,-99999.,-99999.,-99999.
107321,7658523,42.225217,-8.748127,0.,15,-99999,-99999.,-99999.,-99999.,-99999.,-99999.,-99999.
107321,7659435,42.225225,-8.748147,0.,15,-99999,-99999.,-99999.,-99999.,-99999.,-99999.,-99999.
107321,7660374,42.225218,-8.748167,0.,15,-99999,-99999.,-99999.,-99999.,-99999.,-99999.,-99999.
107321,7661332,42.225225,-8.74817,0.,15,-99999,-99999.,-99999.,-99999.,-99999.,-99999.,-99999.
107321,7662256,42.225223,-8.748173,0.,15,-99999,-99999.,-99999.,-99999.,-99999.,-99999.,-99999.
107321,7663192,42.225247,-8.748138,0.,15,-99999,-99999.,-99999.,-99999.,-99999.,-99999.,-99999.
107321,7664112,42.22522,-8.748157,0.,15,-99999,-99999.,-99999.,-99999.,-99999.,-99999.,-99999.
107321,7665112,42.22525,-8.748187,0.,15,-99999,-99999.,-99999.,-99999.,-99999.,-99999.,-99999.
107321,7666053,42.22524,-8.748165,0.,15,-99999,-99999.,-99999.,-99999.,-99999.,-99999.,-99999.
107321,7667051,42.225232,-8.74819,0.,15,-99999,-99999.,-99999.,-99999.,-99999.,-99999.,-99999.
107321,7668066,42.225222,-8.748193,0.,15,-99999,-99999.,-99999.,-99999.,-99999.,-99999.,-99999.
107321,7668967,42.225188,-8.748162,0.,15,-99999,-99999.,-99999.,-99999.,-99999.,-99999.,-99999.
107321,7670045,42.225195,-8.74818,0.,15,-99999,-99999.,-99999.,-99999.,-99999.,-99999.,-99999.
107321,7671073,42.225197,-8.748187,0.,15,-99999,-99999.,-99999.,-99999.,-99999.,-99999.,-99999.
107321,7672026,42.225192,-8.748188,0.,15,-99999,-99999.,-99999.,-99999.,-99999.,-99999.,-99999.
107321,7701488,42.225207,-8.748115,0.2,15,-99999,-99999.,-99999.,-99999.,-99999.,-99999.,-99999.
107321,7702450,42.22518,-8.748125,0.,15,-99999,-99999.,-99999.,-99999.,-99999.,-99999.,-99999.
107321,7703428,42.22517,-8.748158,0.,15,-99999,-99999.,-99999.,-99999.,-99999.,-99999.,-99999.
107321,7704330,42.225193,-8.748168,0.,15,-99999,-99999.,-99999.,-99999.,-99999.,-99999.,-99999.
107321,7705250,42.22518,-8.74818,0.,15,-99999,-99999.,-99999.,-99999.,-99999.,-99999.,-99999.
107321,7706247,42.225197,-8.748153,0.,15,-99999,-99999.,-99999.,-99999.,-99999.,-99999.,-99999.
107321,7707188,42.225185,-8.748155,0.,15,-99999,-99999.,-99999.,-99999.,-99999.,-99999.,-99999.
107321,7708170,42.225233,-8.748155,0.,15,-99999,-99999.,-99999.,-99999.,-99999.,-99999.,-99999.
107321,7709110,42.225173,-8.748208,0.,15,-99999,-99999.,-99999.,-99999.,-99999.,-99999.,-99999.
107321,7710109,42.225213,-8.748132,0.,15,-99999,-99999.,-99999.,-99999.,-99999.,-99999.,-99999.
107321,7711109,42.22521,-8.748128,0.,15,-99999,-99999.,-99999.,-99999.,-99999.,-99999.,-99999.
107321,7712129,42.225208,-8.74813,0.,15,-99999,-99999.,-99999.,-99999.,-99999.,-99999.,-99999.
107321,7713071,42.22522,-8.748108,0.,15,-99999,-99999.,-99999.,-99999.,-99999.,-99999.,-99999.
107321,7713995,42.225203,-8.74812,0.,15,-99999,-99999.,-99999.,-99999.,-99999.,-99999.,-99999.
107321,7714957,42.225212,-8.748135,0.,15,-99999,-99999.,-99999.,-99999.,-99999.,-99999.,-99999.
107321,7715930,42.225222,-8.748132,0.,15,-99999,-99999.,-99999.,-99999.,-99999.,-99999.,-99999.
107321,7716851,42.225165,-8.748113,0.,15,-99999,-99999.,-99999.,-99999.,-99999.,-99999.,-99999.
107321,7717849,42.225188,-8.748147,0.,15,-99999,-99999.,-99999.,-99999.,-99999.,-99999.,-99999.
107321,7718849,42.225185,-8.748147,0.,15,-99999,-99999.,-99999.,-99999.,-99999.,-99999.,-99999.
107321,7719809,42.225212,-8.748128,0.,15,-99999,-99999.,-99999.,-99999.,-99999.,-99999.,-99999.
107321,7720757,42.225188,-8.748128,0.,15,-99999,-99999.,-99999.,-99999.,-99999.,-99999.,-99999.
107321,7721730,42.225245,-8.748118,0.,15,-99999,-99999.,-99999.,-99999.,-99999.,-99999.,-99999.
107321,7722689,42.225233,-8.74817,0.,15,-99999,-99999.,-99999.,-99999.,-99999.,-99999.,-99999.
107321,7723650,42.225222,-8.74815,0.,15,-99999,-99999.,-99999.,-99999.,-99999.,-99999.,-99999.
107321,7724591,42.225237,-8.748137,0.,15,-99999,-99999.,-99999.,-99999.,-99999.,-99999.,-99999.
107321,7725529,42.22524,-8.748123,0.,15,-99999,-99999.,-99999.,-99999.,-99999.,-99999.,-99999.
107321,7726528,42.225243,-8.748135,0.,15,-99999,-99999.,-99999.,-99999.,-99999.,-99999.,-99999.
107321,7727468,42.22524,-8.748117,0.,15,-99999,-99999.,-99999.,-99999.,-99999.,-99999.,-99999.
107321,7728548,42.225238,-8.74817,0.,15,-99999,-99999.,-99999.,-99999.,-99999.,-99999.,-99999.
107321,7729569,42.225252,-8.748165,0.,15,-99999,-99999.,-99999.,-99999.,-99999.,-99999.,-99999.
107321,7730570,42.225212,-8.748183,0.,15,-99999,-99999.,-99999.,-99999.,-99999.,-99999.,-99999.
107321,7731570,42.225202,-8.748175,0.,15,-99999,-99999.,-99999.,-99999.,-99999.,-99999.,-99999.
107321,7732506,42.225205,-8.748113,0.,15,-99999,-99999.,-99999.,-99999.,-99999.,-99999.,-99999.
107321,7733518,42.225213,-8.748147,0.,15,-99999,-99999.,-99999.,-99999.,-99999.,-99999.,-99999.
107321,7734419,42.225193,-8.748177,0.,15,-99999,-99999.,-99999.,-99999.,-99999.,-99999.,-99999.
107321,7735372,42.22518,-8.748162,0.,15,-99999,-99999.,-99999.,-99999.,-99999.,-99999.,-99999.
107321,7736280,42.225212,-8.748168,0.,15,-99999,-99999.,-99999.,-99999.,-99999.,-99999.,-99999.
107321,7737280,42.225213,-8.748163,0.,15,-99999,-99999.,-99999.,-99999.,-99999.,-99999.,-99999.
107321,7738248,42.225213,-8.748162,0.,15,-99999,-99999.,-99999.,-99999.,-99999.,-99999.,-99999.
107321,7739169,42.225225,-8.748147,0.,15,-99999,-99999.,-99999.,-99999.,-99999.,-99999.,-99999.
107321,7740241,42.225205,-8.748152,0.,15,-99999,-99999.,-99999.,-99999.,-99999.,-99999.,-99999.
107321,7741227,42.225218,-8.748152,0.,15,-99999,-99999.,-99999.,-99999.,-99999.,-99999.,-99999.
107321,7742207,42.225185,-8.748172,0.,15,-99999,-99999.,-99999.,-99999.,-99999.,-99999.,-99999.
107321,7743118,42.22522,-8.748168,0.,15,-99999,-99999.,-99999.,-99999.,-99999.,-99999.,-99999.
107321,7744021,42.225238,-8.748147,0.,15,-99999,-99999.,-99999.,-99999.,-99999.,-99999.,-99999.
107321,7744990,42.22522,-8.74811,0.,15,-99999,-99999.,-99999.,-99999.,-99999.,-99999.,-99999.
107321,7745458,42.225218,-8.748125,0.,15,-99999,-99999.,-99999.,-99999.,-99999.,-99999.,-99999.
107321,7746006,42.225247,-8.748172,0.,15,-99999,-99999.,-99999.,-99999.,-99999.,-99999.,-99999.
107321,7747908,42.225307,-8.748085,0.,15,-99999,-99999.,-99999.,-99999.,-99999.,-99999.,-99999.
107321,7748868,42.225227,-8.748152,0.,15,-99999,-99999.,-99999.,-99999.,-99999.,-99999.,-99999.
107321,7749783,42.225215,-8.748167,0.,15,-99999,-99999.,-99999.,-99999.,-99999.,-99999.,-99999.
107321,7750770,42.225223,-8.748193,0.,15,-99999,-99999.,-99999.,-99999.,-99999.,-99999.,-99999.
107321,7751719,42.225227,-8.748172,0.,15,-99999,-99999.,-99999.,-99999.,-99999.,-99999.,-99999.
107321,7752628,42.225233,-8.748172,0.,15,-99999,-99999.,-99999.,-99999.,-99999.,-99999.,-99999.
107321,7753560,42.22524,-8.748188,0.,15,-99999,-99999.,-99999.,-99999.,-99999.,-99999.,-99999.
107321,7754320,42.225208,-8.748223,0.,15,-99999,-99999.,-99999.,-99999.,-99999.,-99999.,-99999.
107321,7754508,42.225198,-8.74818,0.,15,-99999,-99999.,-99999.,-99999.,-99999.,-99999.,-99999.
107321,7755516,42.225218,-8.748192,0.,15,-99999,-99999.,-99999.,-99999.,-99999.,-99999.,-99999.
107321,7756441,42.225178,-8.748195,0.,15,-99999,-99999.,-99999.,-99999.,-99999.,-99999.,-99999.
107321,7757509,42.225185,-8.748198,0.,15,-99999,-99999.,-99999.,-99999.,-99999.,-99999.,-99999.
107321,7757997,42.22517,-8.748175,0.,15,-99999,-99999.,-99999.,-99999.,-99999.,-99999.,-99999.
107321,7758469,42.225172,-8.748167,0.,15,-99999,-99999.,-99999.,-99999.,-99999.,-99999.,-99999.
107321,7759447,42.225173,-8.74819,0.,15,-99999,-99999.,-99999.,-99999.,-99999.,-99999.,-99999.
107321,7759839,42.22516,-8.748165,0.,15,-99999,-99999.,-99999.,-99999.,-99999.,-99999.,-99999.
107321,7760395,42.225177,-8.748187,0.,15,-99999,-99999.,-99999.,-99999.,-99999.,-99999.,-99999.
107321,7761235,42.22517,-8.748163,0.,15,-99999,-99999.,-99999.,-99999.,-99999.,-99999.,-99999.
107321,7761359,42.22516,-8.74816,0.,15,-99999,-99999.,-99999.,-99999.,-99999.,-99999.,-99999.
107321,7762301,42.22518,-8.748157,0.,15,-99999,-99999.,-99999.,-99999.,-99999.,-99999.,-99999.
107321,7763276,42.225197,-8.748175,0.,15,-99999,-99999.,-99999.,-99999.,-99999.,-99999.,-99999.
107321,7763920,42.225228,-8.748175,0.,15,-99999,-99999.,-99999.,-99999.,-99999.,-99999.,-99999.
107321,7764252,42.225232,-8.748167,0.,15,-99999,-99999.,-99999.,-99999.,-99999.,-99999.,-99999.
107321,7765168,42.225215,-8.748165,0.,15,-99999,-99999.,-99999.,-99999.,-99999.,-99999.,-99999.
107321,7766129,42.225243,-8.748123,0.,15,-99999,-99999.,-99999.,-99999.,-99999.,-99999.,-99999.
107321,7767056,42.225228,-8.748142,0.,15,-99999,-99999.,-99999.,-99999.,-99999.,-99999.,-99999.
107321,7767957,42.225213,-8.74816,0.,15,-99999,-99999.,-99999.,-99999.,-99999.,-99999.,-99999.
107321,7768277,42.225203,-8.748155,0.,15,-99999,-99999.,-99999.,-99999.,-99999.,-99999.,-99999.
107321,7768949,42.225198,-8.748127,0.,15,-99999,-99999.,-99999.,-99999.,-99999.,-99999.,-99999.
107321,7769937,42.22519,-8.74818,0.,15,-99999,-99999.,-99999.,-99999.,-99999.,-99999.,-99999.
107321,7769977,42.225202,-8.748142,0.,15,-99999,-99999.,-99999.,-99999.,-99999.,-99999.,-99999.
107321,7770950,42.22519,-8.748165,0.,15,-99999,-99999.,-99999.,-99999.,-99999.,-99999.,-99999.
107321,7771458,42.225232,-8.748175,0.,15,-99999,-99999.,-99999.,-99999.,-99999.,-99999.,-99999.
107321,7771994,42.2252,-8.748123,0.,15,-99999,-99999.,-99999.,-99999.,-99999.,-99999.,-99999.
107321,7772970,42.225202,-8.748185,0.,15,-99999,-99999.,-99999.,-99999.,-99999.,-99999.,-99999.
107321,7774800,42.225188,-8.748153,0.,15,-99999,-99999.,-99999.,-99999.,-99999.,-99999.,-99999.
107321,7775179,42.225223,-8.748157,0.,15,-99999,-99999.,-99999.,-99999.,-99999.,-99999.,-99999.
107321,7775792,42.225218,-8.748155,0.,15,-99999,-99999.,-99999.,-99999.,-99999.,-99999.,-99999.
107321,7776768,42.22519,-8.748155,0.,15,-99999,-99999.,-99999.,-99999.,-99999.,-99999.,-99999.
107321,7777499,42.225213,-8.748165,0.,15,-99999,-99999.,-99999.,-99999.,-99999.,-99999.,-99999.
107321,7777679,42.225228,-8.748153,0.,15,-99999,-99999.,-99999.,-99999.,-99999.,-99999.,-99999.
107321,7778639,42.225222,-8.748132,0.,15,-99999,-99999.,-99999.,-99999.,-99999.,-99999.,-99999.
107321,7778699,42.22521,-8.74813,0.,15,-99999,-99999.,-99999.,-99999.,-99999.,-99999.,-99999.
107321,7779731,42.22521,-8.748147,0.,15,-99999,-99999.,-99999.,-99999.,-99999.,-99999.,-99999.
107321,7780688,42.225197,-8.748137,0.,15,-99999,-99999.,-99999.,-99999.,-99999.,-99999.,-99999.
107321,7781639,42.225215,-8.74814,0.,15,-99999,-99999.,-99999.,-99999.,-99999.,-99999.,-99999.
107321,7782600,42.225185,-8.74817,0.,15,-99999,-99999.,-99999.,-99999.,-99999.,-99999.,-99999.
107321,7783560,42.225193,-8.748153,0.,15,-99999,-99999.,-99999.,-99999.,-99999.,-99999.,-99999.
107321,7784518,42.225178,-8.748137,0.,15,-99999,-99999.,-99999.,-99999.,-99999.,-99999.,-99999.
107321,7785530,42.225202,-8.74813,0.,15,-99999,-99999.,-99999.,-99999.,-99999.,-99999.,-99999.
107321,7786490,42.225165,-8.748093,0.,15,-99999,-99999.,-99999.,-99999.,-99999.,-99999.,-99999.
107321,7788303,42.2252,-8.748147,0.,15,-99999,-99999.,-99999.,-99999.,-99999.,-99999.,-99999.
107321,7789250,42.225255,-8.748158,0.,15,-99999,-99999.,-99999.,-99999.,-99999.,-99999.,-99999.
107321,7790210,42.225182,-8.748143,0.,15,-99999,-99999.,-99999.,-99999.,-99999.,-99999.,-99999.
107321,7791159,42.225195,-8.74815,0.,15,-99999,-99999.,-99999.,-99999.,-99999.,-99999.,-99999.
107321,7792151,42.225182,-8.7482,0.,15,-99999,-99999.,-99999.,-99999.,-99999.,-99999.,-99999.
107321,7793148,42.225185,-8.748158,0.,15,-99999,-99999.,-99999.,-99999.,-99999.,-99999.,-99999.
107321,7794064,42.225208,-8.74814,0.,15,-99999,-99999.,-99999.,-99999.,-99999.,-99999.,-99999.
107321,7795077,42.225202,-8.74815,0.,15,-99999,-99999.,-99999.,-99999.,-99999.,-99999.,-99999.
107321,7795989,42.22519,-8.748165,0.,15,-99999,-99999.,-99999.,-99999.,-99999.,-99999.,-99999.
107321,7796941,42.225175,-8.748138,0.,15,-99999,-99999.,-99999.,-99999.,-99999.,-99999.,-99999.
107321,7797843,42.225202,-8.748175,0.,15,-99999,-99999.,-99999.,-99999.,-99999.,-99999.,-99999.
107321,7798768,42.225185,-8.748113,0.,15,-99999,-99999.,-99999.,-99999.,-99999.,-99999.,-99999.
107321,7799729,42.22522,-8.748115,0.,15,-99999,-99999.,-99999.,-99999.,-99999.,-99999.,-99999.
107321,7800669,42.225223,-8.748097,0.,15,-99999,-99999.,-99999.,-99999.,-99999.,-99999.,-99999.
107321,7801617,42.225232,-8.748105,0.,15,-99999,-99999.,-99999.,-99999.,-99999.,-99999.,-99999.
107321,7802521,42.225197,-8.74812,0.,15,-99999,-99999.,-99999.,-99999.,-99999.,-99999.,-99999.
107321,7803477,42.225195,-8.748103,0.,15,-99999,-99999.,-99999.,-99999.,-99999.,-99999.,-99999.
107321,7804486,42.225232,-8.74814,0.,15,-99999,-99999.,-99999.,-99999.,-99999.,-99999.,-99999.
107321,7805400,42.225212,-8.748133,0.,15,-99999,-99999.,-99999.,-99999.,-99999.,-99999.,-99999.
107321,7807222,42.225283,-8.748148,0.,15,-99999,-99999.,-99999.,-99999.,-99999.,-99999.,-99999.
107321,7808207,42.225198,-8.748157,0.,15,-99999,-99999.,-99999.,-99999.,-99999.,-99999.,-99999.
107321,7809166,42.225252,-8.748118,0.,15,-99999,-99999.,-99999.,-99999.,-99999.,-99999.,-99999.
107321,7810170,42.225248,-8.748153,0.,15,-99999,-99999.,-99999.,-99999.,-99999.,-99999.,-99999.
107321,7811098,42.225253,-8.748135,0.,15,-99999,-99999.,-99999.,-99999.,-99999.,-99999.,-99999.
107321,7812058,42.225235,-8.748132,0.,15,-99999,-99999.,-99999.,-99999.,-99999.,-99999.,-99999.
107321,7813059,42.225255,-8.748155,0.,15,-99999,-99999.,-99999.,-99999.,-99999.,-99999.,-99999.
107321,7813982,42.225242,-8.748117,0.,15,-99999,-99999.,-99999.,-99999.,-99999.,-99999.,-99999.
107321,7814938,42.225238,-8.748152,0.,15,-99999,-99999.,-99999.,-99999.,-99999.,-99999.,-99999.
107321,7815990,42.225242,-8.748153,0.,15,-99999,-99999.,-99999.,-99999.,-99999.,-99999.,-99999.
107321,7816918,42.22523,-8.748187,0.,15,-99999,-99999.,-99999.,-99999.,-99999.,-99999.,-99999.
107321,7817827,42.225208,-8.74817,0.,15,-99999,-99999.,-99999.,-99999.,-99999.,-99999.,-99999.
107321,7818747,42.225223,-8.74816,0.,15,-99999,-99999.,-99999.,-99999.,-99999.,-99999.,-99999.
107321,7819747,42.225232,-8.74818,0.,15,-99999,-99999.,-99999.,-99999.,-99999.,-99999.,-99999.
107321,7820827,42.225202,-8.748133,0.,15,-99999,-99999.,-99999.,-99999.,-99999.,-99999.,-99999.
107321,7821830,42.225208,-8.748208,0.,15,-99999,-99999.,-99999.,-99999.,-99999.,-99999.,-99999.
107321,7822850,42.225218,-8.748195,0.,15,-99999,-99999.,-99999.,-99999.,-99999.,-99999.,-99999.
107321,7823759,42.225165,-8.748137,0.,15,-99999,-99999.,-99999.,-99999.,-99999.,-99999.,-99999.
107321,7824687,42.225222,-8.748163,0.,15,-99999,-99999.,-99999.,-99999.,-99999.,-99999.,-99999.
107321,7825608,42.2252,-8.74814,0.,15,-99999,-99999.,-99999.,-99999.,-99999.,-99999.,-99999.
107321,7826595,42.225235,-8.748117,0.,15,-99999,-99999.,-99999.,-99999.,-99999.,-99999.,-99999.
107321,7827539,42.225222,-8.748125,0.,15,-99999,-99999.,-99999.,-99999.,-99999.,-99999.,-99999.
107321,7828558,42.225203,-8.748175,0.,15,-99999,-99999.,-99999.,-99999.,-99999.,-99999.,-99999.
107321,7829538,42.225203,-8.74817,0.,15,-99999,-99999.,-99999.,-99999.,-99999.,-99999.,-99999.
107321,7830506,42.22519,-8.748165,0.,15,-99999,-99999.,-99999.,-99999.,-99999.,-99999.,-99999.
107321,7831466,42.225217,-8.748187,0.,15,-99999,-99999.,-99999.,-99999.,-99999.,-99999.,-99999.
107321,7832507,42.225202,-8.748158,0.,15,-99999,-99999.,-99999.,-99999.,-99999.,-99999.,-99999.
107321,7832998,42.2252,-8.748155,0.,15,-99999,-99999.,-99999.,-99999.,-99999.,-99999.,-99999.
107321,7833468,42.225253,-8.748147,0.,15,-99999,-99999.,-99999.,-99999.,-99999.,-99999.,-99999.
107321,7834140,42.225273,-8.748118,0.,15,-99999,-99999.,-99999.,-99999.,-99999.,-99999.,-99999.
107321,7834379,42.225275,-8.748095,0.,15,-99999,-99999.,-99999.,-99999.,-99999.,-99999.,-99999.
107321,7835287,42.225242,-8.748152,0.,15,-99999,-99999.,-99999.,-99999.,-99999.,-99999.,-99999.
107321,7836179,42.225248,-8.7482,0.,15,-99999,-99999.,-99999.,-99999.,-99999.,-99999.,-99999.
107321,7836240,42.225297,-8.748132,0.,15,-99999,-99999.,-99999.,-99999.,-99999.,-99999.,-99999.
107321,7837227,42.225192,-8.748145,0.,15,-99999,-99999.,-99999.,-99999.,-99999.,-99999.,-99999.
107321,7837499,42.225218,-8.748167,0.,15,-99999,-99999.,-99999.,-99999.,-99999.,-99999.,-99999.
107321,7838227,42.225217,-8.748187,0.,15,-99999,-99999.,-99999.,-99999.,-99999.,-99999.,-99999.
107321,7838719,42.225215,-8.74821,0.,15,-99999,-99999.,-99999.,-99999.,-99999.,-99999.,-99999.
107321,7839187,42.2252,-8.748197,0.,15,-99999,-99999.,-99999.,-99999.,-99999.,-99999.,-99999.
107321,7840037,42.225213,-8.748182,0.,15,-99999,-99999.,-99999.,-99999.,-99999.,-99999.,-99999.
107321,7840149,42.225215,-8.748203,0.,15,-99999,-99999.,-99999.,-99999.,-99999.,-99999.,-99999.
107321,7841076,42.225217,-8.748243,0.,15,-99999,-99999.,-99999.,-99999.,-99999.,-99999.,-99999.
107321,7841121,42.225198,-8.748157,0.,15,-99999,-99999.,-99999.,-99999.,-99999.,-99999.,-99999.
107321,7842060,42.225213,-8.748203,0.,15,-99999,-99999.,-99999.,-99999.,-99999.,-99999.,-99999.
107321,7842156,42.22521,-8.748203,0.,15,-99999,-99999.,-99999.,-99999.,-99999.,-99999.,-99999.
107321,7843074,42.225192,-8.748215,0.,15,-99999,-99999.,-99999.,-99999.,-99999.,-99999.,-99999.
107321,7843818,42.225188,-8.748178,0.,15,-99999,-99999.,-99999.,-99999.,-99999.,-99999.,-99999.
107321,7844102,42.225202,-8.748192,0.,15,-99999,-99999.,-99999.,-99999.,-99999.,-99999.,-99999.
107321,7844918,42.22518,-8.748183,0.,15,-99999,-99999.,-99999.,-99999.,-99999.,-99999.,-99999.
107321,7845034,42.225193,-8.748147,0.,15,-99999,-99999.,-99999.,-99999.,-99999.,-99999.,-99999.
107321,7846138,42.225142,-8.748157,0.,15,-99999,-99999.,-99999.,-99999.,-99999.,-99999.,-99999.
107321,7846970,42.22523,-8.748163,0.,15,-99999,-99999.,-99999.,-99999.,-99999.,-99999.,-99999.
107321,7847118,42.225203,-8.748147,0.,15,-99999,-99999.,-99999.,-99999.,-99999.,-99999.,-99999.
107321,7847927,42.225192,-8.748163,0.,15,-99999,-99999.,-99999.,-99999.,-99999.,-99999.,-99999.
107321,7848928,42.225167,-8.74819,0.,15,-99999,-99999.,-99999.,-99999.,-99999.,-99999.,-99999.
107321,7849901,42.225187,-8.748152,0.,15,-99999,-99999.,-99999.,-99999.,-99999.,-99999.,-99999.
107321,7850077,42.225208,-8.748182,0.,15,-99999,-99999.,-99999.,-99999.,-99999.,-99999.,-99999.
107321,7850805,42.225207,-8.748152,0.,15,-99999,-99999.,-99999.,-99999.,-99999.,-99999.,-99999.
107321,7851810,42.225187,-8.74816,0.,15,-99999,-99999.,-99999.,-99999.,-99999.,-99999.,-99999.
107321,7852758,42.22519,-8.748137,0.,15,-99999,-99999.,-99999.,-99999.,-99999.,-99999.,-99999.
107321,7853686,42.225225,-8.748145,0.,15,-99999,-99999.,-99999.,-99999.,-99999.,-99999.,-99999.
107321,7854668,42.22521,-8.74815,0.,15,-99999,-99999.,-99999.,-99999.,-99999.,-99999.,-99999.
107321,7855635,42.225167,-8.748108,0.,15,-99999,-99999.,-99999.,-99999.,-99999.,-99999.,-99999.
107321,7856555,42.225212,-8.748175,0.,15,-99999,-99999.,-99999.,-99999.,-99999.,-99999.,-99999.
107321,7857059,42.225192,-8.74812,0.,15,-99999,-99999.,-99999.,-99999.,-99999.,-99999.,-99999.
107321,7857549,42.225218,-8.748122,0.,15,-99999,-99999.,-99999.,-99999.,-99999.,-99999.,-99999.
107321,7858469,42.225195,-8.748153,0.,15,-99999,-99999.,-99999.,-99999.,-99999.,-99999.,-99999.
107321,7859428,42.225202,-8.748142,0.,15,-99999,-99999.,-99999.,-99999.,-99999.,-99999.,-99999.
107321,7860388,42.225192,-8.74816,0.,15,-99999,-99999.,-99999.,-99999.,-99999.,-99999.,-99999.
107321,7861349,42.225208,-8.748153,0.,15,-99999,-99999.,-99999.,-99999.,-99999.,-99999.,-99999.
107321,7862289,42.225213,-8.74815,0.,15,-99999,-99999.,-99999.,-99999.,-99999.,-99999.,-99999.
107321,7863229,42.225232,-8.748162,0.,15,-99999,-99999.,-99999.,-99999.,-99999.,-99999.,-99999.
107321,7864179,42.225213,-8.748168,0.,15,-99999,-99999.,-99999.,-99999.,-99999.,-99999.,-99999.
107321,7864520,42.225218,-8.748143,0.,15,-99999,-99999.,-99999.,-99999.,-99999.,-99999.,-99999.
107321,7865156,42.22518,-8.74816,0.,15,-99999,-99999.,-99999.,-99999.,-99999.,-99999.,-99999.
107321,7866104,42.225227,-8.748152,0.,15,-99999,-99999.,-99999.,-99999.,-99999.,-99999.,-99999.
107321,7867068,42.225208,-8.748135,0.,15,-99999,-99999.,-99999.,-99999.,-99999.,-99999.,-99999.
107321,7868028,42.225177,-8.748162,0.,15,-99999,-99999.,-99999.,-99999.,-99999.,-99999.,-99999.
107321,7868989,42.225222,-8.748168,0.,15,-99999,-99999.,-99999.,-99999.,-99999.,-99999.,-99999.
107321,7870009,42.225188,-8.74813,0.,15,-99999,-99999.,-99999.,-99999.,-99999.,-99999.,-99999.
107321,7870950,42.225193,-8.748137,0.,15,-99999,-99999.,-99999.,-99999.,-99999.,-99999.,-99999.
107321,7871870,42.225203,-8.748132,0.,15,-99999,-99999.,-99999.,-99999.,-99999.,-99999.,-99999.
107321,7872867,42.225155,-8.748173,0.,15,-99999,-99999.,-99999.,-99999.,-99999.,-99999.,-99999.
107321,7873847,42.225182,-8.748123,0.,15,-99999,-99999.,-99999.,-99999.,-99999.,-99999.,-99999.
107321,7874796,42.225208,-8.748135,0.,15,-99999,-99999.,-99999.,-99999.,-99999.,-99999.,-99999.
107321,7875748,42.225165,-8.748167,0.,15,-99999,-99999.,-99999.,-99999.,-99999.,-99999.,-99999.
107321,7876697,42.225202,-8.748182,0.,15,-99999,-99999.,-99999.,-99999.,-99999.,-99999.,-99999.
107321,7877621,42.225183,-8.748207,0.,15,-99999,-99999.,-99999.,-99999.,-99999.,-99999.,-99999.
107321,7879605,42.225202,-8.748148,0.,15,-99999,-99999.,-99999.,-99999.,-99999.,-99999.,-99999.
107321,7880530,42.225213,-8.748138,0.,15,-99999,-99999.,-99999.,-99999.,-99999.,-99999.,-99999.
107321,7881527,42.225143,-8.74818,0.,15,-99999,-99999.,-99999.,-99999.,-99999.,-99999.,-99999.
107321,7882494,42.225202,-8.748158,0.,15,-99999,-99999.,-99999.,-99999.,-99999.,-99999.,-99999.
107321,7883488,42.2252,-8.748128,0.,15,-99999,-99999.,-99999.,-99999.,-99999.,-99999.,-99999.
107321,7884471,42.225212,-8.748133,0.,15,-99999,-99999.,-99999.,-99999.,-99999.,-99999.,-99999.
107321,7885448,42.225222,-8.74814,0.,15,-99999,-99999.,-99999.,-99999.,-99999.,-99999.,-99999.
107321,7886398,42.225208,-8.748107,0.,15,-99999,-99999.,-99999.,-99999.,-99999.,-99999.,-99999.
107321,7887342,42.225198,-8.748135,0.,15,-99999,-99999.,-99999.,-99999.,-99999.,-99999.,-99999.
107321,7888318,42.225195,-8.748118,0.,15,-99999,-99999.,-99999.,-99999.,-99999.,-99999.,-99999.
107321,7889290,42.22519,-8.74815,0.,15,-99999,-99999.,-99999.,-99999.,-99999.,-99999.,-99999.
107321,7890223,42.225203,-8.74814,0.,15,-99999,-99999.,-99999.,-99999.,-99999.,-99999.,-99999.
107321,7891188,42.225203,-8.74816,0.,15,-99999,-99999.,-99999.,-99999.,-99999.,-99999.,-99999.
107321,7892156,42.225212,-8.748168,0.,15,-99999,-99999.,-99999.,-99999.,-99999.,-99999.,-99999.
107321,7893106,42.22521,-8.748137,0.,15,-99999,-99999.,-99999.,-99999.,-99999.,-99999.,-99999.
107321,7894100,42.225227,-8.74816,0.,15,-99999,-99999.,-99999.,-99999.,-99999.,-99999.,-99999.
107321,7895069,42.22524,-8.748167,0.,15,-99999,-99999.,-99999.,-99999.,-99999.,-99999.,-99999.
107321,7895989,42.225217,-8.74814,0.,15,-99999,-99999.,-99999.,-99999.,-99999.,-99999.,-99999.
107321,7896969,42.225253,-8.748178,0.,15,-99999,-99999.,-99999.,-99999.,-99999.,-99999.,-99999.
107321,7897946,42.225232,-8.748147,0.,15,-99999,-99999.,-99999.,-99999.,-99999.,-99999.,-99999.
107321,7898919,42.225245,-8.748132,0.,15,-99999,-99999.,-99999.,-99999.,-99999.,-99999.,-99999.
107321,7899879,42.225245,-8.748133,0.,15,-99999,-99999.,-99999.,-99999.,-99999.,-99999.,-99999.
107321,7900828,42.225227,-8.748167,0.,15,-99999,-99999.,-99999.,-99999.,-99999.,-99999.,-99999.
107321,7901788,42.225242,-8.74816,0.,15,-99999,-99999.,-99999.,-99999.,-99999.,-99999.,-99999.
107321,7902740,42.22522,-8.748147,0.,15,-99999,-99999.,-99999.,-99999.,-99999.,-99999.,-99999.
107321,7903668,42.225205,-8.748177,0.,15,-99999,-99999.,-99999.,-99999.,-99999.,-99999.,-99999.
107321,7904616,42.22521,-8.748135,0.,15,-99999,-99999.,-99999.,-99999.,-99999.,-99999.,-99999.
107321,7905529,42.225227,-8.74815,0.,15,-99999,-99999.,-99999.,-99999.,-99999.,-99999.,-99999.
107321,7906496,42.22521,-8.748143,0.,15,-99999,-99999.,-99999.,-99999.,-99999.,-99999.,-99999.
107321,7907448,42.22521,-8.748163,0.,15,-99999,-99999.,-99999.,-99999.,-99999.,-99999.,-99999.
107321,7908397,42.225158,-8.748178,0.,15,-99999,-99999.,-99999.,-99999.,-99999.,-99999.,-99999.
107321,7909309,42.22522,-8.748178,0.,15,-99999,-99999.,-99999.,-99999.,-99999.,-99999.,-99999.
107321,7910309,42.225217,-8.74817,0.,15,-99999,-99999.,-99999.,-99999.,-99999.,-99999.,-99999.
107321,7911270,42.2252,-8.748152,0.,15,-99999,-99999.,-99999.,-99999.,-99999.,-99999.,-99999.
107321,7912230,42.225223,-8.748123,0.,15,-99999,-99999.,-99999.,-99999.,-99999.,-99999.,-99999.
107321,7913190,42.225207,-8.748125,0.,15,-99999,-99999.,-99999.,-99999.,-99999.,-99999.,-99999.
107321,7914146,42.225223,-8.748182,0.,15,-99999,-99999.,-99999.,-99999.,-99999.,-99999.,-99999.
107321,7915110,42.22518,-8.74818,0.,15,-99999,-99999.,-99999.,-99999.,-99999.,-99999.,-99999.
107321,7916072,42.22527,-8.748158,0.,15,-99999,-99999.,-99999.,-99999.,-99999.,-99999.,-99999.
107321,7917048,42.225198,-8.748137,0.,15,-99999,-99999.,-99999.,-99999.,-99999.,-99999.,-99999.
107321,7917997,42.225228,-8.748145,0.,15,-99999,-99999.,-99999.,-99999.,-99999.,-99999.,-99999.
107321,7918947,42.225208,-8.748128,0.,15,-99999,-99999.,-99999.,-99999.,-99999.,-99999.,-99999.
107321,7919900,42.225228,-8.74814,0.,15,-99999,-99999.,-99999.,-99999.,-99999.,-99999.,-99999.
107321,7920820,42.22523,-8.748145,0.,15,-99999,-99999.,-99999.,-99999.,-99999.,-99999.,-99999.
107321,7921829,42.225265,-8.748148,0.,15,-99999,-99999.,-99999.,-99999.,-99999.,-99999.,-99999.
107321,7922790,42.225255,-8.748163,0.,15,-99999,-99999.,-99999.,-99999.,-99999.,-99999.,-99999.
107321,7923703,42.225227,-8.748185,0.,15,-99999,-99999.,-99999.,-99999.,-99999.,-99999.,-99999.
107321,7924679,42.225202,-8.748178,0.,15,-99999,-99999.,-99999.,-99999.,-99999.,-99999.,-99999.
107321,7925648,42.225227,-8.748183,0.,15,-99999,-99999.,-99999.,-99999.,-99999.,-99999.,-99999.
107321,7926584,42.22519,-8.748175,0.,15,-99999,-99999.,-99999.,-99999.,-99999.,-99999.,-99999.
107321,7927568,42.2252,-8.748167,0.,15,-99999,-99999.,-99999.,-99999.,-99999.,-99999.,-99999.
107321,7928588,42.225175,-8.74817,0.,15,-99999,-99999.,-99999.,-99999.,-99999.,-99999.,-99999.
107321,7929540,42.225222,-8.748213,0.,15,-99999,-99999.,-99999.,-99999.,-99999.,-99999.,-99999.
107321,7930488,42.225177,-8.748177,0.,15,-99999,-99999.,-99999.,-99999.,-99999.,-99999.,-99999.
107321,7931450,42.225197,-8.748132,0.,15,-99999,-99999.,-99999.,-99999.,-99999.,-99999.,-99999.
107321,7932388,42.225193,-8.748203,0.,15,-99999,-99999.,-99999.,-99999.,-99999.,-99999.,-99999.
107321,7933329,42.225172,-8.748177,0.,15,-99999,-99999.,-99999.,-99999.,-99999.,-99999.,-99999.
107321,7934288,42.225188,-8.748165,0.,15,-99999,-99999.,-99999.,-99999.,-99999.,-99999.,-99999.
107321,7935226,42.225193,-8.748188,0.,15,-99999,-99999.,-99999.,-99999.,-99999.,-99999.,-99999.
107321,7936131,42.225208,-8.748163,0.,15,-99999,-99999.,-99999.,-99999.,-99999.,-99999.,-99999.